[
  {
    "className": "composit"
  },
  {
    "size": [2048.0,256.0]
  },
  {
    "airfield": [
      {
        "start": [800.0,0.0,-10.0]
      },
      {
        "end": [-835.0,0.0,-10.0]
      },
      {
        "width": 140.0
      },
      {
        "spawn": [670.0,0.0,0.0]
      },
      {
        "spawn": [670.0,0.0,20.0]
      },
      {
        "spawn": [670.0,0.0,-20.0]
      },
      {
        "spawn": [650.0,0.0,0.0]
      },
      {
        "spawn": [650.0,0.0,20.0]
      },
      {
        "spawn": [650.0,0.0,-20.0]
      },
      {
        "spawn": [630.0,0.0,0.0]
      },
      {
        "spawn": [630.0,0.0,20.0]
      },
      {
        "spawn": [630.0,0.0,-20.0]
      },
      {
        "spawn": [610.0,0.0,0.0]
      },
      {
        "spawn": [610.0,0.0,20.0]
      },
      {
        "spawn": [610.0,0.0,-20.0]
      },
      {
        "spawn": [670.0,0.0,40.0]
      },
      {
        "spawn": [650.0,0.0,40.0]
      },
      {
        "spawn": [630.0,0.0,40.0]
      },
      {
        "spawn": [670.0,0.0,-40.0]
      },
      {
        "spawn": [650.0,0.0,-40.0]
      },
      {
        "spawn": [630.0,0.0,-40.0]
      },
      {
        "repairTags": {
          "type_attack_helicopter": false,
          "type_utility_helicopter": false
        }
      }
    ]
  },
  {
    "storage": {
      "end": [-240.0,0.0,-180.0],
      "start": [-95.0,0.0,-180.0],
      "width": 115.0
    }
  },
  {
    "parking": {
      "end": [-10.0,0.0,-260.0],
      "start": [560.0,0.0,-260.0],
      "width": 180.0
    }
  },
  {
    "dwelling": {
      "end": [-400.0,0.0,210.0],
      "start": [260.0,0.0,210.0],
      "width": 210.0
    }
  },
  {
    "node": {
      "name": "^^dynaf_universal_1line_c_big_mesh",
      "tm": [
        [1.0,0.0,0.0],
        [0.0,1.0,0.0],
        [0.0,0.0,1.0],
        [0.0,0.0,0.0]
      ]
    }
  },
  {
    "node": {
      "name": "+NoTreesBox000",
      "tm": [
        [2000.0,0.0,0.0],
        [0.0,15.0,0.0],
        [0.0,0.0,313.0],
        [26.0,0.0,-2.0]
      ]
    }
  },
  {
    "node": {
      "name": "+NoTreesBox001",
      "tm": [
        [547.0,0.0,0.0],
        [0.0,15.0,0.0],
        [0.0,0.0,182.0],
        [265.0,0.0,-242.0]
      ]
    }
  },
  {
    "node": {
      "name": "+NoTreesBox002",
      "tm": [
        [458.0,0.0,0.0],
        [0.0,15.0,0.0],
        [0.0,0.0,198.0],
        [520.0,0.0,239.0]
      ]
    }
  },
  {
    "node": {
      "name": "gaz_m1_a",
      "tm": [
        [1.0,0.0,0.0],
        [0.0,1.0,0.0],
        [0.0,0.0,1.0],
        [13.4859,0.0,-218.117]
      ]
    }
  },
  {
    "node": {
      "name": "gaz67_a",
      "tm": [
        [0.996195,0.0,0.0871557],
        [0.0,1.0,0.0],
        [-0.0871557,0.0,0.996195],
        [429.933,0.0,285.253]
      ]
    }
  },
  {
    "node": {
      "name": "gaz67_a",
      "tm": [
        [1.0,0.0,0.0],
        [0.0,1.0,0.0],
        [0.0,0.0,1.0],
        [-17.6975,0.0,227.295]
      ]
    }
  },
  {
    "node": {
      "name": "gaz67_a",
      "tm": [
        [1.0,0.0,0.0],
        [0.0,1.0,0.0],
        [0.0,0.0,1.0],
        [9.2107,0.0,-217.577]
      ]
    }
  },
  {
    "node": {
      "name": "gaz_m1_a",
      "tm": [
        [1.0,0.0,0.0],
        [0.0,1.0,0.0],
        [0.0,0.0,1.0],
        [432.001,0.0,288.733]
      ]
    }
  },
  {
    "node": {
      "name": "zis5_a",
      "tm": [
        [0.0871557,0.0,0.996195],
        [0.0,1.0,0.0],
        [-0.996195,0.0,0.0871557],
        [-353.061,0.0,166.394]
      ]
    }
  },
  {
    "node": {
      "name": "zis5_a",
      "tm": [
        [-0.139173,0.0,0.990268],
        [0.0,1.0,0.0],
        [-0.990268,0.0,-0.139173],
        [-126.815,0.0,-170.953]
      ]
    }
  },
  {
    "node": {
      "name": "zis5_a",
      "tm": [
        [0.996195,0.0,0.0871557],
        [0.0,1.0,0.0],
        [-0.0871557,0.0,0.996195],
        [-125.194,0.0,274.931]
      ]
    }
  },
  {
    "node": {
      "name": "zis5_a",
      "tm": [
        [1.0,0.0,0.0],
        [0.0,1.0,0.0],
        [0.0,0.0,1.0],
        [-15.6905,0.0,221.561]
      ]
    }
  },
  {
    "node": {
      "name": "zis5_a",
      "tm": [
        [0.984808,0.0,0.173648],
        [0.0,1.0,0.0],
        [-0.173648,0.0,0.984808],
        [238.877,0.0,187.643]
      ]
    }
  },
  {
    "node": {
      "name": "zis5_a",
      "tm": [
        [0.258819,0.0,-0.965926],
        [0.0,1.0,0.0],
        [0.965926,0.0,0.258819],
        [634.239,0.0,-227.144]
      ]
    }
  },
  {
    "node": {
      "name": "zis5_tent_a",
      "tm": [
        [0.0871557,0.0,0.996195],
        [0.0,1.0,0.0],
        [-0.996195,0.0,0.0871557],
        [-360.601,0.0,166.098]
      ]
    }
  },
  {
    "node": {
      "name": "zis5_tent_a",
      "tm": [
        [1.0,0.0,0.0],
        [0.0,1.0,0.0],
        [0.0,0.0,1.0],
        [-124.521,0.0,268.709]
      ]
    }
  },
  {
    "node": {
      "name": "zis5_tent_a",
      "tm": [
        [-0.258819,0.0,0.965926],
        [0.0,1.0,0.0],
        [-0.965926,0.0,-0.258819],
        [626.968,0.0,-228.453]
      ]
    }
  },
  {
    "node": {
      "name": "zis6_fuel_a",
      "tm": [
        [-0.996195,0.0,-0.0871559],
        [0.0,1.0,0.0],
        [0.0871559,0.0,-0.996195],
        [-143.811,0.0,-188.776]
      ]
    }
  },
  {
    "node": {
      "name": "universal_airfield_shed_a",
      "tm": [
        [1.0,0.0,0.0],
        [0.0,1.0,0.0],
        [0.0,0.0,1.0],
        [-143.091,0.0,133.762]
      ]
    }
  },
  {
    "node": {
      "name": "universal_airfield_tent_b",
      "tm": [
        [1.0,0.0,0.0],
        [0.0,1.0,0.0],
        [0.0,0.0,1.0],
        [-114.221,0.0,210.036]
      ]
    }
  },
  {
    "node": {
      "name": "universal_airfield_table_a",
      "tm": [
        [1.0,0.0,0.0],
        [0.0,1.0,0.0],
        [0.0,0.0,1.0],
        [-114.32,0.0,210.036]
      ]
    }
  },
  {
    "node": {
      "name": "universal_airfield_table_a",
      "tm": [
        [-0.0871556,0.0,0.996195],
        [0.0,1.0,0.0],
        [-0.996195,0.0,-0.0871556],
        [-48.7553,0.0,280.233]
      ]
    }
  },
  {
    "node": {
      "name": "universal_airfield_tent_b",
      "tm": [
        [-0.0871556,0.0,0.996195],
        [0.0,1.0,0.0],
        [-0.996195,0.0,-0.0871556],
        [-48.7639,0.0,280.332]
      ]
    }
  },
  {
    "node": {
      "name": "universal_airfield_table_a",
      "tm": [
        [0.766045,0.0,0.642788],
        [0.0,1.0,0.0],
        [-0.642788,0.0,0.766045],
        [425.192,0.0,261.188]
      ]
    }
  },
  {
    "node": {
      "name": "universal_airfield_tent_b",
      "tm": [
        [0.766045,0.0,0.642788],
        [0.0,1.0,0.0],
        [-0.642788,0.0,0.766045],
        [425.268,0.0,261.252]
      ]
    }
  },
  {
    "node": {
      "name": "universal_airfield_barrack_c",
      "tm": [
        [0.819152,0.0,0.573576],
        [0.0,1.0,0.0],
        [-0.573576,0.0,0.819152],
        [-512.227,0.256334,-280.218]
      ]
    }
  },
  {
    "node": {
      "name": "universal_airfield_shed_a",
      "tm": [
        [-0.707107,0.0,-0.707107],
        [0.0,1.0,0.0],
        [0.707107,0.0,-0.707107],
        [-481.371,0.0,-282.694]
      ]
    }
  },
  {
    "node": {
      "name": "universal_airfield_tent_a",
      "tm": [
        [0.965926,0.0,-0.258819],
        [0.0,1.0,0.0],
        [0.258819,0.0,0.965926],
        [61.7195,0.0,-230.64]
      ]
    }
  },
  {
    "node": {
      "name": "universal_airfield_tent_g",
      "tm": [
        [1.0,0.0,0.0],
        [0.0,1.0,0.0],
        [0.0,0.0,1.0],
        [31.4201,0.0,-224.766]
      ]
    }
  },
  {
    "node": {
      "name": "universal_airfield_tent_c",
      "tm": [
        [-0.984808,0.0,-0.173648],
        [0.0,1.0,0.0],
        [0.173648,0.0,-0.984808],
        [61.6039,0.0,-210.545]
      ]
    }
  },
  {
    "node": {
      "name": "universal_airfield_barrack_a",
      "tm": [
        [-0.939693,0.0,0.34202],
        [0.0,1.0,0.0],
        [-0.34202,0.0,-0.939693],
        [488.529,0.0,-257.404]
      ]
    }
  },
  {
    "node": {
      "name": "universal_airfield_barrack_e",
      "tm": [
        [-0.965926,0.0,0.258819],
        [0.0,1.0,0.0],
        [-0.258819,0.0,-0.965926],
        [514.611,0.0,-265.602]
      ]
    }
  },
  {
    "node": {
      "name": "universal_airfield_barrack_e",
      "tm": [
        [-0.965926,0.0,0.258819],
        [0.0,1.0,0.0],
        [-0.258819,0.0,-0.965926],
        [539.819,0.0,-272.971]
      ]
    }
  },
  {
    "node": {
      "name": "universal_airfield_barrack_c",
      "tm": [
        [0.0871558,0.0,-0.996195],
        [0.0,1.0,0.0],
        [0.996195,0.0,0.0871558],
        [608.379,0.307211,-228.338]
      ]
    }
  },
  {
    "node": {
      "name": "universal_airfield_barrack_b",
      "tm": [
        [0.984808,0.0,0.173648],
        [0.0,1.0,0.0],
        [-0.173648,0.0,0.984808],
        [647.193,0.0,-222.376]
      ]
    }
  },
  {
    "node": {
      "name": "universal_airfield_barrack_g",
      "tm": [
        [0.173648,0.0,-0.984808],
        [0.0,1.0,0.0],
        [0.984808,0.0,0.173648],
        [631.154,0.0,-216.492]
      ]
    }
  },
  {
    "node": {
      "name": "universal_airfield_barrack_f",
      "tm": [
        [0.642788,0.0,-0.766044],
        [0.0,1.0,0.0],
        [0.766044,0.0,0.642788],
        [835.73,0.0,-247.637]
      ]
    }
  },
  {
    "node": {
      "name": "universal_airfield_barrack_c",
      "tm": [
        [1.0,0.0,0.0],
        [0.0,1.0,0.0],
        [0.0,0.0,1.0],
        [579.72,0.0,201.892]
      ]
    }
  },
  {
    "node": {
      "name": "universal_airfield_shed_a",
      "tm": [
        [-0.996195,0.0,-0.0871562],
        [0.0,1.0,0.0],
        [0.0871562,0.0,-0.996195],
        [508.609,0.0,208.759]
      ]
    }
  },
  {
    "node": {
      "name": "universal_airfield_barrack_a",
      "tm": [
        [-1.0,0.0,1.50996e-07],
        [0.0,1.0,0.0],
        [-1.50996e-07,0.0,-1.0],
        [218.887,0.0,192.128]
      ]
    }
  },
  {
    "node": {
      "name": "universal_airfield_barrack_e",
      "tm": [
        [1.0,0.0,0.0],
        [0.0,1.0,0.0],
        [0.0,0.0,1.0],
        [175.634,0.0,228.581]
      ]
    }
  },
  {
    "node": {
      "name": "universal_airfield_barrack_e",
      "tm": [
        [1.0,0.0,0.0],
        [0.0,1.0,0.0],
        [0.0,0.0,1.0],
        [197.825,0.0,229.354]
      ]
    }
  },
  {
    "node": {
      "name": "universal_airfield_barrack_b",
      "tm": [
        [1.0,0.0,0.0],
        [0.0,1.0,0.0],
        [0.0,0.0,1.0],
        [-139.292,0.0,260.997]
      ]
    }
  },
  {
    "node": {
      "name": "universal_airfield_barrack_f",
      "tm": [
        [-4.37114e-08,0.0,1.0],
        [0.0,1.0,0.0],
        [-1.0,0.0,-4.37114e-08],
        [-120.474,0.0,295.884]
      ]
    }
  },
  {
    "node": {
      "name": "universal_airfield_barrack_d",
      "tm": [
        [-4.37114e-08,0.0,1.0],
        [0.0,1.0,0.0],
        [-1.0,0.0,-4.37114e-08],
        [-340.219,0.0,180.514]
      ]
    }
  },
  {
    "node": {
      "name": "universal_airfield_barrack_e",
      "tm": [
        [1.0,0.0,0.0],
        [0.0,1.0,0.0],
        [0.0,0.0,1.0],
        [-363.043,0.0,210.663]
      ]
    }
  },
  {
    "node": {
      "name": "universal_airfield_shed_a",
      "tm": [
        [0.258819,0.0,0.965926],
        [0.0,1.0,0.0],
        [-0.965926,0.0,0.258819],
        [-316.201,0.0,208.533]
      ]
    }
  },
  {
    "node": {
      "name": "universal_airfield_tent_d",
      "tm": [
        [-0.0871556,0.0,0.996195],
        [0.0,1.0,0.0],
        [-0.996195,0.0,-0.0871556],
        [-85.5383,0.0,134.439]
      ]
    }
  },
  {
    "node": {
      "name": "universal_airfield_tent_d",
      "tm": [
        [0.996195,0.0,0.0871556],
        [0.0,1.0,0.0],
        [-0.0871556,0.0,0.996195],
        [-87.8777,0.0,154.184]
      ]
    }
  },
  {
    "node": {
      "name": "universal_airfield_tent_d",
      "tm": [
        [0.965926,0.0,-0.258819],
        [0.0,1.0,0.0],
        [0.258819,0.0,0.965926],
        [-118.249,0.0,136.929]
      ]
    }
  },
  {
    "node": {
      "name": "universal_airfield_tent_d",
      "tm": [
        [0.965926,0.0,-0.258819],
        [0.0,1.0,0.0],
        [0.258819,0.0,0.965926],
        [-139.954,0.0,153.169]
      ]
    }
  },
  {
    "node": {
      "name": "universal_airfield_tent_d",
      "tm": [
        [0.819152,0.0,0.573576],
        [0.0,1.0,0.0],
        [-0.573576,0.0,0.819152],
        [-160.108,0.0,166.847]
      ]
    }
  },
  {
    "node": {
      "name": "universal_airfield_tent_d",
      "tm": [
        [1.94707e-07,0.0,1.0],
        [0.0,1.0,0.0],
        [-1.0,0.0,1.94707e-07],
        [-66.1931,0.0,176.787]
      ]
    }
  },
  {
    "node": {
      "name": "universal_airfield_tent_d",
      "tm": [
        [-4.37114e-08,0.0,-1.0],
        [0.0,1.0,0.0],
        [1.0,0.0,-4.37114e-08],
        [-43.0744,0.0,184.083]
      ]
    }
  },
  {
    "node": {
      "name": "universal_airfield_tent_d",
      "tm": [
        [0.258819,0.0,-0.965926],
        [0.0,1.0,0.0],
        [0.965926,0.0,0.258819],
        [-68.5905,0.0,237.025]
      ]
    }
  },
  {
    "node": {
      "name": "universal_airfield_tent_d",
      "tm": [
        [0.0871558,0.0,-0.996195],
        [0.0,1.0,0.0],
        [0.996195,0.0,0.0871558],
        [-14.457,0.0,247.862]
      ]
    }
  },
  {
    "node": {
      "name": "universal_airfield_tent_d",
      "tm": [
        [0.866025,0.0,-0.5],
        [0.0,1.0,0.0],
        [0.5,0.0,0.866025],
        [-35.6231,0.0,262.371]
      ]
    }
  },
  {
    "node": {
      "name": "universal_airfield_tent_d",
      "tm": [
        [0.819152,0.0,-0.573576],
        [0.0,1.0,0.0],
        [0.573576,0.0,0.819152],
        [-6.60019,0.0,286.538]
      ]
    }
  },
  {
    "node": {
      "name": "universal_airfield_tent_d",
      "tm": [
        [-0.0871556,0.0,-0.996195],
        [0.0,1.0,0.0],
        [0.996195,0.0,-0.0871556],
        [-32.2552,0.0,300.312]
      ]
    }
  },
  {
    "node": {
      "name": "universal_airfield_tent_d",
      "tm": [
        [7.54979e-08,0.0,-1.0],
        [0.0,1.0,0.0],
        [1.0,0.0,7.54979e-08],
        [-67.6462,0.0,281.166]
      ]
    }
  },
  {
    "node": {
      "name": "universal_airfield_tent_e",
      "tm": [
        [0.996195,0.0,0.0871557],
        [0.0,1.0,0.0],
        [-0.0871557,0.0,0.996195],
        [-65.8099,0.0,137.865]
      ]
    }
  },
  {
    "node": {
      "name": "universal_airfield_tent_e",
      "tm": [
        [-0.965926,0.0,0.258819],
        [0.0,1.0,0.0],
        [-0.258819,0.0,-0.965926],
        [-42.177,0.0,136.109]
      ]
    }
  },
  {
    "node": {
      "name": "universal_airfield_tent_e",
      "tm": [
        [7.54979e-08,0.0,1.0],
        [0.0,1.0,0.0],
        [-1.0,0.0,7.54979e-08],
        [-66.8279,0.0,154.082]
      ]
    }
  },
  {
    "node": {
      "name": "universal_airfield_tent_e",
      "tm": [
        [-0.996195,0.0,-0.0871556],
        [0.0,1.0,0.0],
        [0.0871556,0.0,-0.996195],
        [-86.3547,0.0,171.947]
      ]
    }
  },
  {
    "node": {
      "name": "universal_airfield_tent_e",
      "tm": [
        [7.54979e-08,0.0,1.0],
        [0.0,1.0,0.0],
        [-1.0,0.0,7.54979e-08],
        [-118.471,0.0,162.701]
      ]
    }
  },
  {
    "node": {
      "name": "universal_airfield_tent_e",
      "tm": [
        [-0.5,0.0,0.866025],
        [0.0,1.0,0.0],
        [-0.866025,0.0,-0.5],
        [-155.636,0.0,178.755]
      ]
    }
  },
  {
    "node": {
      "name": "universal_airfield_tent_e",
      "tm": [
        [-0.422618,0.0,0.906308],
        [0.0,1.0,0.0],
        [-0.906308,0.0,-0.422618],
        [-141.436,0.0,205.641]
      ]
    }
  },
  {
    "node": {
      "name": "universal_airfield_tent_e",
      "tm": [
        [-1.0,0.0,-8.74228e-08],
        [0.0,1.0,0.0],
        [8.74228e-08,0.0,-1.0],
        [-85.8805,0.0,210.463]
      ]
    }
  },
  {
    "node": {
      "name": "universal_airfield_tent_e",
      "tm": [
        [-1.0,0.0,-8.74228e-08],
        [0.0,1.0,0.0],
        [8.74228e-08,0.0,-1.0],
        [-84.1335,0.0,226.35]
      ]
    }
  },
  {
    "node": {
      "name": "universal_airfield_tent_e",
      "tm": [
        [1.0,0.0,1.19209e-07],
        [0.0,1.0,0.0],
        [-1.19209e-07,0.0,1.0],
        [-53.5221,0.0,228.412]
      ]
    }
  },
  {
    "node": {
      "name": "universal_airfield_tent_e",
      "tm": [
        [0.173648,0.0,0.984808],
        [0.0,1.0,0.0],
        [-0.984808,0.0,0.173648],
        [-49.2862,0.0,210.767]
      ]
    }
  },
  {
    "node": {
      "name": "universal_airfield_tent_e",
      "tm": [
        [0.258819,0.0,0.965926],
        [0.0,1.0,0.0],
        [-0.965926,0.0,0.258819],
        [-41.1765,0.0,242.828]
      ]
    }
  },
  {
    "node": {
      "name": "universal_airfield_tent_e",
      "tm": [
        [0.996195,0.0,0.0871558],
        [0.0,1.0,0.0],
        [-0.0871558,0.0,0.996195],
        [-87.3718,0.0,240.251]
      ]
    }
  },
  {
    "node": {
      "name": "universal_airfield_tent_e",
      "tm": [
        [1.94707e-07,0.0,-1.0],
        [0.0,1.0,0.0],
        [1.0,0.0,1.94707e-07],
        [-85.6258,0.0,261.515]
      ]
    }
  },
  {
    "node": {
      "name": "universal_airfield_tent_e",
      "tm": [
        [-0.0871562,0.0,0.996195],
        [0.0,1.0,0.0],
        [-0.996195,0.0,-0.0871562],
        [-88.9629,0.0,282.367]
      ]
    }
  },
  {
    "node": {
      "name": "universal_airfield_tent_e",
      "tm": [
        [0.173648,0.0,0.984808],
        [0.0,1.0,0.0],
        [-0.984808,0.0,0.173648],
        [-85.4613,0.0,306.02]
      ]
    }
  },
  {
    "node": {
      "name": "universal_airfield_tent_e",
      "tm": [
        [-0.0871562,0.0,0.996195],
        [0.0,1.0,0.0],
        [-0.996195,0.0,-0.0871562],
        [-31.7358,0.0,282.39]
      ]
    }
  },
  {
    "node": {
      "name": "universal_airfield_tent_e",
      "tm": [
        [0.173648,0.0,0.984808],
        [0.0,1.0,0.0],
        [-0.984808,0.0,0.173648],
        [-12.3082,0.0,267.184]
      ]
    }
  },
  {
    "node": {
      "name": "universal_airfield_tent_e",
      "tm": [
        [7.54979e-08,0.0,1.0],
        [0.0,1.0,0.0],
        [-1.0,0.0,7.54979e-08],
        [500.125,0.0,236.183]
      ]
    }
  },
  {
    "node": {
      "name": "universal_airfield_tent_e",
      "tm": [
        [-0.984808,0.0,0.173648],
        [0.0,1.0,0.0],
        [-0.173648,0.0,-0.984808],
        [505.422,0.0,227.119]
      ]
    }
  },
  {
    "node": {
      "name": "universal_airfield_tent_f",
      "tm": [
        [1.0,0.0,0.0],
        [0.0,1.0,0.0],
        [0.0,0.0,1.0],
        [-46.8256,0.0,150.725]
      ]
    }
  },
  {
    "node": {
      "name": "universal_airfield_tent_f",
      "tm": [
        [0.0871558,0.0,0.996195],
        [0.0,1.0,0.0],
        [-0.996195,0.0,0.0871558],
        [-52.3066,0.0,166.788]
      ]
    }
  },
  {
    "node": {
      "name": "universal_airfield_tent_f",
      "tm": [
        [0.0871558,0.0,0.996195],
        [0.0,1.0,0.0],
        [-0.996195,0.0,0.0871558],
        [-125.675,0.0,175.699]
      ]
    }
  },
  {
    "node": {
      "name": "universal_airfield_tent_f",
      "tm": [
        [0.766044,0.0,0.642788],
        [0.0,1.0,0.0],
        [-0.642788,0.0,0.766044],
        [-138.384,0.0,177.502]
      ]
    }
  },
  {
    "node": {
      "name": "universal_airfield_tent_f",
      "tm": [
        [0.173648,0.0,0.984808],
        [0.0,1.0,0.0],
        [-0.984808,0.0,0.173648],
        [-130.984,0.0,192.346]
      ]
    }
  },
  {
    "node": {
      "name": "universal_airfield_tent_f",
      "tm": [
        [0.819152,0.0,0.573576],
        [0.0,1.0,0.0],
        [-0.573576,0.0,0.819152],
        [-79.2813,0.0,196.879]
      ]
    }
  },
  {
    "node": {
      "name": "universal_airfield_tent_f",
      "tm": [
        [0.34202,0.0,0.939693],
        [0.0,1.0,0.0],
        [-0.939693,0.0,0.34202],
        [-62.549,0.0,198.605]
      ]
    }
  },
  {
    "node": {
      "name": "universal_airfield_tent_f",
      "tm": [
        [-0.0871556,0.0,0.996195],
        [0.0,1.0,0.0],
        [-0.996195,0.0,-0.0871556],
        [-71.2396,0.0,207.936]
      ]
    }
  },
  {
    "node": {
      "name": "universal_airfield_tent_f",
      "tm": [
        [-0.0871556,0.0,0.996195],
        [0.0,1.0,0.0],
        [-0.996195,0.0,-0.0871556],
        [-70.5702,0.0,296.642]
      ]
    }
  },
  {
    "node": {
      "name": "universal_airfield_tent_f",
      "tm": [
        [-0.939693,0.0,0.34202],
        [0.0,1.0,0.0],
        [-0.34202,0.0,-0.939693],
        [-66.4267,0.0,307.162]
      ]
    }
  },
  {
    "node": {
      "name": "universal_airfield_tent_c",
      "tm": [
        [-0.996195,0.0,0.0871559],
        [0.0,1.0,0.0],
        [-0.0871559,0.0,-0.996195],
        [454.916,0.0,290.885]
      ]
    }
  },
  {
    "node": {
      "name": "universal_airfield_tent_a",
      "tm": [
        [-0.707107,0.0,0.707107],
        [0.0,1.0,0.0],
        [-0.707107,0.0,-0.707107],
        [457.078,0.0,237.243]
      ]
    }
  },
  {
    "node": {
      "name": "universal_airfield_tent_g",
      "tm": [
        [0.866025,0.0,-0.5],
        [0.0,1.0,0.0],
        [0.5,0.0,0.866025],
        [450.647,0.0,271.533]
      ]
    }
  },
  {
    "node": {
      "name": "universal_airfield_tent_i",
      "tm": [
        [1.0,0.0,0.0],
        [0.0,1.0,0.0],
        [0.0,0.0,1.0],
        [-85.6714,0.0,144.031]
      ]
    }
  },
  {
    "node": {
      "name": "universal_airfield_tent_i",
      "tm": [
        [0.984808,0.0,0.173648],
        [0.0,1.0,0.0],
        [-0.173648,0.0,0.984808],
        [-84.5755,0.0,162.907]
      ]
    }
  },
  {
    "node": {
      "name": "universal_airfield_tent_i",
      "tm": [
        [0.573576,0.0,-0.819152],
        [0.0,1.0,0.0],
        [0.819152,0.0,0.573576],
        [-56.2761,0.0,179.171]
      ]
    }
  },
  {
    "node": {
      "name": "universal_airfield_tent_i",
      "tm": [
        [0.996195,0.0,-0.0871558],
        [0.0,1.0,0.0],
        [0.0871558,0.0,0.996195],
        [-115.918,0.0,193.554]
      ]
    }
  },
  {
    "node": {
      "name": "universal_airfield_tent_i",
      "tm": [
        [0.996195,0.0,-0.0871558],
        [0.0,1.0,0.0],
        [0.0871558,0.0,0.996195],
        [-117.799,0.0,185.315]
      ]
    }
  },
  {
    "node": {
      "name": "universal_airfield_tent_i",
      "tm": [
        [0.996195,0.0,-0.0871558],
        [0.0,1.0,0.0],
        [0.0871558,0.0,0.996195],
        [-44.3769,0.0,220.837]
      ]
    }
  },
  {
    "node": {
      "name": "universal_airfield_tent_i",
      "tm": [
        [0.258819,0.0,0.965926],
        [0.0,1.0,0.0],
        [-0.965926,0.0,0.258819],
        [-45.0316,0.0,252.615]
      ]
    }
  },
  {
    "node": {
      "name": "universal_airfield_tent_i",
      "tm": [
        [0.984808,0.0,0.173648],
        [0.0,1.0,0.0],
        [-0.173648,0.0,0.984808],
        [-52.7758,0.0,289.334]
      ]
    }
  },
  {
    "node": {
      "name": "universal_airfield_tent_i",
      "tm": [
        [0.984808,0.0,0.173648],
        [0.0,1.0,0.0],
        [-0.173648,0.0,0.984808],
        [-44.3912,0.0,268.829]
      ]
    }
  },
  {
    "node": {
      "name": "universal_airfield_tent_i",
      "tm": [
        [1.0,0.0,-1.49012e-07],
        [0.0,1.0,0.0],
        [1.49012e-07,0.0,1.0],
        [-80.8919,0.0,217.828]
      ]
    }
  },
  {
    "node": {
      "name": "universal_airfield_tent_i",
      "tm": [
        [-0.996195,0.0,-0.0871553],
        [0.0,1.0,0.0],
        [0.0871553,0.0,-0.996195],
        [-84.6679,0.0,248.091]
      ]
    }
  },
  {
    "node": {
      "name": "universal_airfield_tent_i",
      "tm": [
        [-0.996195,0.0,-0.0871553],
        [0.0,1.0,0.0],
        [0.0871553,0.0,-0.996195],
        [-16.9105,0.0,256.296]
      ]
    }
  },
  {
    "node": {
      "name": "universal_airfield_tent_i",
      "tm": [
        [0.5,0.0,0.866025],
        [0.0,1.0,0.0],
        [-0.866025,0.0,0.5],
        [-6.45898,0.0,274.948]
      ]
    }
  },
  {
    "node": {
      "name": "universal_airfield_tent_d",
      "tm": [
        [-0.342021,0.0,0.939692],
        [0.0,1.0,0.0],
        [-0.939692,0.0,-0.342021],
        [-55.5602,0.0,239.868]
      ]
    }
  },
  {
    "node": {
      "name": "universal_airfield_tent_d",
      "tm": [
        [0.5,0.0,-0.866025],
        [0.0,1.0,0.0],
        [0.866025,0.0,0.5],
        [-64.7363,0.0,249.015]
      ]
    }
  },
  {
    "node": {
      "name": "universal_airfield_tent_e",
      "tm": [
        [-0.5,0.0,0.866025],
        [0.0,1.0,0.0],
        [-0.866025,0.0,-0.5],
        [-155.302,0.0,153.015]
      ]
    }
  },
  {
    "node": {
      "name": "universal_airfield_tent_e",
      "tm": [
        [0.766044,0.0,-0.642788],
        [0.0,1.0,0.0],
        [0.642788,0.0,0.766044],
        [-144.103,0.0,168.026]
      ]
    }
  },
  {
    "node": {
      "name": "universal_airfield_tent_d",
      "tm": [
        [0.0871556,0.0,-0.996195],
        [0.0,1.0,0.0],
        [0.996195,0.0,0.0871556],
        [-119.773,0.0,147.964]
      ]
    }
  },
  {
    "node": {
      "name": "universal_airfield_tent_f",
      "tm": [
        [-0.0871556,0.0,0.996195],
        [0.0,1.0,0.0],
        [-0.996195,0.0,-0.0871556],
        [-72.6744,0.0,265.226]
      ]
    }
  },
  {
    "node": {
      "name": "universal_airfield_tent_f",
      "tm": [
        [-0.766044,0.0,0.642788],
        [0.0,1.0,0.0],
        [-0.642788,0.0,-0.766044],
        [-62.5256,0.0,268.606]
      ]
    }
  },
  {
    "node": {
      "name": "universal_airfield_tent_f",
      "tm": [
        [0.34202,0.0,0.939693],
        [0.0,1.0,0.0],
        [-0.939693,0.0,0.34202],
        [-58.804,0.0,257.378]
      ]
    }
  },
  {
    "node": {
      "name": "universal_airfield_tent_c",
      "tm": [
        [-0.866025,0.0,0.5],
        [0.0,1.0,0.0],
        [-0.5,0.0,-0.866025],
        [-28.8626,0.0,192.85]
      ]
    }
  },
  {
    "node": {
      "name": "universal_airfield_table_a",
      "tm": [
        [-0.766044,0.0,0.642788],
        [0.0,1.0,0.0],
        [-0.642788,0.0,-0.766044],
        [-22.114,0.0,208.444]
      ]
    }
  },
  {
    "node": {
      "name": "universal_airfield_tent_b",
      "tm": [
        [-0.766044,0.0,0.642788],
        [0.0,1.0,0.0],
        [-0.642788,0.0,-0.766044],
        [-22.1896,0.0,208.507]
      ]
    }
  },
  {
    "node": {
      "name": "universal_airfield_table_a",
      "tm": [
        [0.5,0.0,0.866025],
        [0.0,1.0,0.0],
        [-0.866025,0.0,0.5],
        [-65.0864,0.0,219.084]
      ]
    }
  },
  {
    "node": {
      "name": "universal_airfield_tent_b",
      "tm": [
        [0.5,0.0,0.866025],
        [0.0,1.0,0.0],
        [-0.866025,0.0,0.5],
        [-65.037,0.0,219.169]
      ]
    }
  },
  {
    "node": {
      "name": "universal_airfield_hangar_a",
      "tm": [
        [0.996195,0.0,0.0871557],
        [0.0,1.0,0.0],
        [-0.0871557,0.0,0.996195],
        [126.896,0.0,-217.088]
      ]
    }
  },
  {
    "node": {
      "name": "universal_airfield_hangar_a",
      "tm": [
        [0.996195,0.0,0.0871557],
        [0.0,1.0,0.0],
        [-0.0871557,0.0,0.996195],
        [199.773,0.0,-209.212]
      ]
    }
  },
  {
    "node": {
      "name": "universal_airfield_hangar_a",
      "tm": [
        [-0.996195,0.0,-0.0871558],
        [0.0,1.0,0.0],
        [0.0871558,0.0,-0.996195],
        [294.117,0.0,-311.093]
      ]
    }
  },
  {
    "node": {
      "name": "universal_airfield_hangar_a",
      "tm": [
        [-0.996195,0.0,-0.0871558],
        [0.0,1.0,0.0],
        [0.0871558,0.0,-0.996195],
        [368.491,0.0,-305.14]
      ]
    }
  },
  {
    "node": {
      "name": "universal_airfield_hangar_d",
      "tm": [
        [0.996195,0.0,0.0871557],
        [0.0,1.0,0.0],
        [-0.0871557,0.0,0.996195],
        [435.078,0.0,-247.825]
      ]
    }
  },
  {
    "node": {
      "name": "universal_airfield_tower_c",
      "tm": [
        [0.906308,0.0,0.422618],
        [0.0,1.0,0.0],
        [-0.422618,0.0,0.906308],
        [417.304,0.0,286.235]
      ]
    }
  },
  {
    "node": {
      "name": "universal_airfield_barrack_a",
      "tm": [
        [-0.707107,0.0,-0.707107],
        [0.0,1.0,0.0],
        [0.707107,0.0,-0.707107],
        [819.624,0.0,-234.52]
      ]
    }
  },
  {
    "node": {
      "name": "universal_airfield_shed_a",
      "tm": [
        [-0.766045,0.0,-0.642787],
        [0.0,1.0,0.0],
        [0.642787,0.0,-0.766045],
        [814.332,0.0,-253.98]
      ]
    }
  },
  {
    "node": {
      "name": "universal_airfield_tent_c",
      "tm": [
        [0.707107,0.0,0.707107],
        [0.0,1.0,0.0],
        [-0.707107,0.0,0.707107],
        [437.84,0.0,247.773]
      ]
    }
  },
  {
    "node": {
      "name": "universal_airfield_tent_i",
      "tm": [
        [0.642788,0.0,0.766044],
        [0.0,1.0,0.0],
        [-0.766044,0.0,0.642788],
        [489.251,0.0,235.553]
      ]
    }
  },
  {
    "node": {
      "name": "universal_airfield_sandbags_a",
      "tm": [
        [-1.0,0.0,-1.50996e-07],
        [0.0,1.0,0.0],
        [1.50996e-07,0.0,-1.0],
        [558.017,0.0,205.36]
      ]
    }
  },
  {
    "node": {
      "name": "universal_airfield_sandbags_b",
      "tm": [
        [0.866025,0.0,-0.5],
        [0.0,1.0,0.0],
        [0.5,0.0,0.866025],
        [555.338,0.0,196.335]
      ]
    }
  },
  {
    "node": {
      "name": "universal_airfield_sandbags_b",
      "tm": [
        [-0.707107,0.0,0.707107],
        [0.0,1.0,0.0],
        [-0.707107,0.0,-0.707107],
        [-314.956,0.0,197.834]
      ]
    }
  },
  {
    "node": {
      "name": "universal_airfield_sandbags_a",
      "tm": [
        [-0.984808,0.0,-0.173648],
        [0.0,1.0,0.0],
        [0.173648,0.0,-0.984808],
        [435.129,0.0,277.335]
      ]
    }
  },
  {
    "node": {
      "name": "universal_airfield_sandbags_a",
      "tm": [
        [0.173648,0.0,0.984808],
        [0.0,1.0,0.0],
        [-0.984808,0.0,0.173648],
        [454.684,0.0,258.488]
      ]
    }
  },
  {
    "node": {
      "name": "universal_airfield_sandbags_a",
      "tm": [
        [-1.0,0.0,-1.50996e-07],
        [0.0,1.0,0.0],
        [1.50996e-07,0.0,-1.0],
        [469.186,0.0,231.114]
      ]
    }
  },
  {
    "node": {
      "name": "universal_airfield_sandbags_a",
      "tm": [
        [-0.766045,0.0,0.642787],
        [0.0,1.0,0.0],
        [-0.642787,0.0,-0.766045],
        [465.794,0.0,224.228]
      ]
    }
  },
  {
    "node": {
      "name": "universal_airfield_sandbags_b",
      "tm": [
        [0.866025,0.0,-0.5],
        [0.0,1.0,0.0],
        [0.5,0.0,0.866025],
        [413.841,0.0,269.069]
      ]
    }
  },
  {
    "node": {
      "name": "universal_airfield_sandbags_a",
      "tm": [
        [-0.642788,0.0,0.766044],
        [0.0,1.0,0.0],
        [-0.766044,0.0,-0.642788],
        [810.247,0.0,-249.531]
      ]
    }
  },
  {
    "node": {
      "name": "universal_airfield_sandbags_a",
      "tm": [
        [-0.984808,0.0,0.173648],
        [0.0,1.0,0.0],
        [-0.173648,0.0,-0.984808],
        [2.73313,0.0,-210.897]
      ]
    }
  },
  {
    "node": {
      "name": "universal_airfield_sandbags_b",
      "tm": [
        [0.965926,0.0,0.258819],
        [0.0,1.0,0.0],
        [-0.258819,0.0,0.965926],
        [1.85474,0.0,-219.257]
      ]
    }
  },
  {
    "node": {
      "name": "universal_airfield_sandbags_a",
      "tm": [
        [-0.906308,0.0,-0.422618],
        [0.0,1.0,0.0],
        [0.422618,0.0,-0.906308],
        [-118.927,0.0,-175.113]
      ]
    }
  },
  {
    "node": {
      "name": "universal_airfield_sandbags_b",
      "tm": [
        [-0.529919,0.0,0.848048],
        [0.0,1.0,0.0],
        [-0.848048,0.0,-0.529919],
        [-116.397,0.0,-210.424]
      ]
    }
  },
  {
    "node": {
      "name": "universal_airfield_sandbags_a",
      "tm": [
        [-0.965926,0.0,0.258819],
        [0.0,1.0,0.0],
        [-0.258819,0.0,-0.965926],
        [-118.532,0.0,-184.676]
      ]
    }
  },
  {
    "node": {
      "name": "universal_airfield_fuel_box_b",
      "tm": [
        [0.0174529,0.0,0.999848],
        [0.0,1.0,0.0],
        [-0.999848,0.0,0.0174529],
        [-193.632,0.0,-170.805]
      ]
    }
  },
  {
    "node": {
      "name": "universal_airfield_fuel_box_d",
      "tm": [
        [-0.0348997,0.0,0.999391],
        [0.0,1.0,0.0],
        [-0.999391,0.0,-0.0348997],
        [-192.611,0.0,-192.429]
      ]
    }
  },
  {
    "node": {
      "name": "universal_airfield_fuel_box_a",
      "tm": [
        [0.0348994,0.0,0.999391],
        [0.0,1.0,0.0],
        [-0.999391,0.0,0.0348994],
        [-193.208,0.0,-181.752]
      ]
    }
  },
  {
    "node": {
      "name": "universal_airfield_fuel_box_c",
      "tm": [
        [-0.996195,0.0,-0.0871558],
        [0.0,1.0,0.0],
        [0.0871558,0.0,-0.996195],
        [-168.705,0.0055019,-202.079]
      ]
    }
  },
  {
    "node": {
      "name": "universal_airfield_fuel_box_e",
      "tm": [
        [-1.0,0.0,-8.74228e-08],
        [0.0,1.0,0.0],
        [8.74228e-08,0.0,-1.0],
        [-180.929,0.0,-202.393]
      ]
    }
  },
  {
    "node": {
      "name": "universal_airfield_fuel_tank_a",
      "tm": [
        [-0.939693,0.0,-0.34202],
        [0.0,1.0,0.0],
        [0.34202,0.0,-0.939693],
        [-170.405,0.0,-171.2]
      ]
    }
  },
  {
    "node": {
      "name": "universal_airfield_fuel_tank_b",
      "tm": [
        [-0.573577,0.0,-0.819152],
        [0.0,1.0,0.0],
        [0.819152,0.0,-0.573577],
        [-151.589,0.0,-183.729]
      ]
    }
  },
  {
    "node": {
      "name": "universal_airfield_fuel_tank_c",
      "tm": [
        [-0.996195,0.0,-0.0871553],
        [0.0,1.0,0.0],
        [0.0871553,0.0,-0.996195],
        [-160.722,0.0,-183.372]
      ]
    }
  },
  {
    "node": {
      "name": "universal_airfield_fuel_tank_c",
      "tm": [
        [-0.207912,0.0,-0.978147],
        [0.0,1.0,0.0],
        [0.978147,0.0,-0.207912],
        [-159.269,0.0,-175.127]
      ]
    }
  },
  {
    "node": {
      "name": "universal_airfield_tower_b",
      "tm": [
        [-4.37114e-08,0.0,1.0],
        [0.0,1.0,0.0],
        [-1.0,0.0,-4.37114e-08],
        [-193.015,0.0,-201.658]
      ]
    }
  },
  {
    "node": {
      "name": "universal_airfield_tower_a",
      "tm": [
        [0.97437,0.0,0.224951],
        [0.0,1.0,0.0],
        [-0.224951,0.0,0.97437],
        [-193.176,0.0,-158.399]
      ]
    }
  },
  {
    "node": {
      "name": "universal_airfield_tower_b",
      "tm": [
        [-1.0,0.0,-8.74228e-08],
        [0.0,1.0,0.0],
        [8.74228e-08,0.0,-1.0],
        [-128.862,0.0,-158.304]
      ]
    }
  },
  {
    "node": {
      "name": "universal_airfield_fence_a",
      "tm": [
        [1.0,0.0,0.0],
        [0.0,1.0,0.0],
        [0.0,0.0,1.0],
        [-197.432,0.0,-207.304]
      ]
    }
  },
  {
    "node": {
      "name": "universal_airfield_fence_a",
      "tm": [
        [1.0,0.0,0.0],
        [0.0,1.0,0.0],
        [0.0,0.0,1.0],
        [-193.783,0.0,-207.304]
      ]
    }
  },
  {
    "node": {
      "name": "universal_airfield_fence_a",
      "tm": [
        [1.0,0.0,0.0],
        [0.0,1.0,0.0],
        [0.0,0.0,1.0],
        [-190.134,0.0,-207.304]
      ]
    }
  },
  {
    "node": {
      "name": "universal_airfield_fence_a",
      "tm": [
        [1.0,0.0,0.0],
        [0.0,1.0,0.0],
        [0.0,0.0,1.0],
        [-186.485,0.0,-207.304]
      ]
    }
  },
  {
    "node": {
      "name": "universal_airfield_fence_a",
      "tm": [
        [1.0,0.0,0.0],
        [0.0,1.0,0.0],
        [0.0,0.0,1.0],
        [-182.836,0.0,-207.304]
      ]
    }
  },
  {
    "node": {
      "name": "universal_airfield_fence_a",
      "tm": [
        [1.0,0.0,0.0],
        [0.0,1.0,0.0],
        [0.0,0.0,1.0],
        [-179.187,0.0,-207.304]
      ]
    }
  },
  {
    "node": {
      "name": "universal_airfield_fence_a",
      "tm": [
        [1.0,0.0,0.0],
        [0.0,1.0,0.0],
        [0.0,0.0,1.0],
        [-175.538,0.0,-207.304]
      ]
    }
  },
  {
    "node": {
      "name": "universal_airfield_fence_a",
      "tm": [
        [1.0,0.0,0.0],
        [0.0,1.0,0.0],
        [0.0,0.0,1.0],
        [-171.889,0.0,-207.304]
      ]
    }
  },
  {
    "node": {
      "name": "universal_airfield_fence_a",
      "tm": [
        [1.0,0.0,0.0],
        [0.0,1.0,0.0],
        [0.0,0.0,1.0],
        [-168.24,0.0,-207.304]
      ]
    }
  },
  {
    "node": {
      "name": "universal_airfield_fence_a",
      "tm": [
        [1.0,0.0,0.0],
        [0.0,1.0,0.0],
        [0.0,0.0,1.0],
        [-164.591,0.0,-207.304]
      ]
    }
  },
  {
    "node": {
      "name": "universal_airfield_fence_a",
      "tm": [
        [1.0,0.0,0.0],
        [0.0,1.0,0.0],
        [0.0,0.0,1.0],
        [-160.942,0.0,-207.304]
      ]
    }
  },
  {
    "node": {
      "name": "universal_airfield_fence_a",
      "tm": [
        [1.0,0.0,0.0],
        [0.0,1.0,0.0],
        [0.0,0.0,1.0],
        [-157.293,0.0,-207.304]
      ]
    }
  },
  {
    "node": {
      "name": "universal_airfield_fence_a",
      "tm": [
        [1.0,0.0,0.0],
        [0.0,1.0,0.0],
        [0.0,0.0,1.0],
        [-153.644,0.0,-207.304]
      ]
    }
  },
  {
    "node": {
      "name": "universal_airfield_fence_a",
      "tm": [
        [1.0,0.0,0.0],
        [0.0,1.0,0.0],
        [0.0,0.0,1.0],
        [-149.995,0.0,-207.304]
      ]
    }
  },
  {
    "node": {
      "name": "universal_airfield_fence_a",
      "tm": [
        [1.0,0.0,0.0],
        [0.0,1.0,0.0],
        [0.0,0.0,1.0],
        [-146.346,0.0,-207.304]
      ]
    }
  },
  {
    "node": {
      "name": "universal_airfield_fence_a",
      "tm": [
        [1.0,0.0,0.0],
        [0.0,1.0,0.0],
        [0.0,0.0,1.0],
        [-142.697,0.0,-207.304]
      ]
    }
  },
  {
    "node": {
      "name": "universal_airfield_fence_a",
      "tm": [
        [1.0,0.0,0.0],
        [0.0,1.0,0.0],
        [0.0,0.0,1.0],
        [-139.048,0.0,-207.304]
      ]
    }
  },
  {
    "node": {
      "name": "universal_airfield_fence_a",
      "tm": [
        [1.0,0.0,0.0],
        [0.0,1.0,0.0],
        [0.0,0.0,1.0],
        [-135.399,0.0,-207.304]
      ]
    }
  },
  {
    "node": {
      "name": "universal_airfield_fence_a",
      "tm": [
        [1.0,0.0,0.0],
        [0.0,1.0,0.0],
        [0.0,0.0,1.0],
        [-131.75,0.0,-207.304]
      ]
    }
  },
  {
    "node": {
      "name": "universal_airfield_fence_a",
      "tm": [
        [1.0,0.0,0.0],
        [0.0,1.0,0.0],
        [0.0,0.0,1.0],
        [-128.101,0.0,-207.304]
      ]
    }
  },
  {
    "node": {
      "name": "universal_airfield_fence_a",
      "tm": [
        [1.0,0.0,0.0],
        [0.0,1.0,0.0],
        [0.0,0.0,1.0],
        [-124.452,0.0,-207.304]
      ]
    }
  },
  {
    "node": {
      "name": "universal_airfield_fence_a",
      "tm": [
        [-4.37114e-08,0.0,1.0],
        [0.0,1.0,0.0],
        [-1.0,0.0,-4.37114e-08],
        [-122.625,0.0,-205.476]
      ]
    }
  },
  {
    "node": {
      "name": "universal_airfield_fence_a",
      "tm": [
        [-4.37114e-08,0.0,1.0],
        [0.0,1.0,0.0],
        [-1.0,0.0,-4.37114e-08],
        [-122.625,0.0,-201.827]
      ]
    }
  },
  {
    "node": {
      "name": "universal_airfield_fence_a",
      "tm": [
        [-4.37114e-08,0.0,1.0],
        [0.0,1.0,0.0],
        [-1.0,0.0,-4.37114e-08],
        [-122.625,0.0,-198.178]
      ]
    }
  },
  {
    "node": {
      "name": "universal_airfield_fence_a",
      "tm": [
        [-4.37114e-08,0.0,1.0],
        [0.0,1.0,0.0],
        [-1.0,0.0,-4.37114e-08],
        [-122.625,0.0,-194.529]
      ]
    }
  },
  {
    "node": {
      "name": "universal_airfield_fence_a",
      "tm": [
        [-4.37114e-08,0.0,1.0],
        [0.0,1.0,0.0],
        [-1.0,0.0,-4.37114e-08],
        [-122.625,0.0,-190.88]
      ]
    }
  },
  {
    "node": {
      "name": "universal_airfield_fence_a",
      "tm": [
        [-4.37114e-08,0.0,1.0],
        [0.0,1.0,0.0],
        [-1.0,0.0,-4.37114e-08],
