[
  {
    "className": "composit"
  },
  {
    "size": [2048.0,256.0]
  },
  {
    "airfield": [
      {
        "start": [835.0,0.0,30.0]
      },
      {
        "end": [-835.0,0.0,30.0]
      },
      {
        "width": 140.0
      },
      {
        "spawn": [720.0,0.0,30.5]
      },
      {
        "spawn": [720.0,0.0,50.5]
      },
      {
        "spawn": [720.0,0.0,10.5]
      },
      {
        "spawn": [700.0,0.0,30.5]
      },
      {
        "spawn": [700.0,0.0,50.5]
      },
      {
        "spawn": [700.0,0.0,10.5]
      },
      {
        "spawn": [680.0,0.0,30.5]
      },
      {
        "spawn": [680.0,0.0,50.5]
      },
      {
        "spawn": [680.0,0.0,10.5]
      },
      {
        "spawn": [660.0,0.0,30.5]
      },
      {
        "spawn": [660.0,0.0,50.5]
      },
      {
        "spawn": [660.0,0.0,10.5]
      },
      {
        "spawn": [720.0,0.0,70.5]
      },
      {
        "spawn": [700.0,0.0,70.5]
      },
      {
        "spawn": [680.0,0.0,70.5]
      },
      {
        "spawn": [720.0,0.0,-9.5]
      },
      {
        "spawn": [700.0,0.0,-9.5]
      },
      {
        "spawn": [680.0,0.0,-9.5]
      },
      {
        "repairTags": {
          "type_attack_helicopter": false,
          "type_utility_helicopter": false
        }
      }
    ]
  },
  {
    "storage": {
      "end": [-350.0,0.0,-240.0],
      "start": [-205.0,0.0,-240.0],
      "width": 120.0
    }
  },
  {
    "parking": {
      "end": [65.0,0.0,-190.0],
      "start": [780.0,0.0,-190.0],
      "width": 180.0
    }
  },
  {
    "dwelling": {
      "end": [190.0,0.0,230.0],
      "start": [470.0,0.0,230.0],
      "width": 140.0
    }
  },
  {
    "node": {
      "name": "^^dynaf_universal_1line_a_big_mesh",
      "tm": [
        [1.0,0.0,0.0],
        [0.0,1.0,0.0],
        [0.0,0.0,1.0],
        [0.0,0.0,0.0]
      ]
    }
  },
  {
    "node": {
      "name": "+NoTreesBox000",
      "tm": [
        [2000.0,0.0,0.0],
        [0.0,15.0,0.0],
        [0.0,0.0,343.0],
        [36.0,0.0,31.0]
      ]
    }
  },
  {
    "node": {
      "name": "+NoTreesBox001",
      "tm": [
        [780.0,0.0,0.0],
        [0.0,15.0,0.0],
        [0.0,0.0,150.0],
        [387.0,0.0,-194.0]
      ]
    }
  },
  {
    "node": {
      "name": "+NoTreesBox002",
      "tm": [
        [607.0,0.0,0.0],
        [0.0,15.0,0.0],
        [0.0,0.0,147.0],
        [466.0,0.0,259.0]
      ]
    }
  },
  {
    "node": {
      "name": "zis5_tent_a",
      "tm": [
        [1.0,0.0,1.74846e-07],
        [0.0,1.0,0.0],
        [-1.74846e-07,0.0,1.0],
        [-254.159,0.0,-258.957]
      ]
    }
  },
  {
    "node": {
      "name": "gaz_m1_a",
      "tm": [
        [-5.20549e-07,0.0,1.0],
        [0.0,1.0,0.0],
        [-1.0,0.0,-5.20549e-07],
        [474.273,0.0,-159.113]
      ]
    }
  },
  {
    "node": {
      "name": "gaz67_a",
      "tm": [
        [-5.20549e-07,0.0,1.0],
        [0.0,1.0,0.0],
        [-1.0,0.0,-5.20549e-07],
        [479.068,0.0,-158.417]
      ]
    }
  },
  {
    "node": {
      "name": "zis5_a",
      "tm": [
        [0.0871556,0.0,-0.996195],
        [0.0,1.0,0.0],
        [0.996195,0.0,0.0871556],
        [485.036,0.0,-159.691]
      ]
    }
  },
  {
    "node": {
      "name": "studebaker_us6_a",
      "tm": [
        [-0.173648,0.0,0.984808],
        [0.0,1.0,0.0],
        [-0.984808,0.0,-0.173648],
        [-543.979,0.0,310.698]
      ]
    }
  },
  {
    "node": {
      "name": "zis5_a",
      "tm": [
        [3.13916e-07,0.0,1.0],
        [0.0,1.0,0.0],
        [-1.0,0.0,3.13916e-07],
        [-537.514,0.0,311.358]
      ]
    }
  },
  {
    "node": {
      "name": "zis5_tent_a",
      "tm": [
        [0.866025,0.0,-0.5],
        [0.0,1.0,0.0],
        [0.5,0.0,0.866025],
        [594.914,0.0,286.723]
      ]
    }
  },
  {
    "node": {
      "name": "gaz67_a",
      "tm": [
        [-0.866025,0.0,0.5],
        [0.0,1.0,0.0],
        [-0.5,0.0,-0.866025],
        [735.628,0.0,268.556]
      ]
    }
  },
  {
    "node": {
      "name": "gaz_m1_a",
      "tm": [
        [0.996195,0.0,-0.0871557],
        [0.0,1.0,0.0],
        [0.0871557,0.0,0.996195],
        [424.504,0.0,218.277]
      ]
    }
  },
  {
    "node": {
      "name": "zis5_a",
      "tm": [
        [0.996195,0.0,-0.0871557],
        [0.0,1.0,0.0],
        [0.0871557,0.0,0.996195],
        [424.796,0.0,210.873]
      ]
    }
  },
  {
    "node": {
      "name": "universal_airfield_tower_b",
      "tm": [
        [0.0871567,0.0,0.996195],
        [0.0,1.0,0.0],
        [-0.996195,0.0,0.0871567],
        [-516.818,0.0,274.852]
      ]
    }
  },
  {
    "node": {
      "name": "universal_airfield_tent_b",
      "tm": [
        [0.965926,0.0,-0.258819],
        [0.0,1.0,0.0],
        [0.258819,0.0,0.965926],
        [458.421,0.0,237.943]
      ]
    }
  },
  {
    "node": {
      "name": "universal_airfield_table_a",
      "tm": [
        [0.965926,0.0,-0.258819],
        [0.0,1.0,0.0],
        [0.258819,0.0,0.965926],
        [458.325,0.0,237.966]
      ]
    }
  },
  {
    "node": {
      "name": "universal_airfield_table_a",
      "tm": [
        [0.0871558,0.0,-0.996195],
        [0.0,1.0,0.0],
        [0.996195,0.0,0.0871558],
        [329.635,0.0,233.125]
      ]
    }
  },
  {
    "node": {
      "name": "universal_airfield_tent_b",
      "tm": [
        [0.0871558,0.0,-0.996195],
        [0.0,1.0,0.0],
        [0.996195,0.0,0.0871558],
        [329.645,0.0,233.027]
      ]
    }
  },
  {
    "node": {
      "name": "universal_airfield_barrack_c",
      "tm": [
        [-4.37114e-08,0.0,1.0],
        [0.0,1.0,0.0],
        [-1.0,0.0,-4.37114e-08],
        [-548.705,0.166084,322.999]
      ]
    }
  },
  {
    "node": {
      "name": "universal_airfield_barrack_d",
      "tm": [
        [1.0,0.0,0.0],
        [0.0,1.0,0.0],
        [0.0,0.0,1.0],
        [-570.247,0.0,299.169]
      ]
    }
  },
  {
    "node": {
      "name": "universal_airfield_barrack_a",
      "tm": [
        [1.0,0.0,0.0],
        [0.0,1.0,0.0],
        [0.0,0.0,1.0],
        [-518.893,0.0,306.43]
      ]
    }
  },
  {
    "node": {
      "name": "universal_airfield_shed_a",
      "tm": [
        [0.996195,0.0,0.0871556],
        [0.0,1.0,0.0],
        [-0.0871556,0.0,0.996195],
        [-525.365,0.0,264.351]
      ]
    }
  },
  {
    "node": {
      "name": "universal_airfield_barrack_e",
      "tm": [
        [0.5,0.0,0.866025],
        [0.0,1.0,0.0],
        [-0.866025,0.0,0.5],
        [577.525,0.0,266.558]
      ]
    }
  },
  {
    "node": {
      "name": "universal_airfield_barrack_e",
      "tm": [
        [0.5,0.0,0.866025],
        [0.0,1.0,0.0],
        [-0.866025,0.0,0.5],
        [586.935,0.0,281.081]
      ]
    }
  },
  {
    "node": {
      "name": "universal_airfield_shed_a",
      "tm": [
        [0.965926,0.0,0.258819],
        [0.0,1.0,0.0],
        [-0.258819,0.0,0.965926],
        [716.543,0.0,324.653]
      ]
    }
  },
  {
    "node": {
      "name": "universal_airfield_tent_e",
      "tm": [
        [1.0,0.0,0.0],
        [0.0,1.0,0.0],
        [0.0,0.0,1.0],
        [229.501,0.0,214.334]
      ]
    }
  },
  {
    "node": {
      "name": "universal_airfield_tent_e",
      "tm": [
        [-1.0,0.0,-8.74228e-08],
        [0.0,1.0,0.0],
        [8.74228e-08,0.0,-1.0],
        [231.515,0.0,223.399]
      ]
    }
  },
  {
    "node": {
      "name": "universal_airfield_tent_e",
      "tm": [
        [1.0,0.0,0.0],
        [0.0,1.0,0.0],
        [0.0,0.0,1.0],
        [231.054,0.0,233.406]
      ]
    }
  },
  {
    "node": {
      "name": "universal_airfield_tent_e",
      "tm": [
        [1.0,0.0,0.0],
        [0.0,1.0,0.0],
        [0.0,0.0,1.0],
        [230.593,0.0,242.165]
      ]
    }
  },
  {
    "node": {
      "name": "universal_airfield_tent_e",
      "tm": [
        [-0.996195,0.0,-0.0871558],
        [0.0,1.0,0.0],
        [0.0871558,0.0,-0.996195],
        [243.93,0.0,243.017]
      ]
    }
  },
  {
    "node": {
      "name": "universal_airfield_tent_e",
      "tm": [
        [1.0,0.0,0.0],
        [0.0,1.0,0.0],
        [0.0,0.0,1.0],
        [243.82,0.0,233.982]
      ]
    }
  },
  {
    "node": {
      "name": "universal_airfield_tent_e",
      "tm": [
        [1.0,0.0,0.0],
        [0.0,1.0,0.0],
        [0.0,0.0,1.0],
        [258.001,0.0,222.478]
      ]
    }
  },
  {
    "node": {
      "name": "universal_airfield_tent_e",
      "tm": [
        [1.0,0.0,0.0],
        [0.0,1.0,0.0],
        [0.0,0.0,1.0],
        [244.391,0.0,218.212]
      ]
    }
  },
  {
    "node": {
      "name": "universal_airfield_tent_e",
      "tm": [
        [-4.37114e-08,0.0,1.0],
        [0.0,1.0,0.0],
        [-1.0,0.0,-4.37114e-08],
        [241.379,0.0,274.798]
      ]
    }
  },
  {
    "node": {
      "name": "universal_airfield_tent_e",
      "tm": [
        [-4.37114e-08,0.0,1.0],
        [0.0,1.0,0.0],
        [-1.0,0.0,-4.37114e-08],
        [249.67,0.0,274.317]
      ]
    }
  },
  {
    "node": {
      "name": "universal_airfield_tent_e",
      "tm": [
        [-0.0871558,0.0,0.996195],
        [0.0,1.0,0.0],
        [-0.996195,0.0,-0.0871558],
        [259.195,0.0,274.689]
      ]
    }
  },
  {
    "node": {
      "name": "universal_airfield_tent_e",
      "tm": [
        [0.173648,0.0,-0.984808],
        [0.0,1.0,0.0],
        [0.984808,0.0,0.173648],
        [303.975,0.0,231.497]
      ]
    }
  },
  {
    "node": {
      "name": "universal_airfield_tent_e",
      "tm": [
        [-0.258819,0.0,0.965926],
        [0.0,1.0,0.0],
        [-0.965926,0.0,-0.258819],
        [312.998,0.0,233.052]
      ]
    }
  },
  {
    "node": {
      "name": "universal_airfield_tent_e",
      "tm": [
        [-1.0,0.0,-8.74228e-08],
        [0.0,1.0,0.0],
        [8.74228e-08,0.0,-1.0],
        [305.536,0.0,220.759]
      ]
    }
  },
  {
    "node": {
      "name": "universal_airfield_tent_e",
      "tm": [
        [1.0,0.0,0.0],
        [0.0,1.0,0.0],
        [0.0,0.0,1.0],
        [317.653,0.0,220.642]
      ]
    }
  },
  {
    "node": {
      "name": "universal_airfield_tent_e",
      "tm": [
        [1.0,0.0,0.0],
        [0.0,1.0,0.0],
        [0.0,0.0,1.0],
        [320.072,0.0,281.645]
      ]
    }
  },
  {
    "node": {
      "name": "universal_airfield_tent_e",
      "tm": [
        [-1.0,0.0,-8.74228e-08],
        [0.0,1.0,0.0],
        [8.74228e-08,0.0,-1.0],
        [322.434,0.0,291.169]
      ]
    }
  },
  {
    "node": {
      "name": "universal_airfield_tent_e",
      "tm": [
        [1.0,0.0,0.0],
        [0.0,1.0,0.0],
        [0.0,0.0,1.0],
        [336.671,0.0,289.917]
      ]
    }
  },
  {
    "node": {
      "name": "universal_airfield_tent_e",
      "tm": [
        [-1.0,0.0,-8.74228e-08],
        [0.0,1.0,0.0],
        [8.74228e-08,0.0,-1.0],
        [336.331,0.0,282.005]
      ]
    }
  },
  {
    "node": {
      "name": "universal_airfield_tent_e",
      "tm": [
        [1.0,0.0,0.0],
        [0.0,1.0,0.0],
        [0.0,0.0,1.0],
        [366.291,0.0,296.305]
      ]
    }
  },
  {
    "node": {
      "name": "universal_airfield_tent_e",
      "tm": [
        [-1.0,0.0,-8.74228e-08],
        [0.0,1.0,0.0],
        [8.74228e-08,0.0,-1.0],
        [378.945,0.0,297.308]
      ]
    }
  },
  {
    "node": {
      "name": "universal_airfield_tent_e",
      "tm": [
        [1.0,0.0,0.0],
        [0.0,1.0,0.0],
        [0.0,0.0,1.0],
        [371.607,0.0,277.384]
      ]
    }
  },
  {
    "node": {
      "name": "universal_airfield_tent_e",
      "tm": [
        [-1.0,0.0,-8.74228e-08],
        [0.0,1.0,0.0],
        [8.74228e-08,0.0,-1.0],
        [385.2,0.0,277.466]
      ]
    }
  },
  {
    "node": {
      "name": "universal_airfield_tent_e",
      "tm": [
        [1.0,0.0,0.0],
        [0.0,1.0,0.0],
        [0.0,0.0,1.0],
        [385.057,0.0,268.419]
      ]
    }
  },
  {
    "node": {
      "name": "universal_airfield_tent_e",
      "tm": [
        [0.766044,0.0,0.642788],
        [0.0,1.0,0.0],
        [-0.642788,0.0,0.766044],
        [458.323,0.0,279.847]
      ]
    }
  },
  {
    "node": {
      "name": "universal_airfield_tent_d",
      "tm": [
        [1.0,0.0,0.0],
        [0.0,1.0,0.0],
        [0.0,0.0,1.0],
        [243.641,0.0,206.412]
      ]
    }
  },
  {
    "node": {
      "name": "universal_airfield_tent_d",
      "tm": [
        [1.0,0.0,0.0],
        [0.0,1.0,0.0],
        [0.0,0.0,1.0],
        [244.052,0.0,262.738]
      ]
    }
  },
  {
    "node": {
      "name": "universal_airfield_tent_d",
      "tm": [
        [-0.996195,0.0,0.0871556],
        [0.0,1.0,0.0],
        [-0.0871556,0.0,-0.996195],
        [254.614,0.0,262.593]
      ]
    }
  },
  {
    "node": {
      "name": "universal_airfield_tent_d",
      "tm": [
        [1.0,0.0,0.0],
        [0.0,1.0,0.0],
        [0.0,0.0,1.0],
        [270.335,0.0,274.693]
      ]
    }
  },
  {
    "node": {
      "name": "universal_airfield_tent_d",
      "tm": [
        [-4.37114e-08,0.0,1.0],
        [0.0,1.0,0.0],
        [-1.0,0.0,-4.37114e-08],
        [258.658,0.0,285.505]
      ]
    }
  },
  {
    "node": {
      "name": "universal_airfield_tent_d",
      "tm": [
        [1.19249e-08,0.0,-1.0],
        [0.0,1.0,0.0],
        [1.0,0.0,1.19249e-08],
        [272.948,0.0,285.566]
      ]
    }
  },
  {
    "node": {
      "name": "universal_airfield_tent_d",
      "tm": [
        [1.0,0.0,0.0],
        [0.0,1.0,0.0],
        [0.0,0.0,1.0],
        [310.154,0.0,266.337]
      ]
    }
  },
  {
    "node": {
      "name": "universal_airfield_tent_d",
      "tm": [
        [1.0,0.0,0.0],
        [0.0,1.0,0.0],
        [0.0,0.0,1.0],
        [333.893,0.0,266.691]
      ]
    }
  },
  {
    "node": {
      "name": "universal_airfield_tent_d",
      "tm": [
        [-0.0871557,0.0,-0.996195],
        [0.0,1.0,0.0],
        [0.996195,0.0,-0.0871557],
        [314.548,0.0,255.702]
      ]
    }
  },
  {
    "node": {
      "name": "universal_airfield_tent_d",
      "tm": [
        [7.54979e-08,0.0,1.0],
        [0.0,1.0,0.0],
        [-1.0,0.0,7.54979e-08],
        [328.222,0.0,254.944]
      ]
    }
  },
  {
    "node": {
      "name": "universal_airfield_tent_d",
      "tm": [
        [1.0,0.0,0.0],
        [0.0,1.0,0.0],
        [0.0,0.0,1.0],
        [445.076,0.0,286.464]
      ]
    }
  },
  {
    "node": {
      "name": "universal_airfield_tent_f",
      "tm": [
        [0.965926,0.0,-0.258819],
        [0.0,1.0,0.0],
        [0.258819,0.0,0.965926],
        [262.751,0.0,212.771]
      ]
    }
  },
  {
    "node": {
      "name": "universal_airfield_tent_f",
      "tm": [
        [0.573576,0.0,0.819152],
        [0.0,1.0,0.0],
        [-0.819152,0.0,0.573576],
        [272.031,0.0,217.76]
      ]
    }
  },
  {
    "node": {
      "name": "universal_airfield_tent_f",
      "tm": [
        [0.819152,0.0,0.573576],
        [0.0,1.0,0.0],
        [-0.573576,0.0,0.819152],
        [377.089,0.0,235.467]
      ]
    }
  },
  {
    "node": {
      "name": "universal_airfield_tent_f",
      "tm": [
        [-0.0871558,0.0,0.996195],
        [0.0,1.0,0.0],
        [-0.996195,0.0,-0.0871558],
        [387.052,0.0,241.833]
      ]
    }
  },
  {
    "node": {
      "name": "universal_airfield_tent_f",
      "tm": [
        [-0.965926,0.0,0.258819],
        [0.0,1.0,0.0],
        [-0.258819,0.0,-0.965926],
        [388.4,0.0,228.449]
      ]
    }
  },
  {
    "node": {
      "name": "universal_airfield_tent_f",
      "tm": [
        [-0.422618,0.0,0.906308],
        [0.0,1.0,0.0],
        [-0.906308,0.0,-0.422618],
        [379.931,0.0,287.025]
      ]
    }
  },
  {
    "node": {
      "name": "universal_airfield_tent_f",
      "tm": [
        [-0.0871559,0.0,0.996195],
        [0.0,1.0,0.0],
        [-0.996195,0.0,-0.0871559],
        [446.06,0.0,227.094]
      ]
    }
  },
  {
    "node": {
      "name": "universal_airfield_tent_f",
      "tm": [
        [-0.0871559,0.0,0.996195],
        [0.0,1.0,0.0],
        [-0.996195,0.0,-0.0871559],
        [758.518,0.0,290.104]
      ]
    }
  },
  {
    "node": {
      "name": "universal_airfield_tent_g",
      "tm": [
        [0.258819,0.0,-0.965926],
        [0.0,1.0,0.0],
        [0.965926,0.0,0.258819],
        [431.615,0.0,237.74]
      ]
    }
  },
  {
    "node": {
      "name": "universal_airfield_tent_g",
      "tm": [
        [7.54979e-08,0.0,1.0],
        [0.0,1.0,0.0],
        [-1.0,0.0,7.54979e-08],
        [445.668,0.0,262.526]
      ]
    }
  },
  {
    "node": {
      "name": "universal_airfield_tent_g",
      "tm": [
        [-0.422619,0.0,-0.906308],
        [0.0,1.0,0.0],
        [0.906308,0.0,-0.422619],
        [743.505,0.0,283.674]
      ]
    }
  },
  {
    "node": {
      "name": "universal_airfield_tent_g",
      "tm": [
        [-1.0,0.0,3.89414e-07],
        [0.0,1.0,0.0],
        [-3.89414e-07,0.0,-1.0],
        [491.395,0.0,-193.105]
      ]
    }
  },
  {
    "node": {
      "name": "universal_airfield_tent_g",
      "tm": [
        [1.0,0.0,-3.01992e-07],
        [0.0,1.0,0.0],
        [3.01992e-07,0.0,1.0],
        [541.549,0.0,-194.161]
      ]
    }
  },
  {
    "node": {
      "name": "universal_airfield_tent_c",
      "tm": [
        [-0.819152,0.0,0.573576],
        [0.0,1.0,0.0],
        [-0.573576,0.0,-0.819152],
        [517.785,0.0,-206.141]
      ]
    }
  },
  {
    "node": {
      "name": "universal_airfield_table_a",
      "tm": [
        [0.34202,0.0,0.939693],
        [0.0,1.0,0.0],
        [-0.939693,0.0,0.34202],
        [478.158,0.0,-207.813]
      ]
    }
  },
  {
    "node": {
      "name": "universal_airfield_tent_b",
      "tm": [
        [0.34202,0.0,0.939693],
        [0.0,1.0,0.0],
        [-0.939693,0.0,0.34202],
        [478.189,0.0,-207.72]
      ]
    }
  },
  {
    "node": {
      "name": "universal_airfield_shed_a",
      "tm": [
        [0.173648,0.0,-0.984808],
        [0.0,1.0,0.0],
        [0.984808,0.0,0.173648],
        [735.711,0.0,-232.767]
      ]
    }
  },
  {
    "node": {
      "name": "universal_airfield_tent_i",
      "tm": [
        [0.984808,0.0,0.173648],
        [0.0,1.0,0.0],
        [-0.173648,0.0,0.984808],
        [256.778,0.0,231.507]
      ]
    }
  },
  {
    "node": {
      "name": "universal_airfield_tent_i",
      "tm": [
        [0.819152,0.0,0.573576],
        [0.0,1.0,0.0],
        [-0.573576,0.0,0.819152],
        [266.84,0.0,262.345]
      ]
    }
  },
  {
    "node": {
      "name": "universal_airfield_tent_i",
      "tm": [
        [7.54979e-08,0.0,1.0],
        [0.0,1.0,0.0],
        [-1.0,0.0,7.54979e-08],
        [321.639,0.0,267.585]
      ]
    }
  },
  {
    "node": {
      "name": "universal_airfield_tent_i",
      "tm": [
        [-1.0,0.0,1.50996e-07],
        [0.0,1.0,0.0],
        [-1.50996e-07,0.0,-1.0],
        [373.287,0.0,268.905]
      ]
    }
  },
  {
    "node": {
      "name": "universal_airfield_tent_i",
      "tm": [
        [-0.965926,0.0,-0.258819],
        [0.0,1.0,0.0],
        [0.258819,0.0,-0.965926],
        [309.776,0.0,213.632]
      ]
    }
  },
  {
    "node": {
      "name": "universal_airfield_tent_i",
      "tm": [
        [-0.965926,0.0,-0.258819],
        [0.0,1.0,0.0],
        [0.258819,0.0,-0.965926],
        [760.651,0.0,299.451]
      ]
    }
  },
  {
    "node": {
      "name": "universal_airfield_hangar_b",
      "tm": [
        [1.0,0.0,0.0],
        [0.0,1.0,0.0],
        [0.0,0.0,1.0],
        [158.743,0.0,-145.333]
      ]
    }
  },
  {
    "node": {
      "name": "universal_airfield_hangar_b",
      "tm": [
        [1.0,0.0,0.0],
        [0.0,1.0,0.0],
        [0.0,0.0,1.0],
        [258.13,0.0,-145.357]
      ]
    }
  },
  {
    "node": {
      "name": "universal_airfield_hangar_b",
      "tm": [
        [1.0,0.0,0.0],
        [0.0,1.0,0.0],
        [0.0,0.0,1.0],
        [355.531,0.0,-145.337]
      ]
    }
  },
  {
    "node": {
      "name": "universal_airfield_hangar_b",
      "tm": [
        [1.0,0.0,0.0],
        [0.0,1.0,0.0],
        [0.0,0.0,1.0],
        [587.095,0.0,-145.337]
      ]
    }
  },
  {
    "node": {
      "name": "universal_airfield_hangar_b",
      "tm": [
        [1.0,0.0,0.0],
        [0.0,1.0,0.0],
        [0.0,0.0,1.0],
        [669.893,0.0,-146.565]
      ]
    }
  },
  {
    "node": {
      "name": "universal_airfield_tower_b",
      "tm": [
        [0.422618,0.0,0.906308],
        [0.0,1.0,0.0],
        [-0.906308,0.0,0.422618],
        [743.945,0.0,310.876]
      ]
    }
  },
  {
    "node": {
      "name": "universal_airfield_tower_a",
      "tm": [
        [0.5,0.0,0.866025],
        [0.0,1.0,0.0],
        [-0.866025,0.0,0.5],
        [734.706,0.0,-249.219]
      ]
    }
  },
  {
    "node": {
      "name": "universal_airfield_sandbags_a",
      "tm": [
        [1.0,0.0,0.0],
        [0.0,1.0,0.0],
        [0.0,0.0,1.0],
        [-223.088,0.0,-253.111]
      ]
    }
  },
  {
    "node": {
      "name": "universal_airfield_sandbags_a",
      "tm": [
        [1.0,0.0,0.0],
        [0.0,1.0,0.0],
        [0.0,0.0,1.0],
        [-223.048,0.0,-242.283]
      ]
    }
  },
  {
    "node": {
      "name": "universal_airfield_sandbags_b",
      "tm": [
        [1.0,0.0,0.0],
        [0.0,1.0,0.0],
        [0.0,0.0,1.0],
        [-344.19,0.0,-256.05]
      ]
    }
  },
  {
    "node": {
      "name": "universal_airfield_sandbags_b",
      "tm": [
        [1.0,0.0,0.0],
        [0.0,1.0,0.0],
        [0.0,0.0,1.0],
        [-344.121,0.0,-242.165]
      ]
    }
  },
  {
    "node": {
      "name": "universal_airfield_fuel_box_a",
      "tm": [
        [0.996195,0.0,-0.0871557],
        [0.0,1.0,0.0],
        [0.0871557,0.0,0.996195],
        [-287.722,0.0,-212.048]
      ]
    }
  },
  {
    "node": {
      "name": "universal_airfield_fuel_box_b",
      "tm": [
        [-0.0697565,0.0,0.997564],
        [0.0,1.0,0.0],
        [-0.997564,0.0,-0.0697565],
        [-329.269,0.0,-233.771]
      ]
    }
  },
  {
    "node": {
      "name": "universal_airfield_fuel_box_c",
      "tm": [
        [1.0,0.0,0.0],
        [0.0,1.0,0.0],
        [0.0,0.0,1.0],
        [-315.392,0.0055019,-211.631]
      ]
    }
  },
  {
    "node": {
      "name": "universal_airfield_fuel_box_d",
      "tm": [
        [1.0,0.0,0.0],
        [0.0,1.0,0.0],
        [0.0,0.0,1.0],
        [-302.734,0.0,-211.893]
      ]
    }
  },
  {
    "node": {
      "name": "universal_airfield_fuel_box_e",
      "tm": [
        [0.0348995,0.0,0.999391],
        [0.0,1.0,0.0],
        [-0.999391,0.0,0.0348995],
        [-329.249,0.0,-222.142]
      ]
    }
  },
  {
    "node": {
      "name": "universal_airfield_fuel_tank_a",
      "tm": [
        [0.615662,0.0,0.788011],
        [0.0,1.0,0.0],
        [-0.788011,0.0,0.615662],
        [-310.85,0.0,-239.078]
      ]
    }
  },
  {
    "node": {
      "name": "universal_airfield_fuel_tank_b",
      "tm": [
        [-0.292372,0.0,0.956305],
        [0.0,1.0,0.0],
        [-0.956305,0.0,-0.292372],
        [-302.872,0.0,-235.691]
      ]
    }
  },
  {
    "node": {
      "name": "universal_airfield_fuel_tank_c",
      "tm": [
        [-1.0,0.0,1.50996e-07],
        [0.0,1.0,0.0],
        [-1.50996e-07,0.0,-1.0],
        [-292.566,0.0,-232.202]
      ]
    }
  },
  {
    "node": {
      "name": "universal_airfield_fuel_tank_a",
      "tm": [
        [-0.978148,0.0,0.207912],
        [0.0,1.0,0.0],
        [-0.207912,0.0,-0.978148],
        [-294.698,0.0,-242.444]
      ]
    }
  },
  {
    "node": {
      "name": "zis6_fuel_a",
      "tm": [
        [-0.0523359,0.0,0.99863],
        [0.0,1.0,0.0],
        [-0.99863,0.0,-0.0523359],
        [-283.804,0.0,-241.74]
      ]
    }
  },
  {
    "node": {
      "name": "universal_airfield_tower_b",
      "tm": [
        [-0.999391,0.0,-0.0348996],
        [0.0,1.0,0.0],
        [0.0348996,0.0,-0.999391],
        [-233.937,0.0,-211.311]
      ]
    }
  },
  {
    "node": {
      "name": "universal_airfield_tower_b",
      "tm": [
        [-1.62921e-07,0.0,1.0],
        [0.0,1.0,0.0],
        [-1.0,0.0,-1.62921e-07],
        [-234.305,0.0,-268.225]
      ]
    }
  },
  {
    "node": {
      "name": "universal_airfield_tower_b",
      "tm": [
        [-1.62921e-07,0.0,1.0],
        [0.0,1.0,0.0],
        [-1.0,0.0,-1.62921e-07],
        [-330.281,0.0,-267.754]
      ]
    }
  },
  {
    "node": {
      "name": "universal_airfield_tower_b",
      "tm": [
        [0.999848,0.0,0.0174525],
        [0.0,1.0,0.0],
        [-0.0174525,0.0,0.999848],
        [-331.751,0.0,-212.063]
      ]
    }
  },
  {
    "node": {
      "name": "universal_airfield_fuel_tent_c",
      "tm": [
        [-0.0174524,0.0,-0.999848],
        [0.0,1.0,0.0],
        [0.999848,0.0,-0.0174524],
        [-235.311,-0.12207,-236.528]
      ]
    }
  },
  {
    "node": {
      "name": "universal_airfield_fuel_tent_c",
      "tm": [
        [-0.999848,0.0,-0.0174525],
        [0.0,1.0,0.0],
        [0.0174525,0.0,-0.999848],
        [-269.343,-0.12207,-269.395]
      ]
    }
  },
  {
    "node": {
      "name": "universal_airfield_fuel_tent_a",
      "tm": [
        [0.173648,0.0,-0.984808],
        [0.0,1.0,0.0],
        [0.984808,0.0,0.173648],
        [-235.747,0.0,-223.426]
      ]
    }
  },
  {
    "node": {
      "name": "universal_airfield_fuel_tent_a",
      "tm": [
        [-0.997564,0.0,0.0697566],
        [0.0,1.0,0.0],
        [-0.0697566,0.0,-0.997564],
        [-304.171,0.0,-267.819]
      ]
    }
  },
  {
    "node": {
      "name": "universal_airfield_fuel_tent_b",
      "tm": [
        [0.0697564,0.0,-0.997564],
        [0.0,1.0,0.0],
        [0.997564,0.0,0.0697564],
        [-288.498,-0.479726,-269.497]
      ]
    }
  },
  {
    "node": {
      "name": "universal_airfield_fence_a",
      "tm": [
        [1.0,0.0,0.0],
        [0.0,1.0,0.0],
        [0.0,0.0,1.0],
        [-336.287,0.0,-275.498]
      ]
    }
  },
  {
    "node": {
      "name": "universal_airfield_fence_a",
      "tm": [
        [1.0,0.0,0.0],
        [0.0,1.0,0.0],
        [0.0,0.0,1.0],
        [-332.638,0.0,-275.498]
      ]
    }
  },
  {
    "node": {
      "name": "universal_airfield_fence_a",
      "tm": [
        [1.0,0.0,0.0],
        [0.0,1.0,0.0],
        [0.0,0.0,1.0],
        [-328.989,0.0,-275.498]
      ]
    }
  },
  {
    "node": {
      "name": "universal_airfield_fence_a",
      "tm": [
        [1.0,0.0,0.0],
        [0.0,1.0,0.0],
        [0.0,0.0,1.0],
        [-325.34,0.0,-275.498]
      ]
    }
  },
  {
    "node": {
      "name": "universal_airfield_fence_a",
      "tm": [
        [1.0,0.0,0.0],
        [0.0,1.0,0.0],
        [0.0,0.0,1.0],
        [-321.691,0.0,-275.498]
      ]
    }
  },
  {
    "node": {
      "name": "universal_airfield_fence_a",
      "tm": [
        [1.0,0.0,0.0],
        [0.0,1.0,0.0],
        [0.0,0.0,1.0],
        [-318.042,0.0,-275.498]
      ]
    }
  },
  {
    "node": {
      "name": "universal_airfield_fence_a",
      "tm": [
        [1.0,0.0,0.0],
        [0.0,1.0,0.0],
        [0.0,0.0,1.0],
        [-314.393,0.0,-275.498]
      ]
    }
  },
  {
    "node": {
      "name": "universal_airfield_fence_a",
      "tm": [
        [1.0,0.0,0.0],
        [0.0,1.0,0.0],
        [0.0,0.0,1.0],
        [-310.744,0.0,-275.498]
      ]
    }
  },
  {
    "node": {
      "name": "universal_airfield_fence_a",
      "tm": [
        [1.0,0.0,0.0],
        [0.0,1.0,0.0],
        [0.0,0.0,1.0],
        [-307.095,0.0,-275.498]
      ]
    }
  },
  {
    "node": {
      "name": "universal_airfield_fence_a",
      "tm": [
        [1.0,0.0,0.0],
        [0.0,1.0,0.0],
        [0.0,0.0,1.0],
        [-303.446,0.0,-275.498]
      ]
    }
  },
  {
    "node": {
      "name": "universal_airfield_fence_a",
      "tm": [
        [1.0,0.0,0.0],
        [0.0,1.0,0.0],
        [0.0,0.0,1.0],
        [-299.797,0.0,-275.498]
      ]
    }
  },
  {
    "node": {
      "name": "universal_airfield_fence_a",
      "tm": [
        [1.0,0.0,0.0],
        [0.0,1.0,0.0],
        [0.0,0.0,1.0],
        [-296.148,0.0,-275.498]
      ]
    }
  },
  {
    "node": {
      "name": "universal_airfield_fence_a",
      "tm": [
        [1.0,0.0,0.0],
        [0.0,1.0,0.0],
        [0.0,0.0,1.0],
        [-292.499,0.0,-275.498]
      ]
    }
  },
  {
    "node": {
      "name": "universal_airfield_fence_a",
      "tm": [
        [1.0,0.0,0.0],
        [0.0,1.0,0.0],
        [0.0,0.0,1.0],
        [-288.85,0.0,-275.498]
      ]
    }
  },
  {
    "node": {
      "name": "universal_airfield_fence_a",
      "tm": [
        [1.0,0.0,0.0],
        [0.0,1.0,0.0],
        [0.0,0.0,1.0],
        [-285.201,0.0,-275.498]
      ]
    }
  },
  {
    "node": {
      "name": "universal_airfield_fence_a",
      "tm": [
        [1.0,0.0,0.0],
        [0.0,1.0,0.0],
        [0.0,0.0,1.0],
        [-281.552,0.0,-275.498]
      ]
    }
  },
  {
    "node": {
      "name": "universal_airfield_fence_a",
      "tm": [
        [1.0,0.0,0.0],
        [0.0,1.0,0.0],
        [0.0,0.0,1.0],
        [-277.903,0.0,-275.498]
      ]
    }
  },
  {
    "node": {
      "name": "universal_airfield_fence_a",
      "tm": [
        [1.0,0.0,0.0],
        [0.0,1.0,0.0],
        [0.0,0.0,1.0],
        [-274.254,0.0,-275.498]
      ]
    }
  },
  {
    "node": {
      "name": "universal_airfield_fence_a",
      "tm": [
        [1.0,0.0,0.0],
        [0.0,1.0,0.0],
        [0.0,0.0,1.0],
        [-270.605,0.0,-275.498]
      ]
    }
  },
  {
    "node": {
      "name": "universal_airfield_fence_a",
      "tm": [
        [1.0,0.0,0.0],
        [0.0,1.0,0.0],
        [0.0,0.0,1.0],
        [-266.956,0.0,-275.498]
      ]
    }
  },
  {
    "node": {
      "name": "universal_airfield_fence_a",
      "tm": [
        [1.0,0.0,0.0],
        [0.0,1.0,0.0],
        [0.0,0.0,1.0],
        [-263.307,0.0,-275.498]
      ]
    }
  },
  {
    "node": {
      "name": "universal_airfield_fence_a",
      "tm": [
        [1.0,0.0,0.0],
        [0.0,1.0,0.0],
        [0.0,0.0,1.0],
        [-259.658,0.0,-275.498]
      ]
    }
  },
  {
    "node": {
      "name": "universal_airfield_fence_a",
      "tm": [
        [1.0,0.0,0.0],
        [0.0,1.0,0.0],
        [0.0,0.0,1.0],
        [-256.009,0.0,-275.498]
      ]
    }
  },
  {
    "node": {
      "name": "universal_airfield_fence_a",
      "tm": [
        [1.0,0.0,0.0],
        [0.0,1.0,0.0],
        [0.0,0.0,1.0],
        [-252.36,0.0,-275.498]
      ]
    }
  },
  {
    "node": {
      "name": "universal_airfield_fence_a",
      "tm": [
        [1.0,0.0,0.0],
        [0.0,1.0,0.0],
        [0.0,0.0,1.0],
        [-248.711,0.0,-275.498]
      ]
    }
  },
  {
    "node": {
      "name": "universal_airfield_fence_a",
      "tm": [
        [1.0,0.0,0.0],
        [0.0,1.0,0.0],
        [0.0,0.0,1.0],
        [-245.062,0.0,-275.498]
      ]
    }
  },
  {
    "node": {
      "name": "universal_airfield_fence_a",
      "tm": [
        [1.0,0.0,0.0],
        [0.0,1.0,0.0],
        [0.0,0.0,1.0],
        [-241.413,0.0,-275.498]
      ]
    }
  },
  {
    "node": {
      "name": "universal_airfield_fence_a",
      "tm": [
        [1.0,0.0,0.0],
        [0.0,1.0,0.0],
        [0.0,0.0,1.0],
        [-237.764,0.0,-275.498]
      ]
    }
  },
  {
    "node": {
      "name": "universal_airfield_fence_a",
      "tm": [
        [1.0,0.0,0.0],
        [0.0,1.0,0.0],
        [0.0,0.0,1.0],
        [-234.115,0.0,-275.498]
      ]
    }
  },
  {
    "node": {
      "name": "universal_airfield_fence_a",
      "tm": [
        [1.0,0.0,0.0],
        [0.0,1.0,0.0],
        [0.0,0.0,1.0],
        [-230.466,0.0,-275.498]
      ]
    }
  },
  {
    "node": {
      "name": "universal_airfield_fence_a",
      "tm": [
        [-4.37114e-08,0.0,1.0],
        [0.0,1.0,0.0],
        [-1.0,0.0,-4.37114e-08],
        [-228.639,0.0,-273.669]
      ]
    }
  },
  {
    "node": {
      "name": "universal_airfield_fence_a",
      "tm": [
        [-4.37114e-08,0.0,1.0],
        [0.0,1.0,0.0],
        [-1.0,0.0,-4.37114e-08],
        [-228.639,0.0,-270.02]
      ]
    }
  },
  {
    "node": {
      "name": "universal_airfield_fence_a",
      "tm": [
        [-4.37114e-08,0.0,1.0],
        [0.0,1.0,0.0],
        [-1.0,0.0,-4.37114e-08],
        [-228.639,0.0,-266.371]
      ]
    }
  },
  {
    "node": {
      "name": "universal_airfield_fence_a",
      "tm": [
        [-4.37114e-08,0.0,1.0],
        [0.0,1.0,0.0],
        [-1.0,0.0,-4.37114e-08],
        [-228.639,0.0,-262.722]
      ]
    }
  },
  {
    "node": {
      "name": "universal_airfield_fence_a",
      "tm": [
        [-4.37114e-08,0.0,1.0],
        [0.0,1.0,0.0],
        [-1.0,0.0,-4.37114e-08],
        [-228.639,0.0,-259.073]
      ]
    }
  },
  {
    "node": {
      "name": "universal_airfield_fence_a",
      "tm": [
        [-4.37114e-08,0.0,1.0],
        [0.0,1.0,0.0],
        [-1.0,0.0,-4.37114e-08],
        [-228.639,0.0,-255.424]
      ]
    }
  },
  {
    "node": {
      "name": "universal_airfield_fence_a",
      "tm": [
        [-4.37114e-08,0.0,1.0],
        [0.0,1.0,0.0],
        [-1.0,0.0,-4.37114e-08],
        [-228.639,0.0,-251.775]
      ]
    }
  },
  {
    "node": {
      "name": "universal_airfield_fence_a",
      "tm": [
        [-4.37114e-08,0.0,1.0],
        [0.0,1.0,0.0],
        [-1.0,0.0,-4.37114e-08],
        [-228.639,0.0,-243.99]
      ]
    }
  },
  {
    "node": {
      "name": "universal_airfield_fence_a",
      "tm": [
        [-4.37114e-08,0.0,1.0],
        [0.0,1.0,0.0],
        [-1.0,0.0,-4.37114e-08],
        [-228.639,0.0,-240.341]
      ]
    }
  },
  {
    "node": {
      "name": "universal_airfield_fence_a",
      "tm": [
        [-4.37114e-08,0.0,1.0],
        [0.0,1.0,0.0],
        [-1.0,0.0,-4.37114e-08],
        [-228.639,0.0,-236.692]
      ]
    }
  },
  {
    "node": {
      "name": "universal_airfield_fence_a",
      "tm": [
        [-4.37114e-08,0.0,1.0],
        [0.0,1.0,0.0],
        [-1.0,0.0,-4.37114e-08],
        [-228.639,0.0,-233.043]
      ]
    }
  },
  {
    "node": {
      "name": "universal_airfield_fence_a",
      "tm": [
        [-4.37114e-08,0.0,1.0],
        [0.0,1.0,0.0],
        [-1.0,0.0,-4.37114e-08],
        [-228.639,0.0,-229.394]
      ]
    }
  },
  {
    "node": {
      "name": "universal_airfield_fence_a",
      "tm": [
        [-4.37114e-08,0.0,1.0],
        [0.0,1.0,0.0],
        [-1.0,0.0,-4.37114e-08],
        [-228.639,0.0,-225.745]
      ]
    }
  },
  {
    "node": {
      "name": "universal_airfield_fence_a",
      "tm": [
        [-4.37114e-08,0.0,1.0],
        [0.0,1.0,0.0],
        [-1.0,0.0,-4.37114e-08],
        [-228.639,0.0,-222.096]
      ]
    }
  },
  {
    "node": {
      "name": "universal_airfield_fence_a",
      "tm": [
        [-4.37114e-08,0.0,1.0],
        [0.0,1.0,0.0],
        [-1.0,0.0,-4.37114e-08],
        [-228.639,0.0,-218.447]
      ]
    }
  },
  {
    "node": {
      "name": "universal_airfield_fence_a",
      "tm": [
        [-4.37114e-08,0.0,1.0],
        [0.0,1.0,0.0],
        [-1.0,0.0,-4.37114e-08],
        [-228.639,0.0,-214.798]
      ]
    }
  },
  {
    "node": {
      "name": "universal_airfield_fence_a",
      "tm": [
        [-4.37114e-08,0.0,1.0],
        [0.0,1.0,0.0],
        [-1.0,0.0,-4.37114e-08],
        [-228.639,0.0,-211.149]
      ]
    }
  },
  {
    "node": {
      "name": "universal_airfield_fence_a",
      "tm": [
        [-4.37114e-08,0.0,1.0],
        [0.0,1.0,0.0],
        [-1.0,0.0,-4.37114e-08],
        [-228.639,0.0,-207.5]
      ]
    }
  },
  {
    "node": {
      "name": "universal_airfield_fence_a",
      "tm": [
        [-1.0,0.0,-1.51793e-06],
        [0.0,1.0,0.0],
        [1.51793e-06,0.0,-1.0],
        [-230.466,0.0,-205.675]
      ]
    }
  },
  {
    "node": {
      "name": "universal_airfield_fence_a",
      "tm": [
        [-1.0,0.0,-1.51793e-06],
        [0.0,1.0,0.0],
        [1.51793e-06,0.0,-1.0],
        [-234.115,0.0,-205.675]
      ]
    }
  },
  {
    "node": {
      "name": "universal_airfield_fence_a",
      "tm": [
        [-1.0,0.0,-1.51793e-06],
        [0.0,1.0,0.0],
        [1.51793e-06,0.0,-1.0],
        [-237.764,0.0,-205.675]
      ]
    }
  },
  {
    "node": {
      "name": "universal_airfield_fence_a",
      "tm": [
        [-1.0,0.0,-1.51793e-06],
        [0.0,1.0,0.0],
        [1.51793e-06,0.0,-1.0],
        [-241.413,0.0,-205.675]
      ]
    }
  },
  {
    "node": {
      "name": "universal_airfield_fence_a",
      "tm": [
        [-1.0,0.0,-1.51793e-06],
        [0.0,1.0,0.0],
        [1.51793e-06,0.0,-1.0],
        [-245.062,0.0,-205.675]
      ]
    }
  },
  {
    "node": {
      "name": "universal_airfield_fence_a",
      "tm": [
        [-1.0,0.0,-1.51793e-06],
        [0.0,1.0,0.0],
        [1.51793e-06,0.0,-1.0],
        [-248.711,0.0,-205.675]
      ]
    }
  },
  {
    "node": {
      "name": "universal_airfield_fence_a",
      "tm": [
        [-1.0,0.0,-1.51793e-06],
        [0.0,1.0,0.0],
        [1.51793e-06,0.0,-1.0],
        [-252.36,0.0,-205.675]
      ]
    }
  },
  {
    "node": {
      "name": "universal_airfield_fence_a",
      "tm": [
        [-1.0,0.0,-1.51793e-06],
        [0.0,1.0,0.0],
        [1.51793e-06,0.0,-1.0],
        [-256.009,0.0,-205.675]
      ]
    }
  },
  {
    "node": {
      "name": "universal_airfield_fence_a",
      "tm": [
        [-1.0,0.0,-1.51793e-06],
        [0.0,1.0,0.0],
        [1.51793e-06,0.0,-1.0],
        [-259.658,0.0,-205.675]
      ]
    }
  },
  {
    "node": {
      "name": "universal_airfield_fence_a",
      "tm": [
        [-1.0,0.0,-1.51793e-06],
        [0.0,1.0,0.0],
        [1.51793e-06,0.0,-1.0],
        [-263.307,0.0,-205.675]
      ]
    }
  },
  {
    "node": {
      "name": "universal_airfield_fence_a",
      "tm": [
        [-1.0,0.0,-1.51793e-06],
        [0.0,1.0,0.0],
        [1.51793e-06,0.0,-1.0],
        [-266.956,0.0,-205.675]
      ]
    }
  },
  {
    "node": {
      "name": "universal_airfield_fence_a",
      "tm": [
        [-1.0,0.0,-1.51793e-06],
        [0.0,1.0,0.0],
        [1.51793e-06,0.0,-1.0],
        [-270.605,0.0,-205.675]
      ]
    }
  },
  {
    "node": {
      "name": "universal_airfield_fence_a",
      "tm": [
        [-1.0,0.0,-1.51793e-06],
        [0.0,1.0,0.0],
        [1.51793e-06,0.0,-1.0],
        [-274.254,0.0,-205.675]
      ]
    }
  },
  {
    "node": {
      "name": "universal_airfield_fence_a",
      "tm": [
        [-1.0,0.0,-1.51793e-06],
        [0.0,1.0,0.0],
        [1.51793e-06,0.0,-1.0],
        [-277.903,0.0,-205.675]
      ]
    }
  },
  {
    "node": {
      "name": "universal_airfield_fence_a",
      "tm": [
        [-1.0,0.0,-1.51793e-06],
        [0.0,1.0,0.0],
        [1.51793e-06,0.0,-1.0],
        [-281.552,0.0,-205.675]
      ]
    }
  },
  {
    "node": {
      "name": "universal_airfield_fence_a",
      "tm": [
        [-1.0,0.0,-1.51793e-06],
        [0.0,1.0,0.0],
        [1.51793e-06,0.0,-1.0],
        [-285.201,0.0,-205.675]
      ]
    }
  },
  {
    "node": {
      "name": "universal_airfield_fence_a",
      "tm": [
        [-1.0,0.0,-1.51793e-06],
        [0.0,1.0,0.0],
        [1.51793e-06,0.0,-1.0],
        [-288.85,0.0,-205.675]
      ]
    }
  },
  {
    "node": {
      "name": "universal_airfield_fence_a",
      "tm": [
        [-1.0,0.0,-1.51793e-06],
        [0.0,1.0,0.0],
        [1.51793e-06,0.0,-1.0],
        [-292.499,0.0,-205.675]
      ]
    }
  },
  {
    "node": {
      "name": "universal_airfield_fence_a",
      "tm": [
        [-1.0,0.0,-1.51793e-06],
        [0.0,1.0,0.0],
        [1.51793e-06,0.0,-1.0],
        [-296.148,0.0,-205.675]
      ]
    }
  },
  {
    "node": {
      "name": "universal_airfield_fence_a",
      "tm": [
        [-1.0,0.0,-1.51793e-06],
        [0.0,1.0,0.0],
        [1.51793e-06,0.0,-1.0],
        [-299.797,0.0,-205.675]
      ]
    }
  },
  {
    "node": {
      "name": "universal_airfield_fence_a",
      "tm": [
        [-1.0,0.0,-1.51793e-06],
        [0.0,1.0,0.0],
        [1.51793e-06,0.0,-1.0],
        [-303.446,0.0,-205.675]
      ]
    }
  },
  {
    "node": {
      "name": "universal_airfield_fence_a",
      "tm": [
        [-1.0,0.0,-1.51793e-06],
        [0.0,1.0,0.0],
        [1.51793e-06,0.0,-1.0],
        [-307.095,0.0,-205.675]
      ]
    }
  },
  {
    "node": {
