{
  "airfields": [],
  "areas": {
    "center_area": {
      "objLayer": 3,
      "props": [],
      "tm": [
        [14142.1,0.0,-14142.1],
        [0.0,500.1,0.0],
        [70145.0,0.0,70145.0],
        [0.0,350.234,0.0]
      ],
      "type": "Box"
    },
    "ft_border": {
      "objLayer": 3,
      "props": [],
      "tm": [
        [-62000.0,0.0,0.0],
        [0.0,1200.0,0.0],
        [0.0,0.0,-62000.0],
        [0.0,7.99998,0.0]
      ],
      "type": "Box"
    },
    "ft_t1_airfield_01_01_bomb_zone": {
      "objLayer": 0,
      "props": [],
      "tm": [
        [-3183.05,0.0,328.947],
        [0.0,350.0,0.0],
        [-123.356,0.0,-1193.64],
        [-15601.6,-14.6201,30357.5]
      ],
      "type": "Box"
    },
    "ft_t1_airfield_01_01_spawn_01": {
      "objLayer": 0,
      "props": [],
      "tm": [
        [-0.810039,0.0,0.586376],
        [0.0,1.0,0.0],
        [-0.586376,0.0,-0.810039],
        [-15220.0,-14.0153,30889.2]
      ],
      "type": "Point"
    },
    "ft_t1_airfield_01_01_spawn_02": {
      "objLayer": 0,
      "props": [],
      "tm": [
        [-0.810039,0.0,0.586376],
        [0.0,1.0,0.0],
        [-0.586376,0.0,-0.810039],
        [-14650.3,-11.5633,29649.1]
      ],
      "type": "Point"
    },
    "ft_t1_airfield_01_01_spawn_03": {
      "objLayer": 0,
      "props": [],
      "tm": [
        [-0.810039,0.0,0.586376],
        [0.0,1.0,0.0],
        [-0.586376,0.0,-0.810039],
        [-14924.3,-5.11926,29663.0]
      ],
      "type": "Point"
    },
    "ft_t1_airfield_01_01_spawn_04": {
      "objLayer": 0,
      "props": [],
      "tm": [
        [-0.858063,0.0,0.513545],
        [0.0,1.0,0.0],
        [-0.513545,0.0,-0.858063],
        [-16481.0,-1.71927,29810.3]
      ],
      "type": "Point"
    },
    "ft_t1_airfield_01_01_spawn_05": {
      "objLayer": 0,
      "props": [],
      "tm": [
        [-0.810039,0.0,0.586376],
        [0.0,1.0,0.0],
        [-0.586376,0.0,-0.810039],
        [-14639.4,-15.9954,30796.5]
      ],
      "type": "Point"
    },
    "ft_t1_airfield_01_01_spawn_06": {
      "objLayer": 0,
      "props": [],
      "tm": [
        [-0.810039,0.0,0.586376],
        [0.0,1.0,0.0],
        [-0.586376,0.0,-0.810039],
        [-15192.6,15.7057,29679.0]
      ],
      "type": "Point"
    },
    "ft_t1_airfield_01_01_spawn_07": {
      "objLayer": 0,
      "props": [],
      "tm": [
        [-0.810039,0.0,0.586376],
        [0.0,1.0,0.0],
        [-0.586376,0.0,-0.810039],
        [-15543.8,-15.1023,30898.3]
      ],
      "type": "Point"
    },
    "ft_t1_airfield_01_01_spawn_08": {
      "objLayer": 0,
      "props": [],
      "tm": [
        [-0.810039,0.0,0.586376],
        [0.0,1.0,0.0],
        [-0.586376,0.0,-0.810039],
        [-16495.2,-8.50926,30966.4]
      ],
      "type": "Point"
    },
    "ft_t1_airfield_01_01_spawn_09": {
      "objLayer": 0,
      "props": [],
      "tm": [
        [-0.810039,0.0,0.586376],
        [0.0,1.0,0.0],
        [-0.586376,0.0,-0.810039],
        [-15892.7,16.7437,29765.3]
      ],
      "type": "Point"
    },
    "ft_t1_airfield_01_01_spawn_10": {
      "objLayer": 0,
      "props": [],
      "tm": [
        [-0.810039,0.0,0.586376],
        [0.0,1.0,0.0],
        [-0.586376,0.0,-0.810039],
        [-16216.9,8.51474,29800.2]
      ],
      "type": "Point"
    },
    "ft_t1_airfield_01_01_spawn_11": {
      "objLayer": 0,
      "props": [],
      "tm": [
        [-0.810039,0.0,0.586376],
        [0.0,1.0,0.0],
        [-0.586376,0.0,-0.810039],
        [-16267.4,-10.4783,30936.3]
      ],
      "type": "Point"
    },
    "ft_t1_airfield_01_01_spawn_12": {
      "objLayer": 0,
      "props": [],
      "tm": [
        [-0.810039,0.0,0.586376],
        [0.0,1.0,0.0],
        [-0.586376,0.0,-0.810039],
        [-15846.5,-12.0173,30946.0]
      ],
      "type": "Point"
    },
    "ft_t1_airfield_01_01_spawn_13": {
      "objLayer": 0,
      "props": [],
      "tm": [
        [-0.810039,0.0,0.586376],
        [0.0,1.0,0.0],
        [-0.586376,0.0,-0.810039],
        [-14953.7,-18.5967,30835.1]
      ],
      "type": "Point"
    },
    "ft_t1_airfield_01_01_spawn_14": {
      "objLayer": 0,
      "props": [],
      "tm": [
        [-0.810039,0.0,0.586376],
        [0.0,1.0,0.0],
        [-0.586376,0.0,-0.810039],
        [-15588.4,22.9987,29706.2]
      ],
      "type": "Point"
    },
    "ft_t1_airfield_01_02_bomb_zone": {
      "objLayer": 0,
      "props": [],
      "tm": [
        [-1932.05,0.0,2550.92],
        [0.0,350.0,0.0],
        [-956.596,0.0,-724.511],
        [-29350.9,-14.8225,17352.9]
      ],
      "type": "Box"
    },
    "ft_t1_airfield_01_02_spawn_01": {
      "objLayer": 0,
      "props": [],
      "tm": [
        [0.0499004,0.0,0.998754],
        [0.0,1.0,0.0],
        [-0.998754,0.0,0.0499004],
        [-29789.8,22.7054,17100.3]
      ],
      "type": "Point"
    },
    "ft_t1_airfield_01_02_spawn_02": {
      "objLayer": 0,
      "props": [],
      "tm": [
        [0.0499004,0.0,0.998754],
        [0.0,1.0,0.0],
        [-0.998754,0.0,0.0499004],
        [-28305.0,34.6834,17126.6]
      ],
      "type": "Point"
    },
    "ft_t1_airfield_01_02_spawn_03": {
      "objLayer": 0,
      "props": [],
      "tm": [
        [0.0499004,0.0,0.998754],
        [0.0,1.0,0.0],
        [-0.998754,0.0,0.0499004],
        [-28104.8,37.4624,16881.9]
      ],
      "type": "Point"
    },
    "ft_t1_airfield_01_02_spawn_04": {
      "objLayer": 0,
      "props": [],
      "tm": [
        [0.0499004,0.0,0.998754],
        [0.0,1.0,0.0],
        [-0.998754,0.0,0.0499004],
        [-29220.0,7.30423,18154.8]
      ],
      "type": "Point"
    },
    "ft_t1_airfield_01_02_spawn_05": {
      "objLayer": 0,
      "props": [],
      "tm": [
        [0.0499004,0.0,0.998754],
        [0.0,1.0,0.0],
        [-0.998754,0.0,0.0499004],
        [-29918.0,18.0304,17230.3]
      ],
      "type": "Point"
    },
    "ft_t1_airfield_01_02_spawn_06": {
      "objLayer": 0,
      "props": [],
      "tm": [
        [0.0499004,0.0,0.998754],
        [0.0,1.0,0.0],
        [-0.998754,0.0,0.0499004],
        [-29152.0,24.6764,16337.4]
      ],
      "type": "Point"
    },
    "ft_t1_airfield_01_02_spawn_07": {
      "objLayer": 0,
      "props": [],
      "tm": [
        [0.0499004,0.0,0.998754],
        [0.0,1.0,0.0],
        [-0.998754,0.0,0.0499004],
        [-28991.6,24.5184,16146.0]
      ],
      "type": "Point"
    },
    "ft_t1_airfield_01_02_spawn_08": {
      "objLayer": 0,
      "props": [],
      "tm": [
        [0.0499004,0.0,0.998754],
        [0.0,1.0,0.0],
        [-0.998754,0.0,0.0499004],
        [-28505.0,20.3154,17420.7]
      ],
      "type": "Point"
    },
    "ft_t1_airfield_01_02_spawn_09": {
      "objLayer": 0,
      "props": [],
      "tm": [
        [0.0499004,0.0,0.998754],
        [0.0,1.0,0.0],
        [-0.998754,0.0,0.0499004],
        [-29453.7,18.5434,18485.1]
      ],
      "type": "Point"
    },
    "ft_t1_airfield_01_02_spawn_10": {
      "objLayer": 0,
      "props": [],
      "tm": [
        [0.0499004,0.0,0.998754],
        [0.0,1.0,0.0],
        [-0.998754,0.0,0.0499004],
        [-29292.8,24.1344,16544.1]
      ],
      "type": "Point"
    },
    "ft_t1_airfield_01_02_spawn_11": {
      "objLayer": 0,
      "props": [],
      "tm": [
        [0.0499004,0.0,0.998754],
        [0.0,1.0,0.0],
        [-0.998754,0.0,0.0499004],
        [-28730.1,16.9614,17675.8]
      ],
      "type": "Point"
    },
    "ft_t1_airfield_01_02_spawn_12": {
      "objLayer": 0,
      "props": [],
      "tm": [
        [0.0499004,0.0,0.998754],
        [0.0,1.0,0.0],
        [-0.998754,0.0,0.0499004],
        [-28960.0,-1.09747,17911.2]
      ],
      "type": "Point"
    },
    "ft_t1_airfield_01_02_spawn_13": {
      "objLayer": 0,
      "props": [],
      "tm": [
        [0.0499004,0.0,0.998754],
        [0.0,1.0,0.0],
        [-0.998754,0.0,0.0499004],
        [-30057.3,9.96103,17407.4]
      ],
      "type": "Point"
    },
    "ft_t1_airfield_01_02_spawn_14": {
      "objLayer": 0,
      "props": [],
      "tm": [
        [0.0499004,0.0,0.998754],
        [0.0,1.0,0.0],
        [-0.998754,0.0,0.0499004],
        [-29568.3,24.6054,16848.2]
      ],
      "type": "Point"
    },
    "ft_t1_airfield_01_03_bomb_zone": {
      "objLayer": 0,
      "props": [],
      "tm": [
        [-2105.1,0.0,2410.09],
        [0.0,350.0,0.0],
        [-903.787,0.0,-789.405],
        [-25683.8,-19.6737,26356.4]
      ],
      "type": "Box"
    },
    "ft_t1_airfield_01_03_spawn_01": {
      "objLayer": 0,
      "props": [],
      "tm": [
        [-0.0198132,0.0,0.999803],
        [0.0,1.0,0.0],
        [-0.999803,0.0,-0.0198132],
        [-24407.9,32.6112,25973.4]
      ],
      "type": "Point"
    },
    "ft_t1_airfield_01_03_spawn_02": {
      "objLayer": 0,
      "props": [],
      "tm": [
        [-0.0198132,0.0,0.999803],
        [0.0,1.0,0.0],
        [-0.999803,0.0,-0.0198132],
        [-25241.3,19.6672,25177.5]
      ],
      "type": "Point"
    },
    "ft_t1_airfield_01_03_spawn_03": {
      "objLayer": 0,
      "props": [],
      "tm": [
        [-0.0198132,0.0,0.999803],
        [0.0,1.0,0.0],
        [-0.999803,0.0,-0.0198132],
        [-24624.8,29.8322,26203.6]
      ],
      "type": "Point"
    },
    "ft_t1_airfield_01_03_spawn_04": {
      "objLayer": 0,
      "props": [],
      "tm": [
        [-0.0198132,0.0,0.999803],
        [0.0,1.0,0.0],
        [-0.999803,0.0,-0.0198132],
        [-25414.6,19.8252,25357.3]
      ],
      "type": "Point"
    },
    "ft_t1_airfield_01_03_spawn_05": {
      "objLayer": 0,
      "props": [],
      "tm": [
        [-0.0198132,0.0,0.999803],
        [0.0,1.0,0.0],
        [-0.999803,0.0,-0.0198132],
        [-24844.8,15.4642,26483.0]
      ],
      "type": "Point"
    },
    "ft_t1_airfield_01_03_spawn_06": {
      "objLayer": 0,
      "props": [],
      "tm": [
        [-0.0198132,0.0,0.999803],
        [0.0,1.0,0.0],
        [-0.999803,0.0,-0.0198132],
        [-25569.5,19.2832,25553.7]
      ],
      "type": "Point"
    },
    "ft_t1_airfield_01_03_spawn_07": {
      "objLayer": 0,
      "props": [],
      "tm": [
        [-0.0198132,0.0,0.999803],
        [0.0,1.0,0.0],
        [-0.999803,0.0,-0.0198132],
        [-25087.0,12.1102,26721.8]
      ],
      "type": "Point"
    },
    "ft_t1_airfield_01_03_spawn_08": {
      "objLayer": 0,
      "props": [],
      "tm": [
        [-0.0198132,0.0,0.999803],
        [0.0,1.0,0.0],
        [-0.999803,0.0,-0.0198132],
        [-25865.5,19.7542,25837.8]
      ],
      "type": "Point"
    },
    "ft_t1_airfield_01_03_spawn_09": {
      "objLayer": 0,
      "props": [],
      "tm": [
        [-0.0198132,0.0,0.999803],
        [0.0,1.0,0.0],
        [-0.999803,0.0,-0.0198132],
        [-25332.8,-5.94877,26940.6]
      ],
      "type": "Point"
    },
    "ft_t1_airfield_01_03_spawn_10": {
      "objLayer": 0,
      "props": [],
      "tm": [
        [-0.0198132,0.0,0.999803],
        [0.0,1.0,0.0],
        [-0.999803,0.0,-0.0198132],
        [-26104.1,17.8542,26073.8]
      ],
      "type": "Point"
    },
    "ft_t1_airfield_01_03_spawn_11": {
      "objLayer": 0,
      "props": [],
      "tm": [
        [-0.0198132,0.0,0.999803],
        [0.0,1.0,0.0],
        [-0.999803,0.0,-0.0198132],
        [-25609.1,2.45293,27165.5]
      ],
      "type": "Point"
    },
    "ft_t1_airfield_01_03_spawn_12": {
      "objLayer": 0,
      "props": [],
      "tm": [
        [-0.0198132,0.0,0.999803],
        [0.0,1.0,0.0],
        [-0.999803,0.0,-0.0198132],
        [-26241.0,13.1792,26194.6]
      ],
      "type": "Point"
    },
    "ft_t1_airfield_01_03_spawn_13": {
      "objLayer": 0,
      "props": [],
      "tm": [
        [-0.0198132,0.0,0.999803],
        [0.0,1.0,0.0],
        [-0.999803,0.0,-0.0198132],
        [-26392.3,5.10973,26361.5]
      ],
      "type": "Point"
    },
    "ft_t1_airfield_01_03_spawn_14": {
      "objLayer": 0,
      "props": [],
      "tm": [
        [-0.0198132,0.0,0.999803],
        [0.0,1.0,0.0],
        [-0.999803,0.0,-0.0198132],
        [-25865.3,13.6922,27478.7]
      ],
      "type": "Point"
    },
    "ft_t1_airfield_02_01_bomb_zone": {
      "objLayer": 0,
      "props": [],
      "tm": [
        [-2430.85,0.0,2081.11],
        [0.0,350.0,0.0],
        [-780.414,0.0,-911.567],
        [-17476.7,-12.5729,15009.0]
      ],
      "type": "Box"
    },
    "ft_t1_airfield_02_01_spawn_01": {
      "objLayer": 0,
      "props": [],
      "tm": [
        [-0.902077,0.0,0.431576],
        [0.0,1.0,0.0],
        [-0.431576,0.0,-0.902077],
        [-16461.3,23.8581,14826.5]
      ],
      "type": "Point"
    },
    "ft_t1_airfield_02_01_spawn_02": {
      "objLayer": 0,
      "props": [],
      "tm": [
        [-0.902077,0.0,0.431576],
        [0.0,1.0,0.0],
        [-0.431576,0.0,-0.902077],
        [-16746.3,23.8963,15027.6]
      ],
      "type": "Point"
    },
    "ft_t1_airfield_02_01_spawn_03": {
      "objLayer": 0,
      "props": [],
      "tm": [
        [-0.902077,0.0,0.431576],
        [0.0,1.0,0.0],
        [-0.431576,0.0,-0.902077],
        [-17515.2,42.1751,14408.9]
      ],
      "type": "Point"
    },
    "ft_t1_airfield_02_01_spawn_04": {
      "objLayer": 0,
      "props": [],
      "tm": [
        [-0.902077,0.0,0.431576],
        [0.0,1.0,0.0],
        [-0.431576,0.0,-0.902077],
        [-17027.0,13.5646,13939.5]
      ],
      "type": "Point"
    },
    "ft_t1_airfield_02_01_spawn_05": {
      "objLayer": 0,
      "props": [],
      "tm": [
        [-0.902077,0.0,0.431576],
        [0.0,1.0,0.0],
        [-0.431576,0.0,-0.902077],
        [-18264.8,72.2053,15096.6]
      ],
      "type": "Point"
    },
    "ft_t1_airfield_02_01_spawn_06": {
      "objLayer": 0,
      "props": [],
      "tm": [
        [-0.902077,0.0,0.431576],
        [0.0,1.0,0.0],
        [-0.431576,0.0,-0.902077],
        [-17482.9,23.8963,15657.9]
      ],
      "type": "Point"
    },
    "ft_t1_airfield_02_01_spawn_07": {
      "objLayer": 0,
      "props": [],
      "tm": [
        [-0.902077,0.0,0.431576],
        [0.0,1.0,0.0],
        [-0.431576,0.0,-0.902077],
        [-16339.8,23.3117,14693.4]
      ],
      "type": "Point"
    },
    "ft_t1_airfield_02_01_spawn_08": {
      "objLayer": 0,
      "props": [],
      "tm": [
        [-0.902077,0.0,0.431576],
        [0.0,1.0,0.0],
        [-0.431576,0.0,-0.902077],
        [-17271.6,26.5412,14113.9]
      ],
      "type": "Point"
    },
    "ft_t1_airfield_02_01_spawn_09": {
      "objLayer": 0,
      "props": [],
      "tm": [
        [-0.902077,0.0,0.431576],
        [0.0,1.0,0.0],
        [-0.431576,0.0,-0.902077],
        [-18550.1,54.2326,15389.9]
      ],
      "type": "Point"
    },
    "ft_t1_airfield_02_01_spawn_10": {
      "objLayer": 0,
      "props": [],
      "tm": [
        [-0.902077,0.0,0.431576],
        [0.0,1.0,0.0],
        [-0.431576,0.0,-0.902077],
        [-17171.5,23.8963,15460.6]
      ],
      "type": "Point"
    },
    "ft_t1_airfield_02_01_spawn_11": {
      "objLayer": 0,
      "props": [],
      "tm": [
        [-0.902077,0.0,0.431576],
        [0.0,1.0,0.0],
        [-0.431576,0.0,-0.902077],
        [-18033.6,50.8954,14865.9]
      ],
      "type": "Point"
    },
    "ft_t1_airfield_02_01_spawn_12": {
      "objLayer": 0,
      "props": [],
      "tm": [
        [-0.902077,0.0,0.431576],
        [0.0,1.0,0.0],
        [-0.431576,0.0,-0.902077],
        [-17830.5,55.0097,14685.9]
      ],
      "type": "Point"
    },
    "ft_t1_airfield_02_01_spawn_13": {
      "objLayer": 0,
      "props": [],
      "tm": [
        [-0.902077,0.0,0.431576],
        [0.0,1.0,0.0],
        [-0.431576,0.0,-0.902077],
        [-16972.6,23.8963,15207.7]
      ],
      "type": "Point"
    },
    "ft_t1_airfield_02_01_spawn_14": {
      "objLayer": 0,
      "props": [],
      "tm": [
        [-0.902077,0.0,0.431576],
        [0.0,1.0,0.0],
        [-0.431576,0.0,-0.902077],
        [-17816.0,23.8963,15954.0]
      ],
      "type": "Point"
    },
    "ft_t1_airfield_02_02_bomb_zone": {
      "objLayer": 0,
      "props": [],
      "tm": [
        [-663.59,0.0,3130.43],
        [0.0,350.0,0.0],
        [-1173.91,0.0,-248.845],
        [-24160.4,5.63195,6309.16]
      ],
      "type": "Box"
    },
    "ft_t1_airfield_02_02_spawn_01": {
      "objLayer": 0,
      "props": [],
      "tm": [
        [-0.0611061,0.0,0.998131],
        [0.0,1.0,0.0],
        [-0.998131,0.0,-0.0611061],
        [-23369.0,-40.494,5886.49]
      ],
      "type": "Point"
    },
    "ft_t1_airfield_02_02_spawn_02": {
      "objLayer": 0,
      "props": [],
      "tm": [
        [-0.0611061,0.0,0.998131],
        [0.0,1.0,0.0],
        [-0.998131,0.0,-0.0611061],
        [-24574.9,95.2691,5291.22]
      ],
      "type": "Point"
    },
    "ft_t1_airfield_02_02_spawn_03": {
      "objLayer": 0,
      "props": [],
      "tm": [
        [-0.0611061,0.0,0.998131],
        [0.0,1.0,0.0],
        [-0.998131,0.0,-0.0611061],
        [-24595.9,67.4341,5565.33]
      ],
      "type": "Point"
    },
    "ft_t1_airfield_02_02_spawn_04": {
      "objLayer": 0,
      "props": [],
      "tm": [
        [-0.0611061,0.0,0.998131],
        [0.0,1.0,0.0],
        [-0.998131,0.0,-0.0611061],
        [-23613.1,64.2121,7514.9]
      ],
      "type": "Point"
    },
    "ft_t1_airfield_02_02_spawn_05": {
      "objLayer": 0,
      "props": [],
      "tm": [
        [-0.0611061,0.0,0.998131],
        [0.0,1.0,0.0],
        [-0.998131,0.0,-0.0611061],
        [-23585.1,-2.24753,7144.16]
      ],
      "type": "Point"
    },
    "ft_t1_airfield_02_02_spawn_06": {
      "objLayer": 0,
      "props": [],
      "tm": [
        [-0.0611061,0.0,0.998131],
        [0.0,1.0,0.0],
        [-0.998131,0.0,-0.0611061],
        [-24752.0,2.38626,6280.9]
      ],
      "type": "Point"
    },
    "ft_t1_airfield_02_02_spawn_07": {
      "objLayer": 0,
      "props": [],
      "tm": [
        [-0.0611061,0.0,0.998131],
        [0.0,1.0,0.0],
        [-0.998131,0.0,-0.0611061],
        [-24913.2,3.05797,5849.5]
      ],
      "type": "Point"
    },
    "ft_t1_airfield_02_02_spawn_08": {
      "objLayer": 0,
      "props": [],
      "tm": [
        [-0.0611061,0.0,0.998131],
        [0.0,1.0,0.0],
        [-0.998131,0.0,-0.0611061],
        [-23367.7,-37.1972,5459.82]
      ],
      "type": "Point"
    },
    "ft_t1_airfield_02_02_spawn_09": {
      "objLayer": 0,
      "props": [],
      "tm": [
        [-0.0611061,0.0,0.998131],
        [0.0,1.0,0.0],
        [-0.998131,0.0,-0.0611061],
        [-24823.8,2.22568,6001.85]
      ],
      "type": "Point"
    },
    "ft_t1_airfield_02_02_spawn_10": {
      "objLayer": 0,
      "props": [],
      "tm": [
        [-0.0611061,0.0,0.998131],
        [0.0,1.0,0.0],
        [-0.998131,0.0,-0.0611061],
        [-24783.7,8.25586,6585.99]
      ],
      "type": "Point"
    },
    "ft_t1_airfield_02_02_spawn_11": {
      "objLayer": 0,
      "props": [],
      "tm": [
        [-0.0611061,0.0,0.998131],
        [0.0,1.0,0.0],
        [-0.998131,0.0,-0.0611061],
        [-24798.3,82.4341,7090.8]
      ],
      "type": "Point"
    },
    "ft_t1_airfield_02_02_spawn_12": {
      "objLayer": 0,
      "props": [],
      "tm": [
        [-0.0611061,0.0,0.998131],
        [0.0,1.0,0.0],
        [-0.998131,0.0,-0.0611061],
        [-23399.2,-41.6359,6256.97]
      ],
      "type": "Point"
    },
    "ft_t1_airfield_02_02_spawn_13": {
      "objLayer": 0,
      "props": [],
      "tm": [
        [-0.0611061,0.0,0.998131],
        [0.0,1.0,0.0],
        [-0.998131,0.0,-0.0611061],
        [-23356.8,-32.0382,5227.45]
      ],
      "type": "Point"
    },
    "ft_t1_airfield_02_02_spawn_14": {
      "objLayer": 0,
      "props": [],
      "tm": [
        [-0.0611061,0.0,0.998131],
        [0.0,1.0,0.0],
        [-0.998131,0.0,-0.0611061],
        [-23436.3,-39.8031,6616.0]
      ],
      "type": "Point"
    },
    "ft_t1_airfield_02_03_bomb_zone": {
      "objLayer": 0,
      "props": [],
      "tm": [
        [-2326.33,0.0,2197.31],
        [0.0,350.0,0.0],
        [-823.992,0.0,-872.377],
        [-11762.6,-6.19441,22063.0]
      ],
      "type": "Box"
    },
    "ft_t1_airfield_02_03_spawn_01": {
      "objLayer": 0,
      "props": [],
      "tm": [
        [0.115522,0.0,-0.993305],
        [0.0,1.0,0.0],
        [0.993305,0.0,0.115522],
        [-10740.7,18.6823,21853.9]
      ],
      "type": "Point"
    },
    "ft_t1_airfield_02_03_spawn_02": {
      "objLayer": 0,
      "props": [],
      "tm": [
        [0.115522,0.0,-0.993305],
        [0.0,1.0,0.0],
        [0.993305,0.0,0.115522],
        [-11635.2,30.0634,22667.5]
      ],
      "type": "Point"
    },
    "ft_t1_airfield_02_03_spawn_03": {
      "objLayer": 0,
      "props": [],
      "tm": [
        [0.115522,0.0,-0.993305],
        [0.0,1.0,0.0],
        [0.993305,0.0,0.115522],
        [-12113.0,21.1106,21519.9]
      ],
      "type": "Point"
    },
    "ft_t1_airfield_02_03_spawn_04": {
      "objLayer": 0,
      "props": [],
      "tm": [
        [0.115522,0.0,-0.993305],
        [0.0,1.0,0.0],
        [0.993305,0.0,0.115522],
        [-12774.1,22.7101,22116.6]
      ],
      "type": "Point"
    },
    "ft_t1_airfield_02_03_spawn_05": {
      "objLayer": 0,
      "props": [],
      "tm": [
        [0.115522,0.0,-0.993305],
        [0.0,1.0,0.0],
        [0.993305,0.0,0.115522],
        [-11852.3,24.601,21317.6]
      ],
      "type": "Point"
    },
    "ft_t1_airfield_02_03_spawn_06": {
      "objLayer": 0,
      "props": [],
      "tm": [
        [0.115522,0.0,-0.993305],
        [0.0,1.0,0.0],
        [0.993305,0.0,0.115522],
        [-10916.0,20.3896,22025.2]
      ],
      "type": "Point"
    },
    "ft_t1_airfield_02_03_spawn_07": {
      "objLayer": 0,
      "props": [],
      "tm": [
        [0.115522,0.0,-0.993305],
        [0.0,1.0,0.0],
        [0.993305,0.0,0.115522],
        [-11428.8,20.5688,22494.3]
      ],
      "type": "Point"
    },
    "ft_t1_airfield_02_03_spawn_08": {
      "objLayer": 0,
      "props": [],
      "tm": [
        [0.115522,0.0,-0.993305],
        [0.0,1.0,0.0],
        [0.993305,0.0,0.115522],
        [-11875.8,24.3037,22940.1]
      ],
      "type": "Point"
    },
    "ft_t1_airfield_02_03_spawn_09": {
      "objLayer": 0,
      "props": [],
      "tm": [
        [-0.16878,0.0,-0.985654],
        [0.0,1.0,0.0],
        [0.985654,0.0,-0.16878],
        [-12351.1,29.2981,23407.4]
      ],
      "type": "Point"
    },
    "ft_t1_airfield_02_03_spawn_10": {
      "objLayer": 0,
      "props": [],
      "tm": [
        [0.115522,0.0,-0.993305],
        [0.0,1.0,0.0],
        [0.993305,0.0,0.115522],
        [-11476.1,22.8921,20945.4]
      ],
      "type": "Point"
    },
    "ft_t1_airfield_02_03_spawn_11": {
      "objLayer": 0,
      "props": [],
      "tm": [
        [0.115522,0.0,-0.993305],
        [0.0,1.0,0.0],
        [0.993305,0.0,0.115522],
        [-11116.8,23.581,22193.8]
      ],
      "type": "Point"
    },
    "ft_t1_airfield_02_03_spawn_12": {
      "objLayer": 0,
      "props": [],
      "tm": [
        [0.115522,0.0,-0.993305],
        [0.0,1.0,0.0],
        [0.993305,0.0,0.115522],
        [-12545.9,15.4299,21882.9]
      ],
      "type": "Point"
    },
    "ft_t1_airfield_02_03_spawn_13": {
      "objLayer": 0,
      "props": [],
      "tm": [
        [0.115522,0.0,-0.993305],
        [0.0,1.0,0.0],
        [0.993305,0.0,0.115522],
        [-12885.7,23.23,22215.6]
      ],
      "type": "Point"
    },
    "ft_t1_airfield_02_03_spawn_14": {
      "objLayer": 0,
      "props": [],
      "tm": [
        [0.115522,0.0,-0.993305],
        [0.0,1.0,0.0],
        [0.993305,0.0,0.115522],
        [-12352.6,18.2224,21720.8]
      ],
      "type": "Point"
    },
    "ft_t1_airfield_02_03_spawn_15": {
      "objLayer": 0,
      "props": [],
      "tm": [
        [0.115522,0.0,-0.993305],
        [0.0,1.0,0.0],
        [0.993305,0.0,0.115522],
        [-11685.7,22.1305,21163.8]
      ],
      "type": "Point"
    },
    "ft_t1_airfield_02_03_spawn_16": {
      "objLayer": 0,
      "props": [],
      "tm": [
        [0.115522,0.0,-0.993305],
        [0.0,1.0,0.0],
        [0.993305,0.0,0.115522],
        [-10560.2,16.8789,21731.4]
      ],
      "type": "Point"
    },
    "ft_t1_airfield_02_04_bomb_zone": {
      "objLayer": 0,
      "props": [],
      "tm": [
        [-2185.54,0.0,2337.39],
        [0.0,350.0,0.0],
        [-876.523,0.0,-819.574],
        [-4612.7,-11.2299,29397.9]
      ],
      "type": "Box"
    },
    "ft_t1_airfield_02_04_spawn_01": {
      "objLayer": 0,
      "props": [],
      "tm": [
        [-0.986842,0.0,-0.161688],
        [0.0,1.0,0.0],
        [0.161688,0.0,-0.986842],
        [-4305.6,38.9099,28188.9]
      ],
      "type": "Point"
    },
    "ft_t1_airfield_02_04_spawn_02": {
      "objLayer": 0,
      "props": [],
      "tm": [
        [-0.986842,0.0,-0.161688],
        [0.0,1.0,0.0],
        [0.161688,0.0,-0.986842],
        [-4162.78,20.0967,29644.0]
      ],
      "type": "Point"
    },
    "ft_t1_airfield_02_04_spawn_03": {
      "objLayer": 0,
      "props": [],
      "tm": [
        [-0.986842,0.0,-0.161688],
        [0.0,1.0,0.0],
        [0.161688,0.0,-0.986842],
        [-3703.17,16.2225,29106.4]
      ],
      "type": "Point"
    },
    "ft_t1_airfield_02_04_spawn_04": {
      "objLayer": 0,
      "props": [],
      "tm": [
        [-0.986842,0.0,-0.161688],
        [0.0,1.0,0.0],
        [0.161688,0.0,-0.986842],
        [-5026.29,8.69286,30530.0]
      ],
      "type": "Point"
    },
    "ft_t1_airfield_02_04_spawn_05": {
      "objLayer": 0,
      "props": [],
      "tm": [
        [-0.986842,0.0,-0.161688],
        [0.0,1.0,0.0],
        [0.161688,0.0,-0.986842],
        [-5508.69,-19.5911,29318.2]
      ],
      "type": "Point"
    },
    "ft_t1_airfield_02_04_spawn_06": {
      "objLayer": 0,
      "props": [],
      "tm": [
        [-0.986842,0.0,-0.161688],
        [0.0,1.0,0.0],
        [0.161688,0.0,-0.986842],
        [-4860.15,-8.54054,28797.6]
      ],
      "type": "Point"
    },
    "ft_t1_airfield_02_04_spawn_07": {
      "objLayer": 0,
      "props": [],
      "tm": [
        [-0.986842,0.0,-0.161688],
        [0.0,1.0,0.0],
        [0.161688,0.0,-0.986842],
        [-4482.4,0.149158,28368.7]
      ],
      "type": "Point"
    },
    "ft_t1_airfield_02_04_spawn_08": {
      "objLayer": 0,
      "props": [],
      "tm": [
        [-0.986842,0.0,-0.161688],
        [0.0,1.0,0.0],
        [0.161688,0.0,-0.986842],
        [-4707.25,-8.72454,28581.0]
      ],
      "type": "Point"
    },
    "ft_t1_airfield_02_04_spawn_09": {
      "objLayer": 0,
      "props": [],
      "tm": [
        [-0.986842,0.0,-0.161688],
        [0.0,1.0,0.0],
        [0.161688,0.0,-0.986842],
        [-4805.88,12.6742,30337.6]
      ],
      "type": "Point"
    },
    "ft_t1_airfield_02_04_spawn_10": {
      "objLayer": 0,
      "props": [],
      "tm": [
        [-0.986842,0.0,-0.161688],
        [0.0,1.0,0.0],
        [0.161688,0.0,-0.986842],
        [-4304.41,-0.495541,29825.8]
      ],
      "type": "Point"
    },
    "ft_t1_airfield_02_04_spawn_11": {
      "objLayer": 0,
      "props": [],
      "tm": [
        [-0.986842,0.0,-0.161688],
        [0.0,1.0,0.0],
        [0.161688,0.0,-0.986842],
        [-3997.64,-0.405441,29439.9]
      ],
      "type": "Point"
    },
    "ft_t1_airfield_02_04_spawn_12": {
      "objLayer": 0,
      "props": [],
      "tm": [
        [-0.986842,0.0,-0.161688],
        [0.0,1.0,0.0],
        [0.161688,0.0,-0.986842],
        [-3824.87,12.3594,29258.5]
      ],
      "type": "Point"
    },
    "ft_t1_airfield_02_04_spawn_13": {
      "objLayer": 0,
      "props": [],
      "tm": [
        [-0.986842,0.0,-0.161688],
        [0.0,1.0,0.0],
        [0.161688,0.0,-0.986842],
        [-5802.48,-21.9879,29781.1]
      ],
      "type": "Point"
    },
    "ft_t1_airfield_02_04_spawn_14": {
      "objLayer": 0,
      "props": [],
      "tm": [
        [-0.986842,0.0,-0.161688],
        [0.0,1.0,0.0],
        [0.161688,0.0,-0.986842],
        [-5081.34,-20.8729,29006.5]
      ],
      "type": "Point"
    },
    "ft_t1_airfield_02_04_spawn_15": {
      "objLayer": 0,
      "props": [],
      "tm": [
        [-0.986842,0.0,-0.161688],
        [0.0,1.0,0.0],
        [0.161688,0.0,-0.986842],
        [-5193.34,-22.3566,29178.2]
      ],
      "type": "Point"
    },
    "ft_t1_airfield_02_04_spawn_16": {
      "objLayer": 0,
      "props": [],
      "tm": [
        [-0.986842,0.0,-0.161688],
        [0.0,1.0,0.0],
        [0.161688,0.0,-0.986842],
        [-4520.3,-13.0378,30000.7]
      ],
      "type": "Point"
    },
    "ft_t1_airfield_03_01_bomb_zone": {
      "objLayer": 0,
      "props": [],
      "tm": [
        [-2324.6,0.0,2199.13],
        [0.0,350.0,0.0],
        [-824.678,0.0,-871.725],
        [-2646.3,-12.5684,16278.5]
      ],
      "type": "Box"
    },
    "ft_t1_airfield_03_01_spawn_01": {
      "objLayer": 0,
      "props": [],
      "tm": [
        [-0.809926,0.0,0.586533],
        [0.0,1.0,0.0],
        [-0.586533,0.0,-0.809926],
        [-2997.85,20.9563,17323.8]
      ],
      "type": "Point"
    },
    "ft_t1_airfield_03_01_spawn_02": {
      "objLayer": 0,
      "props": [],
      "tm": [
        [-0.809926,0.0,0.586533],
        [0.0,1.0,0.0],
        [-0.586533,0.0,-0.809926],
        [-1633.77,17.7965,16209.5]
      ],
      "type": "Point"
    },
    "ft_t1_airfield_03_01_spawn_03": {
      "objLayer": 0,
      "props": [],
      "tm": [
        [-0.809926,0.0,0.586533],
        [0.0,1.0,0.0],
        [-0.586533,0.0,-0.809926],
        [-2681.48,22.7432,17105.2]
      ],
      "type": "Point"
    },
    "ft_t1_airfield_03_01_spawn_04": {
      "objLayer": 0,
      "props": [],
      "tm": [
        [-0.809926,0.0,0.586533],
        [0.0,1.0,0.0],
        [-0.586533,0.0,-0.809926],
        [-3399.0,27.2272,15962.7]
      ],
      "type": "Point"
    },
    "ft_t1_airfield_03_01_spawn_05": {
      "objLayer": 0,
      "props": [],
      "tm": [
        [-0.809926,0.0,0.586533],
        [0.0,1.0,0.0],
        [-0.586533,0.0,-0.809926],
        [-3820.14,28.3782,16414.2]
      ],
      "type": "Point"
    },
    "ft_t1_airfield_03_01_spawn_06": {
      "objLayer": 0,
      "props": [],
      "tm": [
        [-0.809926,0.0,0.586533],
        [0.0,1.0,0.0],
        [-0.586533,0.0,-0.809926],
        [-2972.82,18.1189,15545.5]
      ],
      "type": "Point"
    },
    "ft_t1_airfield_03_01_spawn_07": {
      "objLayer": 0,
      "props": [],
      "tm": [
        [-0.809926,0.0,0.586533],
        [0.0,1.0,0.0],
        [-0.586533,0.0,-0.809926],
        [-2185.0,17.9403,16570.6]
      ],
      "type": "Point"
    },
    "ft_t1_airfield_03_01_spawn_08": {
      "objLayer": 0,
      "props": [],
      "tm": [
        [-0.809926,0.0,0.586533],
        [0.0,1.0,0.0],
        [-0.586533,0.0,-0.809926],
        [-2226.55,21.6082,14961.2]
      ],
      "type": "Point"
    },
    "ft_t1_airfield_03_01_spawn_09": {
      "objLayer": 0,
      "props": [],
      "tm": [
        [-0.809926,0.0,0.586533],
        [0.0,1.0,0.0],
        [-0.586533,0.0,-0.809926],
        [-2443.05,20.7757,15162.5]
      ],
      "type": "Point"
    },
    "ft_t1_airfield_03_01_spawn_10": {
      "objLayer": 0,
      "props": [],
      "tm": [
        [-0.809926,0.0,0.586533],
        [0.0,1.0,0.0],
        [-0.586533,0.0,-0.809926],
        [-3109.11,19.3419,15750.4]
      ],
      "type": "Point"
    },
    "ft_t1_airfield_03_01_spawn_11": {
      "objLayer": 0,
      "props": [],
      "tm": [
        [-0.809926,0.0,0.586533],
        [0.0,1.0,0.0],
        [-0.586533,0.0,-0.809926],
        [-1301.29,22.504,15887.9]
      ],
      "type": "Point"
    },
    "ft_t1_airfield_03_01_spawn_12": {
      "objLayer": 0,
      "props": [],
      "tm": [
        [-0.809926,0.0,0.586533],
        [0.0,1.0,0.0],
        [-0.586533,0.0,-0.809926],
        [-1891.34,15.4837,16393.7]
      ],
      "type": "Point"
    },
    "ft_t1_airfield_03_01_spawn_13": {
      "objLayer": 0,
      "props": [],
      "tm": [
        [-0.809926,0.0,0.586533],
        [0.0,1.0,0.0],
        [-0.586533,0.0,-0.809926],
        [-2365.64,15.4795,16749.4]
      ],
      "type": "Point"
    },
    "ft_t1_airfield_03_01_spawn_14": {
      "objLayer": 0,
      "props": [],
      "tm": [
        [-0.809926,0.0,0.586533],
        [0.0,1.0,0.0],
        [-0.586533,0.0,-0.809926],
        [-3652.05,29.4263,16208.3]
      ],
      "type": "Point"
    },
    "ft_t1_airfield_03_02_bomb_zone": {
      "objLayer": 0,
      "props": [],
      "tm": [
        [-1012.53,0.0,3035.59],
        [0.0,350.0,0.0],
        [-1138.34,0.0,-379.698],
        [-19499.3,-13.4854,9.14899]
      ],
      "type": "Box"
    },
    "ft_t1_airfield_03_02_spawn_01": {
      "objLayer": 0,
      "props": [],
      "tm": [
        [0.242832,0.0,0.970069],
        [0.0,1.0,0.0],
        [-0.970069,0.0,0.242832],
        [-18778.2,164.04,-665.383]
      ],
      "type": "Point"
    },
    "ft_t1_airfield_03_02_spawn_02": {
      "objLayer": 0,
      "props": [],
      "tm": [
        [0.242832,0.0,0.970069],
        [0.0,1.0,0.0],
        [-0.970069,0.0,0.242832],
        [-19707.9,169.696,-1030.91]
      ],
      "type": "Point"
    },
    "ft_t1_airfield_03_02_spawn_03": {
      "objLayer": 0,
      "props": [],
      "tm": [
        [0.242832,0.0,0.970069],
        [0.0,1.0,0.0],
        [-0.970069,0.0,0.242832],
        [-18839.2,168.301,-9.75031]
      ],
      "type": "Point"
    },
    "ft_t1_airfield_03_02_spawn_04": {
      "objLayer": 0,
      "props": [],
      "tm": [
        [0.242832,0.0,0.970069],
        [0.0,1.0,0.0],
        [-0.970069,0.0,0.242832],
        [-20343.4,191.442,706.941]
      ],
      "type": "Point"
    },
    "ft_t1_airfield_03_02_spawn_05": {
      "objLayer": 0,
      "props": [],
      "tm": [
        [0.242832,0.0,0.970069],
        [0.0,1.0,0.0],
        [-0.970069,0.0,0.242832],
        [-19321.4,158.432,1067.89]
      ],
      "type": "Point"
    },
    "ft_t1_airfield_03_02_spawn_06": {
      "objLayer": 0,
      "props": [],
      "tm": [
        [0.242832,0.0,0.970069],
        [0.0,1.0,0.0],
        [-0.970069,0.0,0.242832],
        [-19016.7,165.397,165.709]
      ],
      "type": "Point"
    },
    "ft_t1_airfield_03_02_spawn_07": {
      "objLayer": 0,
      "props": [],
      "tm": [
        [0.242832,0.0,0.970069],
        [0.0,1.0,0.0],
        [-0.970069,0.0,0.242832],
        [-19835.4,176.682,-449.666]
      ],
      "type": "Point"
    },
    "ft_t1_airfield_03_02_spawn_08": {
      "objLayer": 0,
      "props": [],
      "tm": [
        [0.242832,0.0,0.970069],
        [0.0,1.0,0.0],
        [-0.970069,0.0,0.242832],
        [-19993.3,181.798,-120.27]
      ],
      "type": "Point"
    },
    "ft_t1_airfield_03_02_spawn_09": {
      "objLayer": 0,
      "props": [],
      "tm": [
        [0.242832,0.0,0.970069],
        [0.0,1.0,0.0],
        [-0.970069,0.0,0.242832],
        [-19181.9,171.367,627.061]
      ],
      "type": "Point"
    },
    "ft_t1_airfield_03_02_spawn_10": {
      "objLayer": 0,
      "props": [],
      "tm": [
        [0.242832,0.0,0.970069],
        [0.0,1.0,0.0],
        [-0.970069,0.0,0.242832],
        [-20207.6,187.261,357.029]
      ],
      "type": "Point"
    },
    "ft_t1_airfield_03_02_spawn_11": {
      "objLayer": 0,
      "props": [],
      "tm": [
        [0.242832,0.0,0.970069],
        [0.0,1.0,0.0],
        [-0.970069,0.0,0.242832],
        [-20061.6,165.038,121.266]
      ],
      "type": "Point"
    },
    "ft_t1_airfield_03_02_spawn_12": {
      "objLayer": 0,
      "props": [],
      "tm": [
        [0.242832,0.0,0.970069],
        [0.0,1.0,0.0],
        [-0.970069,0.0,0.242832],
        [-19091.2,164.716,309.179]
      ],
      "type": "Point"
    },
    "ft_t1_airfield_03_02_spawn_13": {
      "objLayer": 0,
      "props": [],
      "tm": [
        [0.242832,0.0,0.970069],
        [0.0,1.0,0.0],
        [-0.970069,0.0,0.242832],
        [-18815.6,167.603,-424.0]
      ],
      "type": "Point"
    },
    "ft_t1_airfield_03_02_spawn_14": {
      "objLayer": 0,
      "props": [],
      "tm": [
        [0.242832,0.0,0.970069],
        [0.0,1.0,0.0],
        [-0.970069,0.0,0.242832],
        [-19784.8,183.323,-700.446]
      ],
      "type": "Point"
    },
    "ft_t1_airfield_03_03_bomb_zone": {
      "objLayer": 0,
      "props": [],
      "tm": [
        [-2502.95,0.0,1993.81],
        [0.0,350.0,0.0],
        [-747.681,0.0,-938.607],
        [-9692.99,-6.61889,9702.36]
      ],
      "type": "Box"
    },
    "ft_t1_airfield_03_03_spawn_01": {
      "objLayer": 0,
      "props": [],
      "tm": [
        [0.155741,0.0,-0.987798],
        [0.0,1.0,0.0],
        [0.987798,0.0,0.155741],
        [-10377.8,37.7526,9328.89]
      ],
      "type": "Point"
    },
    "ft_t1_airfield_03_03_spawn_02": {
      "objLayer": 0,
      "props": [],
      "tm": [
        [0.155741,0.0,-0.987798],
        [0.0,1.0,0.0],
        [0.987798,0.0,0.155741],
        [-8680.27,27.0441,9485.06]
      ],
      "type": "Point"
    },
    "ft_t1_airfield_03_03_spawn_03": {
      "objLayer": 0,
      "props": [],
      "tm": [
        [0.155741,0.0,-0.987798],
        [0.0,1.0,0.0],
        [0.987798,0.0,0.155741],
        [-10600.0,33.6314,9497.25]
      ],
      "type": "Point"
    },
    "ft_t1_airfield_03_03_spawn_04": {
      "objLayer": 0,
      "props": [],
      "tm": [
        [0.155741,0.0,-0.987798],
        [0.0,1.0,0.0],
        [0.987798,0.0,0.155741],
        [-9963.66,34.1054,10551.9]
      ],
      "type": "Point"
    },
    "ft_t1_airfield_03_03_spawn_05": {
      "objLayer": 0,
      "props": [],
      "tm": [
        [0.155741,0.0,-0.987798],
        [0.0,1.0,0.0],
        [0.987798,0.0,0.155741],
        [-10159.6,32.6893,9158.34]
      ],
      "type": "Point"
    },
    "ft_t1_airfield_03_03_spawn_06": {
      "objLayer": 0,
      "props": [],
      "tm": [
        [0.155741,0.0,-0.987798],
        [0.0,1.0,0.0],
        [0.987798,0.0,0.155741],
        [-10286.4,25.4911,10813.9]
      ],
      "type": "Point"
    },
    "ft_t1_airfield_03_03_spawn_07": {
      "objLayer": 0,
      "props": [],
      "tm": [
        [0.155741,0.0,-0.987798],
        [0.0,1.0,0.0],
        [0.987798,0.0,0.155741],
        [-9626.2,31.2211,8772.15]
      ],
      "type": "Point"
    },
    "ft_t1_airfield_03_03_spawn_08": {
      "objLayer": 0,
      "props": [],
      "tm": [
        [0.155741,0.0,-0.987798],
        [0.0,1.0,0.0],
        [0.987798,0.0,0.155741],
        [-8976.98,32.5129,9870.04]
      ],
      "type": "Point"
    },
    "ft_t1_airfield_03_03_spawn_09": {
      "objLayer": 0,
      "props": [],
      "tm": [
        [0.155741,0.0,-0.987798],
        [0.0,1.0,0.0],
        [0.987798,0.0,0.155741],
        [-10890.8,31.247,9646.45]
      ],
      "type": "Point"
    },
    "ft_t1_airfield_03_03_spawn_10": {
      "objLayer": 0,
      "props": [],
      "tm": [
        [0.155741,0.0,-0.987798],
        [0.0,1.0,0.0],
        [0.987798,0.0,0.155741],
        [-9693.17,32.4377,10380.0]
      ],
      "type": "Point"
    },
    "ft_t1_airfield_03_03_spawn_11": {
      "objLayer": 0,
      "props": [],
      "tm": [
        [0.155741,0.0,-0.987798],
        [0.0,1.0,0.0],
        [0.987798,0.0,0.155741],
        [-9899.67,31.4635,8993.67]
      ],
      "type": "Point"
    },
    "ft_t1_airfield_03_03_spawn_12": {
      "objLayer": 0,
      "props": [],
      "tm": [
        [0.155741,0.0,-0.987798],
        [0.0,1.0,0.0],
        [0.987798,0.0,0.155741],
        [-8459.25,34.2176,9287.6]
      ],
      "type": "Point"
    },
    "ft_t1_airfield_03_03_spawn_13": {
      "objLayer": 0,
      "props": [],
      "tm": [
        [0.155741,0.0,-0.987798],
        [0.0,1.0,0.0],
        [0.987798,0.0,0.155741],
        [-11218.3,30.5754,9945.09]
      ],
      "type": "Point"
    },
    "ft_t1_airfield_03_03_spawn_14": {
      "objLayer": 0,
      "props": [],
