{
  "airfields": [
    []
  ],
  "areas": [
    {
      "bdt_center_area": [
        {
          "objLayer": [
            0
          ],
          "props": [
            []
          ],
          "tm": [
            [
              [7778.17,0.0,-7778.17],
              [0.0,1000.0,0.0],
              [77781.7,0.0,77781.7],
              [0.0,0.0,0.0]
            ]
          ],
          "type": [
            "Box"
          ]
        }
      ],
      "bdt_t1_bomb_zone_01": [
        {
          "objLayer": [
            0
          ],
          "props": [
            []
          ],
          "tm": [
            [
              [353.553,0.0,-353.553],
              [0.0,500.0,0.0],
              [353.553,0.0,353.553],
              [-21262.0,89.9104,3528.88]
            ]
          ],
          "type": [
            "Sphere"
          ]
        }
      ],
      "bdt_t1_bomb_zone_01_aaa_point_01": [
        {
          "objLayer": [
            0
          ],
          "props": [
            []
          ],
          "tm": [
            [
              [0.707107,0.0,0.707107],
              [0.0,1.0,0.0],
              [-0.707107,0.0,0.707107],
              [-21327.0,84.977,3326.15]
            ]
          ],
          "type": [
            "Point"
          ]
        }
      ],
      "bdt_t1_bomb_zone_01_aaa_point_02": [
        {
          "objLayer": [
            0
          ],
          "props": [
            []
          ],
          "tm": [
            [
              [0.707107,0.0,0.707107],
              [0.0,1.0,0.0],
              [-0.707107,0.0,0.707107],
              [-21454.3,75.3559,3443.45]
            ]
          ],
          "type": [
            "Point"
          ]
        }
      ],
      "bdt_t1_bomb_zone_01_aaa_point_03": [
        {
          "objLayer": [
            0
          ],
          "props": [
            []
          ],
          "tm": [
            [
              [0.707107,0.0,0.707107],
              [0.0,1.0,0.0],
              [-0.707107,0.0,0.707107],
              [-21225.9,83.3394,3743.27]
            ]
          ],
          "type": [
            "Point"
          ]
        }
      ],
      "bdt_t1_bomb_zone_01_aaa_point_04": [
        {
          "objLayer": [
            0
          ],
          "props": [
            []
          ],
          "tm": [
            [
              [0.707107,0.0,0.707107],
              [0.0,1.0,0.0],
              [-0.707107,0.0,0.707107],
              [-21075.8,73.077,3606.45]
            ]
          ],
          "type": [
            "Point"
          ]
        }
      ],
      "bdt_t1_bomb_zone_02": [
        {
          "objLayer": [
            0
          ],
          "props": [
            []
          ],
          "tm": [
            [
              [353.553,0.0,-353.553],
              [0.0,500.0,0.0],
              [353.553,0.0,353.553],
              [1283.18,62.3991,16129.3]
            ]
          ],
          "type": [
            "Sphere"
          ]
        }
      ],
      "bdt_t1_bomb_zone_02_aaa_point_01": [
        {
          "objLayer": [
            0
          ],
          "props": [
            []
          ],
          "tm": [
            [
              [0.707107,0.0,0.707107],
              [0.0,1.0,0.0],
              [-0.707107,0.0,0.707107],
              [1125.58,61.586,16097.3]
            ]
          ],
          "type": [
            "Point"
          ]
        }
      ],
      "bdt_t1_bomb_zone_02_aaa_point_02": [
        {
          "objLayer": [
            0
          ],
          "props": [
            []
          ],
          "tm": [
            [
              [0.707107,0.0,0.707107],
              [0.0,1.0,0.0],
              [-0.707107,0.0,0.707107],
              [1217.15,62.3877,16008.9]
            ]
          ],
          "type": [
            "Point"
          ]
        }
      ],
      "bdt_t1_bomb_zone_02_aaa_point_03": [
        {
          "objLayer": [
            0
          ],
          "props": [
            []
          ],
          "tm": [
            [
              [0.707107,0.0,0.707107],
              [0.0,1.0,0.0],
              [-0.707107,0.0,0.707107],
              [1393.13,60.0811,16189.7]
            ]
          ],
          "type": [
            "Point"
          ]
        }
      ],
      "bdt_t1_bomb_zone_02_aaa_point_04": [
        {
          "objLayer": [
            0
          ],
          "props": [
            []
          ],
          "tm": [
            [
              [0.707107,0.0,0.707107],
              [0.0,1.0,0.0],
              [-0.707107,0.0,0.707107],
              [1310.11,59.5609,16271.4]
            ]
          ],
          "type": [
            "Point"
          ]
        }
      ],
      "bdt_t1_bomb_zone_03": [
        {
          "objLayer": [
            0
          ],
          "props": [
            []
          ],
          "tm": [
            [
              [353.553,0.0,-353.553],
              [0.0,500.0,0.0],
              [353.553,0.0,353.553],
              [-7807.39,123.263,14027.4]
            ]
          ],
          "type": [
            "Sphere"
          ]
        }
      ],
      "bdt_t1_bomb_zone_03_aaa_point_01": [
        {
          "objLayer": [
            0
          ],
          "props": [
            []
          ],
          "tm": [
            [
              [0.707107,0.0,0.707107],
              [0.0,1.0,0.0],
              [-0.707107,0.0,0.707107],
              [-8007.0,122.993,13982.5]
            ]
          ],
          "type": [
            "Point"
          ]
        }
      ],
      "bdt_t1_bomb_zone_03_aaa_point_02": [
        {
          "objLayer": [
            0
          ],
          "props": [
            []
          ],
          "tm": [
            [
              [0.707107,0.0,0.707107],
              [0.0,1.0,0.0],
              [-0.707107,0.0,0.707107],
              [-7923.99,126.106,13784.1]
            ]
          ],
          "type": [
            "Point"
          ]
        }
      ],
      "bdt_t1_bomb_zone_03_aaa_point_03": [
        {
          "objLayer": [
            0
          ],
          "props": [
            []
          ],
          "tm": [
            [
              [0.707107,0.0,0.707107],
              [0.0,1.0,0.0],
              [-0.707107,0.0,0.707107],
              [-7663.42,123.743,14077.9]
            ]
          ],
          "type": [
            "Point"
          ]
        }
      ],
      "bdt_t1_bomb_zone_03_aaa_point_04": [
        {
          "objLayer": [
            0
          ],
          "props": [
            []
          ],
          "tm": [
            [
              [0.707107,0.0,0.707107],
              [0.0,1.0,0.0],
              [-0.707107,0.0,0.707107],
              [-7788.08,126.156,14197.8]
            ]
          ],
          "type": [
            "Point"
          ]
        }
      ],
      "bdt_t1_bomb_zone_04": [
        {
          "objLayer": [
            0
          ],
          "props": [
            []
          ],
          "tm": [
            [
              [353.553,0.0,-353.553],
              [0.0,500.0,0.0],
              [353.553,0.0,353.553],
              [-15636.6,81.7875,11318.1]
            ]
          ],
          "type": [
            "Sphere"
          ]
        }
      ],
      "bdt_t1_bomb_zone_04_aaa_point_01": [
        {
          "objLayer": [
            0
          ],
          "props": [
            []
          ],
          "tm": [
            [
              [0.707107,0.0,0.707107],
              [0.0,1.0,0.0],
              [-0.707107,0.0,0.707107],
              [-15391.0,91.4945,11265.6]
            ]
          ],
          "type": [
            "Point"
          ]
        }
      ],
      "bdt_t1_bomb_zone_04_aaa_point_02": [
        {
          "objLayer": [
            0
          ],
          "props": [
            []
          ],
          "tm": [
            [
              [0.707107,0.0,0.707107],
              [0.0,1.0,0.0],
              [-0.707107,0.0,0.707107],
              [-15502.1,95.6246,11622.0]
            ]
          ],
          "type": [
            "Point"
          ]
        }
      ],
      "bdt_t1_bomb_zone_04_aaa_point_03": [
        {
          "objLayer": [
            0
          ],
          "props": [
            []
          ],
          "tm": [
            [
              [0.707107,0.0,0.707107],
              [0.0,1.0,0.0],
              [-0.707107,0.0,0.707107],
              [-15871.1,85.9142,11175.1]
            ]
          ],
          "type": [
            "Point"
          ]
        }
      ],
      "bdt_t1_bomb_zone_04_aaa_point_04": [
        {
          "objLayer": [
            0
          ],
          "props": [
            []
          ],
          "tm": [
            [
              [0.707107,0.0,0.707107],
              [0.0,1.0,0.0],
              [-0.707107,0.0,0.707107],
              [-15646.9,88.6849,11051.8]
            ]
          ],
          "type": [
            "Point"
          ]
        }
      ],
      "bdt_t1_bomb_zone_05": [
        {
          "objLayer": [
            0
          ],
          "props": [
            []
          ],
          "tm": [
            [
              [353.553,0.0,-353.553],
              [0.0,500.0,0.0],
              [353.553,0.0,353.553],
              [-17497.6,56.2822,22776.5]
            ]
          ],
          "type": [
            "Sphere"
          ]
        }
      ],
      "bdt_t1_bomb_zone_05_aaa_point_01": [
        {
          "objLayer": [
            0
          ],
          "props": [
            []
          ],
          "tm": [
            [
              [0.707107,0.0,0.707107],
              [0.0,1.0,0.0],
              [-0.707107,0.0,0.707107],
              [-17635.0,63.1305,22589.2]
            ]
          ],
          "type": [
            "Point"
          ]
        }
      ],
      "bdt_t1_bomb_zone_05_aaa_point_02": [
        {
          "objLayer": [
            0
          ],
          "props": [
            []
          ],
          "tm": [
            [
              [0.707107,0.0,0.707107],
              [0.0,1.0,0.0],
              [-0.707107,0.0,0.707107],
              [-17689.6,60.8513,22661.3]
            ]
          ],
          "type": [
            "Point"
          ]
        }
      ],
      "bdt_t1_bomb_zone_05_aaa_point_03": [
        {
          "objLayer": [
            0
          ],
          "props": [
            []
          ],
          "tm": [
            [
              [0.707107,0.0,0.707107],
              [0.0,1.0,0.0],
              [-0.707107,0.0,0.707107],
              [-17431.0,62.3323,22961.4]
            ]
          ],
          "type": [
            "Point"
          ]
        }
      ],
      "bdt_t1_bomb_zone_05_aaa_point_04": [
        {
          "objLayer": [
            0
          ],
          "props": [
            []
          ],
          "tm": [
            [
              [0.707107,0.0,0.707107],
              [0.0,1.0,0.0],
              [-0.707107,0.0,0.707107],
              [-17307.2,53.6649,22867.2]
            ]
          ],
          "type": [
            "Point"
          ]
        }
      ],
      "bdt_t1_bomb_zone_06": [
        {
          "objLayer": [
            0
          ],
          "props": [
            []
          ],
          "tm": [
            [
              [353.553,0.0,-353.553],
              [0.0,500.0,0.0],
              [353.553,0.0,353.553],
              [-8950.81,117.566,27585.7]
            ]
          ],
          "type": [
            "Sphere"
          ]
        }
      ],
      "bdt_t1_bomb_zone_06_aaa_point_01": [
        {
          "objLayer": [
            0
          ],
          "props": [
            []
          ],
          "tm": [
            [
              [0.707107,0.0,0.707107],
              [0.0,1.0,0.0],
              [-0.707107,0.0,0.707107],
              [-9023.86,115.933,27371.2]
            ]
          ],
          "type": [
            "Point"
          ]
        }
      ],
      "bdt_t1_bomb_zone_06_aaa_point_02": [
        {
          "objLayer": [
            0
          ],
          "props": [
            []
          ],
          "tm": [
            [
              [0.707107,0.0,0.707107],
              [0.0,1.0,0.0],
              [-0.707107,0.0,0.707107],
              [-9204.17,114.778,27536.0]
            ]
          ],
          "type": [
            "Point"
          ]
        }
      ],
      "bdt_t1_bomb_zone_06_aaa_point_03": [
        {
          "objLayer": [
            0
          ],
          "props": [
            []
          ],
          "tm": [
            [
              [0.707107,0.0,0.707107],
              [0.0,1.0,0.0],
              [-0.707107,0.0,0.707107],
              [-8866.38,111.4,27913.1]
            ]
          ],
          "type": [
            "Point"
          ]
        }
      ],
      "bdt_t1_bomb_zone_06_aaa_point_04": [
        {
          "objLayer": [
            0
          ],
          "props": [
            []
          ],
          "tm": [
            [
              [0.707107,0.0,0.707107],
              [0.0,1.0,0.0],
              [-0.707107,0.0,0.707107],
              [-8683.6,111.8,27704.8]
            ]
          ],
          "type": [
            "Point"
          ]
        }
      ],
      "bdt_t1_bomb_zone_07": [
        {
          "objLayer": [
            0
          ],
          "props": [
            []
          ],
          "tm": [
            [
              [353.553,0.0,-353.553],
              [0.0,500.0,0.0],
              [353.553,0.0,353.553],
              [-668.6,51.8356,26663.9]
            ]
          ],
          "type": [
            "Sphere"
          ]
        }
      ],
      "bdt_t1_bomb_zone_07_aaa_point_01": [
        {
          "objLayer": [
            0
          ],
          "props": [
            []
          ],
          "tm": [
            [
              [0.707107,0.0,0.707107],
              [0.0,1.0,0.0],
              [-0.707107,0.0,0.707107],
              [-452.09,51.7353,26786.1]
            ]
          ],
          "type": [
            "Point"
          ]
        }
      ],
      "bdt_t1_bomb_zone_07_aaa_point_02": [
        {
          "objLayer": [
            0
          ],
          "props": [
            []
          ],
          "tm": [
            [
              [0.707107,0.0,0.707107],
              [0.0,1.0,0.0],
              [-0.707107,0.0,0.707107],
              [-546.34,51.7903,26882.9]
            ]
          ],
          "type": [
            "Point"
          ]
        }
      ],
      "bdt_t1_bomb_zone_07_aaa_point_03": [
        {
          "objLayer": [
            0
          ],
          "props": [
            []
          ],
          "tm": [
            [
              [0.707107,0.0,0.707107],
              [0.0,1.0,0.0],
              [-0.707107,0.0,0.707107],
              [-704.1,51.907,26330.4]
            ]
          ],
          "type": [
            "Point"
          ]
        }
      ],
      "bdt_t1_bomb_zone_07_aaa_point_04": [
        {
          "objLayer": [
            0
          ],
          "props": [
            []
          ],
          "tm": [
            [
              [0.707107,0.0,0.707107],
              [0.0,1.0,0.0],
              [-0.707107,0.0,0.707107],
              [-868.57,51.9069,26591.3]
            ]
          ],
          "type": [
            "Point"
          ]
        }
      ],
      "bdt_t1_bomb_zone_08": [
        {
          "objLayer": [
            0
          ],
          "props": [
            []
          ],
          "tm": [
            [
              [353.553,0.0,-353.553],
              [0.0,500.0,0.0],
              [353.553,0.0,353.553],
              [-12014.9,86.8921,16812.6]
            ]
          ],
          "type": [
            "Sphere"
          ]
        }
      ],
      "bdt_t1_bomb_zone_08_aaa_point_01": [
        {
          "objLayer": [
            0
          ],
          "props": [
            []
          ],
          "tm": [
            [
              [0.707107,0.0,0.707107],
              [0.0,1.0,0.0],
              [-0.707107,0.0,0.707107],
              [-11808.7,85.0279,16925.0]
            ]
          ],
          "type": [
            "Point"
          ]
        }
      ],
      "bdt_t1_bomb_zone_08_aaa_point_02": [
        {
          "objLayer": [
            0
          ],
          "props": [
            []
          ],
          "tm": [
            [
              [0.707107,0.0,0.707107],
              [0.0,1.0,0.0],
              [-0.707107,0.0,0.707107],
              [-11878.9,83.3311,16982.0]
            ]
          ],
          "type": [
            "Point"
          ]
        }
      ],
      "bdt_t1_bomb_zone_08_aaa_point_03": [
        {
          "objLayer": [
            0
          ],
          "props": [
            []
          ],
          "tm": [
            [
              [0.707107,0.0,0.707107],
              [0.0,1.0,0.0],
              [-0.707107,0.0,0.707107],
              [-12094.9,82.6167,16639.4]
            ]
          ],
          "type": [
            "Point"
          ]
        }
      ],
      "bdt_t1_bomb_zone_08_aaa_point_04": [
        {
          "objLayer": [
            0
          ],
          "props": [
            []
          ],
          "tm": [
            [
              [0.707107,0.0,0.707107],
              [0.0,1.0,0.0],
              [-0.707107,0.0,0.707107],
              [-12177.6,76.0544,16737.4]
            ]
          ],
          "type": [
            "Point"
          ]
        }
      ],
      "bdt_t1_bomb_zone_09": [
        {
          "objLayer": [
            0
          ],
          "props": [
            []
          ],
          "tm": [
            [
              [353.553,0.0,-353.553],
              [0.0,500.0,0.0],
              [353.553,0.0,353.553],
              [3227.93,142.055,20866.7]
            ]
          ],
          "type": [
            "Sphere"
          ]
        }
      ],
      "bdt_t1_bomb_zone_09_aaa_point_01": [
        {
          "objLayer": [
            0
          ],
          "props": [
            []
          ],
          "tm": [
            [
              [0.707107,0.0,0.707107],
              [0.0,1.0,0.0],
              [-0.707107,0.0,0.707107],
              [3141.38,151.833,20639.3]
            ]
          ],
          "type": [
            "Point"
          ]
        }
      ],
      "bdt_t1_bomb_zone_09_aaa_point_02": [
        {
          "objLayer": [
            0
          ],
          "props": [
            []
          ],
          "tm": [
            [
              [0.707107,0.0,0.707107],
              [0.0,1.0,0.0],
              [-0.707107,0.0,0.707107],
              [2972.94,128.595,20768.4]
            ]
          ],
          "type": [
            "Point"
          ]
        }
      ],
      "bdt_t1_bomb_zone_09_aaa_point_03": [
        {
          "objLayer": [
            0
          ],
          "props": [
            []
          ],
          "tm": [
            [
              [0.707107,0.0,0.707107],
              [0.0,1.0,0.0],
              [-0.707107,0.0,0.707107],
              [3258.97,133.401,21064.1]
            ]
          ],
          "type": [
            "Point"
          ]
        }
      ],
      "bdt_t1_bomb_zone_09_aaa_point_04": [
        {
          "objLayer": [
            0
          ],
          "props": [
            []
          ],
          "tm": [
            [
              [0.707107,0.0,0.707107],
              [0.0,1.0,0.0],
              [-0.707107,0.0,0.707107],
              [3359.66,133.991,20966.1]
            ]
          ],
          "type": [
            "Point"
          ]
        }
      ],
      "bdt_t1_bomb_zone_10": [
        {
          "objLayer": [
            0
          ],
          "props": [
            []
          ],
          "tm": [
            [
              [353.553,0.0,-353.553],
              [0.0,500.0,0.0],
              [353.553,0.0,353.553],
              [-5234.92,38.072,23982.0]
            ]
          ],
          "type": [
            "Sphere"
          ]
        }
      ],
      "bdt_t1_bomb_zone_10_aaa_point_01": [
        {
          "objLayer": [
            0
          ],
          "props": [
            []
          ],
          "tm": [
            [
              [0.707107,0.0,0.707107],
              [0.0,1.0,0.0],
              [-0.707107,0.0,0.707107],
              [-5066.21,38.342,24044.0]
            ]
          ],
          "type": [
            "Point"
          ]
        }
      ],
      "bdt_t1_bomb_zone_10_aaa_point_02": [
        {
          "objLayer": [
            0
          ],
          "props": [
            []
          ],
          "tm": [
            [
              [0.707107,0.0,0.707107],
              [0.0,1.0,0.0],
              [-0.707107,0.0,0.707107],
              [-5169.17,36.6849,24138.7]
            ]
          ],
          "type": [
            "Point"
          ]
        }
      ],
      "bdt_t1_bomb_zone_10_aaa_point_03": [
        {
          "objLayer": [
            0
          ],
          "props": [
            []
          ],
          "tm": [
            [
              [0.707107,0.0,0.707107],
              [0.0,1.0,0.0],
              [-0.707107,0.0,0.707107],
              [-5282.02,39.9071,23795.1]
            ]
          ],
          "type": [
            "Point"
          ]
        }
      ],
      "bdt_t1_bomb_zone_10_aaa_point_04": [
        {
          "objLayer": [
            0
          ],
          "props": [
            []
          ],
          "tm": [
            [
              [0.707107,0.0,0.707107],
              [0.0,1.0,0.0],
              [-0.707107,0.0,0.707107],
              [-5418.21,37.5103,23938.6]
            ]
          ],
          "type": [
            "Point"
          ]
        }
      ],
      "bdt_t1_bomb_zone_11": [
        {
          "objLayer": [
            0
          ],
          "props": [
            []
          ],
          "tm": [
            [
              [353.553,0.0,-353.553],
              [0.0,500.0,0.0],
              [353.553,0.0,353.553],
              [-23376.7,55.9338,17107.1]
            ]
          ],
          "type": [
            "Sphere"
          ]
        }
      ],
      "bdt_t1_bomb_zone_11_aaa_point_01": [
        {
          "objLayer": [
            0
          ],
          "props": [
            []
          ],
          "tm": [
            [
              [0.707107,0.0,0.707107],
              [0.0,1.0,0.0],
              [-0.707107,0.0,0.707107],
              [-23378.2,52.7828,16918.0]
            ]
          ],
          "type": [
            "Point"
          ]
        }
      ],
      "bdt_t1_bomb_zone_11_aaa_point_02": [
        {
          "objLayer": [
            0
          ],
          "props": [
            []
          ],
          "tm": [
            [
              [0.707107,0.0,0.707107],
              [0.0,1.0,0.0],
              [-0.707107,0.0,0.707107],
              [-23606.8,44.4978,16991.0]
            ]
          ],
          "type": [
            "Point"
          ]
        }
      ],
      "bdt_t1_bomb_zone_11_aaa_point_03": [
        {
          "objLayer": [
            0
          ],
          "props": [
            []
          ],
          "tm": [
            [
              [0.707107,0.0,0.707107],
              [0.0,1.0,0.0],
              [-0.707107,0.0,0.707107],
              [-23215.1,66.3898,17008.4]
            ]
          ],
          "type": [
            "Point"
          ]
        }
      ],
      "bdt_t1_bomb_zone_11_aaa_point_04": [
        {
          "objLayer": [
            0
          ],
          "props": [
            []
          ],
          "tm": [
            [
              [0.707107,0.0,0.707107],
              [0.0,1.0,0.0],
              [-0.707107,0.0,0.707107],
              [-23103.8,55.6878,17168.2]
            ]
          ],
          "type": [
            "Point"
          ]
        }
      ],
      "bdt_t1_bomb_zone_12": [
        {
          "objLayer": [
            0
          ],
          "props": [
            []
          ],
          "tm": [
            [
              [353.553,0.0,-353.553],
              [0.0,500.0,0.0],
              [353.553,0.0,353.553],
              [-14260.6,56.4176,3500.46]
            ]
          ],
          "type": [
            "Sphere"
          ]
        }
      ],
      "bdt_t1_bomb_zone_12_aaa_point_01": [
        {
          "objLayer": [
            0
          ],
          "props": [
            []
          ],
          "tm": [
            [
              [0.707107,0.0,0.707107],
              [0.0,1.0,0.0],
              [-0.707107,0.0,0.707107],
              [-14097.7,60.5208,3598.69]
            ]
          ],
          "type": [
            "Point"
          ]
        }
      ],
      "bdt_t1_bomb_zone_12_aaa_point_02": [
        {
          "objLayer": [
            0
          ],
          "props": [
            []
          ],
          "tm": [
            [
              [0.707107,0.0,0.707107],
              [0.0,1.0,0.0],
              [-0.707107,0.0,0.707107],
              [-14052.6,66.662,3437.61]
            ]
          ],
          "type": [
            "Point"
          ]
        }
      ],
      "bdt_t1_bomb_zone_12_aaa_point_03": [
        {
          "objLayer": [
            0
          ],
          "props": [
            []
          ],
          "tm": [
            [
              [0.707107,0.0,0.707107],
              [0.0,1.0,0.0],
              [-0.707107,0.0,0.707107],
              [-14139.0,84.4153,3309.69]
            ]
          ],
          "type": [
            "Point"
          ]
        }
      ],
      "bdt_t1_bomb_zone_12_aaa_point_04": [
        {
          "objLayer": [
            0
          ],
          "props": [
            []
          ],
          "tm": [
            [
              [0.707107,0.0,0.707107],
              [0.0,1.0,0.0],
              [-0.707107,0.0,0.707107],
              [-14215.4,108.188,3099.4]
            ]
          ],
          "type": [
            "Point"
          ]
        }
      ],
      "bdt_t1_bomb_zone_13": [
        {
          "objLayer": [
            0
          ],
          "props": [
            []
          ],
          "tm": [
            [
              [353.553,0.0,-353.553],
              [0.0,500.0,0.0],
              [353.553,0.0,353.553],
              [9820.24,258.479,24153.5]
            ]
          ],
          "type": [
            "Sphere"
          ]
        }
      ],
      "bdt_t1_bomb_zone_13_aaa_point_01": [
        {
          "objLayer": [
            0
          ],
          "props": [
            []
          ],
          "tm": [
            [
              [0.707107,0.0,0.707107],
              [0.0,1.0,0.0],
              [-0.707107,0.0,0.707107],
              [9733.69,268.257,23926.1]
            ]
          ],
          "type": [
            "Point"
          ]
        }
      ],
      "bdt_t1_bomb_zone_13_aaa_point_02": [
        {
          "objLayer": [
            0
          ],
          "props": [
            []
          ],
          "tm": [
            [
              [0.707107,0.0,0.707107],
              [0.0,1.0,0.0],
              [-0.707107,0.0,0.707107],
              [9565.25,245.019,24055.2]
            ]
          ],
          "type": [
            "Point"
          ]
        }
      ],
      "bdt_t1_bomb_zone_13_aaa_point_03": [
        {
          "objLayer": [
            0
          ],
          "props": [
            []
          ],
          "tm": [
            [
              [0.707107,0.0,0.707107],
              [0.0,1.0,0.0],
              [-0.707107,0.0,0.707107],
              [9851.28,249.825,24350.9]
            ]
          ],
          "type": [
            "Point"
          ]
        }
      ],
      "bdt_t1_bomb_zone_13_aaa_point_04": [
        {
          "objLayer": [
            0
          ],
          "props": [
            []
          ],
          "tm": [
            [
              [0.707107,0.0,0.707107],
              [0.0,1.0,0.0],
              [-0.707107,0.0,0.707107],
              [9951.97,250.415,24252.9]
            ]
          ],
          "type": [
            "Point"
          ]
        }
      ],
      "bdt_t1_bomb_zone_14": [
        {
          "objLayer": [
            0
          ],
          "props": [
            []
          ],
          "tm": [
            [
              [353.553,0.0,-353.553],
              [0.0,500.0,0.0],
              [353.553,0.0,353.553],
              [14875.2,184.729,26795.6]
            ]
          ],
          "type": [
            "Sphere"
          ]
        }
      ],
      "bdt_t1_bomb_zone_14_aaa_point_01": [
        {
          "objLayer": [
            0
          ],
          "props": [
            []
          ],
          "tm": [
            [
              [0.707107,0.0,0.707107],
              [0.0,1.0,0.0],
              [-0.707107,0.0,0.707107],
              [14788.7,194.507,26568.2]
            ]
          ],
          "type": [
            "Point"
          ]
        }
      ],
      "bdt_t1_bomb_zone_14_aaa_point_02": [
        {
          "objLayer": [
            0
          ],
          "props": [
            []
          ],
          "tm": [
            [
              [0.707107,0.0,0.707107],
              [0.0,1.0,0.0],
              [-0.707107,0.0,0.707107],
              [14620.2,171.269,26697.3]
            ]
          ],
          "type": [
            "Point"
          ]
        }
      ],
      "bdt_t1_bomb_zone_14_aaa_point_03": [
        {
          "objLayer": [
            0
          ],
          "props": [
            []
          ],
          "tm": [
            [
              [0.707107,0.0,0.707107],
              [0.0,1.0,0.0],
              [-0.707107,0.0,0.707107],
              [14906.3,176.075,26993.0]
            ]
          ],
          "type": [
            "Point"
          ]
        }
      ],
      "bdt_t1_bomb_zone_14_aaa_point_04": [
        {
          "objLayer": [
            0
          ],
          "props": [
            []
          ],
          "tm": [
            [
              [0.707107,0.0,0.707107],
              [0.0,1.0,0.0],
              [-0.707107,0.0,0.707107],
              [15006.9,176.665,26895.0]
            ]
          ],
          "type": [
            "Point"
          ]
        }
      ],
      "bdt_t1_bomb_zone_15": [
        {
          "objLayer": [
            0
          ],
          "props": [
            []
          ],
          "tm": [
            [
              [353.553,0.0,-353.553],
              [0.0,500.0,0.0],
              [353.553,0.0,353.553],
              [9298.42,179.233,21089.8]
            ]
          ],
          "type": [
            "Sphere"
          ]
        }
      ],
      "bdt_t1_bomb_zone_15_aaa_point_01": [
        {
          "objLayer": [
            0
          ],
          "props": [
            []
          ],
          "tm": [
            [
              [0.707107,0.0,0.707107],
              [0.0,1.0,0.0],
              [-0.707107,0.0,0.707107],
              [9211.87,189.011,20862.4]
            ]
          ],
          "type": [
            "Point"
          ]
        }
      ],
      "bdt_t1_bomb_zone_15_aaa_point_02": [
        {
          "objLayer": [
            0
          ],
          "props": [
            []
          ],
          "tm": [
            [
              [0.707107,0.0,0.707107],
              [0.0,1.0,0.0],
              [-0.707107,0.0,0.707107],
              [9043.43,165.773,20991.6]
            ]
          ],
          "type": [
            "Point"
          ]
        }
      ],
      "bdt_t1_bomb_zone_15_aaa_point_03": [
        {
          "objLayer": [
            0
          ],
          "props": [
            []
          ],
          "tm": [
            [
              [0.707107,0.0,0.707107],
              [0.0,1.0,0.0],
              [-0.707107,0.0,0.707107],
              [9329.46,170.579,21287.3]
            ]
          ],
          "type": [
            "Point"
          ]
        }
      ],
      "bdt_t1_bomb_zone_15_aaa_point_04": [
        {
          "objLayer": [
            0
          ],
          "props": [
            []
          ],
          "tm": [
            [
              [0.707107,0.0,0.707107],
              [0.0,1.0,0.0],
              [-0.707107,0.0,0.707107],
              [9430.15,183.993,21189.3]
            ]
          ],
          "type": [
            "Point"
          ]
        }
      ],
      "bdt_t1_bomb_zone_16": [
        {
          "objLayer": [
            0
          ],
          "props": [
            []
          ],
          "tm": [
            [
              [353.553,0.0,-353.553],
              [0.0,500.0,0.0],
              [353.553,0.0,353.553],
              [-7093.54,49.5094,18712.0]
            ]
          ],
          "type": [
            "Sphere"
          ]
        }
      ],
      "bdt_t1_bomb_zone_16_aaa_point_01": [
        {
          "objLayer": [
            0
          ],
          "props": [
            []
          ],
          "tm": [
            [
              [0.707107,0.0,0.707107],
              [0.0,1.0,0.0],
              [-0.707107,0.0,0.707107],
              [-7180.09,59.2874,18484.6]
            ]
          ],
          "type": [
            "Point"
          ]
        }
      ],
      "bdt_t1_bomb_zone_16_aaa_point_02": [
        {
          "objLayer": [
            0
          ],
          "props": [
            []
          ],
          "tm": [
            [
              [0.707107,0.0,0.707107],
              [0.0,1.0,0.0],
              [-0.707107,0.0,0.707107],
              [-7348.53,49.8972,18613.7]
            ]
          ],
          "type": [
            "Point"
          ]
        }
      ],
      "bdt_t1_bomb_zone_16_aaa_point_03": [
        {
          "objLayer": [
            0
          ],
          "props": [
            []
          ],
          "tm": [
            [
              [0.707107,0.0,0.707107],
              [0.0,1.0,0.0],
              [-0.707107,0.0,0.707107],
              [-7062.5,40.8554,18909.4]
            ]
          ],
          "type": [
            "Point"
          ]
        }
      ],
      "bdt_t1_bomb_zone_16_aaa_point_04": [
        {
          "objLayer": [
            0
          ],
          "props": [
            []
          ],
          "tm": [
            [
              [0.707107,0.0,0.707107],
              [0.0,1.0,0.0],
              [-0.707107,0.0,0.707107],
              [-6899.64,54.2692,18754.8]
            ]
          ],
          "type": [
            "Point"
          ]
        }
      ],
      "bdt_t1_bomb_zone_17": [
        {
          "objLayer": [
            0
          ],
          "props": [
            []
          ],
          "tm": [
            [
              [353.553,0.0,-353.553],
              [0.0,500.0,0.0],
              [353.553,0.0,353.553],
              [-20364.9,107.961,9338.04]
            ]
          ],
          "type": [
            "Sphere"
          ]
        }
      ],
      "bdt_t1_bomb_zone_17_aaa_point_01": [
        {
          "objLayer": [
            0
          ],
          "props": [
            []
          ],
          "tm": [
            [
              [0.707107,0.0,0.707107],
              [0.0,1.0,0.0],
              [-0.707107,0.0,0.707107],
              [-20451.4,117.739,9110.64]
            ]
          ],
          "type": [
            "Point"
          ]
        }
      ],
      "bdt_t1_bomb_zone_17_aaa_point_02": [
        {
          "objLayer": [
            0
          ],
          "props": [
            []
          ],
          "tm": [
            [
              [0.707107,0.0,0.707107],
              [0.0,1.0,0.0],
              [-0.707107,0.0,0.707107],
              [-20619.8,108.349,9239.74]
            ]
          ],
          "type": [
            "Point"
          ]
        }
      ],
      "bdt_t1_bomb_zone_17_aaa_point_03": [
        {
          "objLayer": [
            0
          ],
          "props": [
            []
          ],
          "tm": [
            [
              [0.707107,0.0,0.707107],
              [0.0,1.0,0.0],
              [-0.707107,0.0,0.707107],
              [-20333.8,99.3073,9535.44]
            ]
          ],
          "type": [
            "Point"
          ]
        }
      ],
      "bdt_t1_bomb_zone_17_aaa_point_04": [
        {
          "objLayer": [
            0
          ],
          "props": [
            []
          ],
          "tm": [
            [
              [0.707107,0.0,0.707107],
              [0.0,1.0,0.0],
              [-0.707107,0.0,0.707107],
              [-20171.0,112.721,9380.83]
            ]
          ],
          "type": [
            "Point"
          ]
        }
      ],
      "bdt_t1_bomb_zone_18": [
        {
          "objLayer": [
            0
          ],
          "props": [
            []
          ],
          "tm": [
            [
              [353.553,0.0,-353.553],
              [0.0,500.0,0.0],
              [353.553,0.0,353.553],
              [-15389.0,83.6781,-3799.63]
            ]
          ],
          "type": [
            "Sphere"
          ]
        }
      ],
      "bdt_t1_bomb_zone_18_aaa_point_01": [
        {
          "objLayer": [
            0
          ],
          "props": [
            []
          ],
          "tm": [
            [
              [0.707107,0.0,0.707107],
              [0.0,1.0,0.0],
              [-0.707107,0.0,0.707107],
              [-15475.6,93.4561,-4027.03]
            ]
          ],
          "type": [
            "Point"
          ]
        }
      ],
      "bdt_t1_bomb_zone_18_aaa_point_02": [
        {
          "objLayer": [
            0
          ],
          "props": [
            []
          ],
          "tm": [
            [
              [0.707107,0.0,0.707107],
              [0.0,1.0,0.0],
              [-0.707107,0.0,0.707107],
              [-15644.0,84.0659,-3897.93]
            ]
          ],
          "type": [
            "Point"
          ]
        }
      ],
      "bdt_t1_bomb_zone_18_aaa_point_03": [
        {
          "objLayer": [
            0
          ],
          "props": [
            []
          ],
          "tm": [
            [
              [0.707107,0.0,0.707107],
              [0.0,1.0,0.0],
              [-0.707107,0.0,0.707107],
              [-15358.0,75.0241,-3602.23]
            ]
          ],
          "type": [
            "Point"
          ]
        }
      ],
      "bdt_t1_bomb_zone_18_aaa_point_04": [
        {
          "objLayer": [
            0
          ],
          "props": [
            []
          ],
          "tm": [
            [
              [0.707107,0.0,0.707107],
              [0.0,1.0,0.0],
              [-0.707107,0.0,0.707107],
              [-15195.1,88.4379,-3756.85]
            ]
          ],
          "type": [
            "Point"
          ]
        }
      ],
      "bdt_t1_bomb_zone_19": [
        {
          "objLayer": [
            0
          ],
          "props": [
            []
          ],
          "tm": [
            [
              [353.553,0.0,-353.553],
              [0.0,500.0,0.0],
              [353.553,0.0,353.553],
              [-9469.15,83.6783,1835.45]
            ]
          ],
          "type": [
            "Sphere"
          ]
        }
      ],
      "bdt_t1_bomb_zone_19_aaa_point_01": [
        {
          "objLayer": [
            0
          ],
          "props": [
            []
          ],
          "tm": [
            [
              [0.707107,0.0,0.707107],
              [0.0,1.0,0.0],
              [-0.707107,0.0,0.707107],
              [-9555.71,93.4564,1608.05]
            ]
          ],
          "type": [
            "Point"
          ]
        }
      ],
