{
  "airfields": {},
  "areas": {
    "bdt_t1_bomb_zone_01": {
      "objLayer": 0,
      "props": {},
      "tm": [
        [335.368,0.0,-300.048],
        [0.0,450.0,0.0],
        [300.048,0.0,335.368],
        [-8709.28,195.142,6701.19]
      ],
      "type": "Sphere"
    },
    "bdt_t1_bomb_zone_01_aaa_point_01": {
      "objLayer": 0,
      "props": {},
      "tm": [
        [0.990609,0.0,-0.136721],
        [0.0,1.0,0.0],
        [0.136721,0.0,0.990609],
        [-8713.36,197.274,6475.8]
      ],
      "type": "Point"
    },
    "bdt_t1_bomb_zone_01_aaa_point_02": {
      "objLayer": 0,
      "props": {},
      "tm": [
        [0.990609,0.0,-0.136721],
        [0.0,1.0,0.0],
        [0.136721,0.0,0.990609],
        [-8809.55,196.9,6975.65]
      ],
      "type": "Point"
    },
    "bdt_t1_bomb_zone_01_aaa_point_03": {
      "objLayer": 0,
      "props": {},
      "tm": [
        [0.990609,0.0,-0.136721],
        [0.0,1.0,0.0],
        [0.136721,0.0,0.990609],
        [-8690.83,195.483,6967.41]
      ],
      "type": "Point"
    },
    "bdt_t1_bomb_zone_01_aaa_point_04": {
      "objLayer": 0,
      "props": {},
      "tm": [
        [0.990609,0.0,-0.136721],
        [0.0,1.0,0.0],
        [0.136721,0.0,0.990609],
        [-8306.48,191.745,6938.13]
      ],
      "type": "Point"
    },
    "bdt_t1_bomb_zone_02": {
      "objLayer": 0,
      "props": {},
      "tm": [
        [366.578,0.0,-261.002],
        [0.0,450.0,0.0],
        [261.002,0.0,366.578],
        [-12137.3,131.31,5253.1]
      ],
      "type": "Sphere"
    },
    "bdt_t1_bomb_zone_02_aaa_point_01": {
      "objLayer": 0,
      "props": {},
      "tm": [
        [0.99966,0.0,-0.0260099],
        [0.0,1.0,0.0],
        [0.0260099,0.0,0.99966],
        [-12339.7,128.67,5108.96]
      ],
      "type": "Point"
    },
    "bdt_t1_bomb_zone_02_aaa_point_02": {
      "objLayer": 0,
      "props": {},
      "tm": [
        [0.99966,0.0,-0.0260099],
        [0.0,1.0,0.0],
        [0.0260099,0.0,0.99966],
        [-11985.3,120.809,5337.27]
      ],
      "type": "Point"
    },
    "bdt_t1_bomb_zone_02_aaa_point_03": {
      "objLayer": 0,
      "props": {},
      "tm": [
        [0.99966,0.0,-0.0260099],
        [0.0,1.0,0.0],
        [0.0260099,0.0,0.99966],
        [-12379.4,134.32,5313.96]
      ],
      "type": "Point"
    },
    "bdt_t1_bomb_zone_02_aaa_point_04": {
      "objLayer": 0,
      "props": {},
      "tm": [
        [0.99966,0.0,-0.0260099],
        [0.0,1.0,0.0],
        [0.0260099,0.0,0.99966],
        [-11912.3,128.6,5208.13]
      ],
      "type": "Point"
    },
    "bdt_t1_bomb_zone_03": {
      "objLayer": 0,
      "props": {},
      "tm": [
        [400.777,0.0,204.639],
        [0.0,450.0,0.0],
        [-204.639,0.0,400.777],
        [-4638.1,253.487,-3957.17]
      ],
      "type": "Sphere"
    },
    "bdt_t1_bomb_zone_03_aaa_point_01": {
      "objLayer": 0,
      "props": {},
      "tm": [
        [0.99966,0.0,-0.0260099],
        [0.0,1.0,0.0],
        [0.0260099,0.0,0.99966],
        [-4322.11,256.287,-3814.46]
      ],
      "type": "Point"
    },
    "bdt_t1_bomb_zone_03_aaa_point_02": {
      "objLayer": 0,
      "props": {},
      "tm": [
        [0.99966,0.0,-0.0260099],
        [0.0,1.0,0.0],
        [0.0260099,0.0,0.99966],
        [-4520.74,250.227,-3689.12]
      ],
      "type": "Point"
    },
    "bdt_t1_bomb_zone_03_aaa_point_03": {
      "objLayer": 0,
      "props": {},
      "tm": [
        [0.99966,0.0,-0.0260099],
        [0.0,1.0,0.0],
        [0.0260099,0.0,0.99966],
        [-4862.8,261.326,-3781.1]
      ],
      "type": "Point"
    },
    "bdt_t1_bomb_zone_03_aaa_point_04": {
      "objLayer": 0,
      "props": {},
      "tm": [
        [0.99966,0.0,-0.0260099],
        [0.0,1.0,0.0],
        [0.0260099,0.0,0.99966],
        [-4953.54,265.249,-4003.13]
      ],
      "type": "Point"
    },
    "bdt_t1_bomb_zone_04": {
      "objLayer": 0,
      "props": {},
      "tm": [
        [446.816,0.0,-53.4248],
        [0.0,450.0,0.0],
        [53.4248,0.0,446.816],
        [-11675.7,35.6672,10522.0]
      ],
      "type": "Sphere"
    },
    "bdt_t1_bomb_zone_04_aaa_point_01": {
      "objLayer": 0,
      "props": {},
      "tm": [
        [0.990609,0.0,-0.136721],
        [0.0,1.0,0.0],
        [0.136721,0.0,0.990609],
        [-11407.2,31.5202,10717.7]
      ],
      "type": "Point"
    },
    "bdt_t1_bomb_zone_04_aaa_point_02": {
      "objLayer": 0,
      "props": {},
      "tm": [
        [0.990609,0.0,-0.136721],
        [0.0,1.0,0.0],
        [0.136721,0.0,0.990609],
        [-11863.2,31.2812,10759.0]
      ],
      "type": "Point"
    },
    "bdt_t1_bomb_zone_04_aaa_point_03": {
      "objLayer": 0,
      "props": {},
      "tm": [
        [0.990609,0.0,-0.136721],
        [0.0,1.0,0.0],
        [0.136721,0.0,0.990609],
        [-11592.0,31.1242,10268.9]
      ],
      "type": "Point"
    },
    "bdt_t1_bomb_zone_04_aaa_point_04": {
      "objLayer": 0,
      "props": {},
      "tm": [
        [0.990609,0.0,-0.136721],
        [0.0,1.0,0.0],
        [0.136721,0.0,0.990609],
        [-11829.0,-8.62079,10328.4]
      ],
      "type": "Point"
    },
    "bdt_t1_bomb_zone_05": {
      "objLayer": 0,
      "props": {},
      "tm": [
        [446.816,0.0,-53.4248],
        [0.0,450.0,0.0],
        [53.4248,0.0,446.816],
        [-9477.48,56.5383,13653.4]
      ],
      "type": "Sphere"
    },
    "bdt_t1_bomb_zone_05_aaa_point_01": {
      "objLayer": 0,
      "props": {},
      "tm": [
        [0.990609,0.0,-0.136721],
        [0.0,1.0,0.0],
        [0.136721,0.0,0.990609],
        [-9606.69,56.2323,13331.3]
      ],
      "type": "Point"
    },
    "bdt_t1_bomb_zone_05_aaa_point_02": {
      "objLayer": 0,
      "props": {},
      "tm": [
        [0.990609,0.0,-0.136721],
        [0.0,1.0,0.0],
        [0.136721,0.0,0.990609],
        [-9143.29,59.1243,13824.3]
      ],
      "type": "Point"
    },
    "bdt_t1_bomb_zone_05_aaa_point_03": {
      "objLayer": 0,
      "props": {},
      "tm": [
        [0.990609,0.0,-0.136721],
        [0.0,1.0,0.0],
        [0.136721,0.0,0.990609],
        [-9304.5,58.2663,13952.7]
      ],
      "type": "Point"
    },
    "bdt_t1_bomb_zone_05_aaa_point_04": {
      "objLayer": 0,
      "props": {},
      "tm": [
        [0.990609,0.0,-0.136721],
        [0.0,1.0,0.0],
        [0.136721,0.0,0.990609],
        [-9791.71,55.9163,13741.2]
      ],
      "type": "Point"
    },
    "bdt_t1_bomb_zone_06": {
      "objLayer": 0,
      "props": {},
      "tm": [
        [419.633,0.0,162.507],
        [0.0,450.0,0.0],
        [-162.507,0.0,419.633],
        [-5183.25,52.3818,13638.8]
      ],
      "type": "Sphere"
    },
    "bdt_t1_bomb_zone_06_aaa_point_01": {
      "objLayer": 0,
      "props": {},
      "tm": [
        [0.938919,0.0,0.344146],
        [0.0,1.0,0.0],
        [-0.344146,0.0,0.938919],
        [-5485.69,56.5108,13474.8]
      ],
      "type": "Point"
    },
    "bdt_t1_bomb_zone_06_aaa_point_02": {
      "objLayer": 0,
      "props": {},
      "tm": [
        [0.938919,0.0,0.344146],
        [0.0,1.0,0.0],
        [-0.344146,0.0,0.938919],
        [-4950.97,50.6208,14021.6]
      ],
      "type": "Point"
    },
    "bdt_t1_bomb_zone_06_aaa_point_03": {
      "objLayer": 0,
      "props": {},
      "tm": [
        [0.938919,0.0,0.344146],
        [0.0,1.0,0.0],
        [-0.344146,0.0,0.938919],
        [-4761.08,-32.6452,13821.0]
      ],
      "type": "Point"
    },
    "bdt_t1_bomb_zone_06_aaa_point_04": {
      "objLayer": 0,
      "props": {},
      "tm": [
        [0.938919,0.0,0.344146],
        [0.0,1.0,0.0],
        [-0.344146,0.0,0.938919],
        [-4773.92,50.2338,13274.6]
      ],
      "type": "Point"
    },
    "bdt_t1_bomb_zone_07": {
      "objLayer": 0,
      "props": {},
      "tm": [
        [446.816,0.0,-53.4248],
        [0.0,450.0,0.0],
        [53.4248,0.0,446.816],
        [-8323.06,66.6119,11006.3]
      ],
      "type": "Sphere"
    },
    "bdt_t1_bomb_zone_07_aaa_point_01": {
      "objLayer": 0,
      "props": {},
      "tm": [
        [0.990609,0.0,-0.136721],
        [0.0,1.0,0.0],
        [0.136721,0.0,0.990609],
        [-8466.65,17.0749,10605.4]
      ],
      "type": "Point"
    },
    "bdt_t1_bomb_zone_07_aaa_point_02": {
      "objLayer": 0,
      "props": {},
      "tm": [
        [0.990609,0.0,-0.136721],
        [0.0,1.0,0.0],
        [0.136721,0.0,0.990609],
        [-7959.02,62.4799,11231.0]
      ],
      "type": "Point"
    },
    "bdt_t1_bomb_zone_07_aaa_point_03": {
      "objLayer": 0,
      "props": {},
      "tm": [
        [0.990609,0.0,-0.136721],
        [0.0,1.0,0.0],
        [0.136721,0.0,0.990609],
        [-8289.84,92.972,11413.7]
      ],
      "type": "Point"
    },
    "bdt_t1_bomb_zone_07_aaa_point_04": {
      "objLayer": 0,
      "props": {},
      "tm": [
        [0.990609,0.0,-0.136721],
        [0.0,1.0,0.0],
        [0.136721,0.0,0.990609],
        [-8711.94,77.2379,10901.3]
      ],
      "type": "Point"
    },
    "bdt_t1_bomb_zone_08": {
      "objLayer": 0,
      "props": {},
      "tm": [
        [400.777,0.0,204.639],
        [0.0,450.0,0.0],
        [-204.639,0.0,400.777],
        [-10778.5,43.4005,-3597.26]
      ],
      "type": "Sphere"
    },
    "bdt_t1_bomb_zone_08_aaa_point_01": {
      "objLayer": 0,
      "props": {},
      "tm": [
        [0.99966,0.0,-0.0260099],
        [0.0,1.0,0.0],
        [0.0260099,0.0,0.99966],
        [-10560.4,44.1715,-3649.81]
      ],
      "type": "Point"
    },
    "bdt_t1_bomb_zone_08_aaa_point_02": {
      "objLayer": 0,
      "props": {},
      "tm": [
        [0.99966,0.0,-0.0260099],
        [0.0,1.0,0.0],
        [0.0260099,0.0,0.99966],
        [-10853.7,62.0992,-3748.64]
      ],
      "type": "Point"
    },
    "bdt_t1_bomb_zone_08_aaa_point_03": {
      "objLayer": 0,
      "props": {},
      "tm": [
        [0.99966,0.0,-0.0260099],
        [0.0,1.0,0.0],
        [0.0260099,0.0,0.99966],
        [-10816.5,49.9393,-3418.64]
      ],
      "type": "Point"
    },
    "bdt_t1_bomb_zone_08_aaa_point_04": {
      "objLayer": 0,
      "props": {},
      "tm": [
        [0.99966,0.0,-0.0260099],
        [0.0,1.0,0.0],
        [0.0260099,0.0,0.99966],
        [-11019.0,41.8435,-3526.45]
      ],
      "type": "Point"
    },
    "bdt_t1_bomb_zone_09": {
      "objLayer": 0,
      "props": {},
      "tm": [
        [400.777,0.0,204.639],
        [0.0,450.0,0.0],
        [-204.639,0.0,400.777],
        [-7096.6,71.0576,-3338.16]
      ],
      "type": "Sphere"
    },
    "bdt_t1_bomb_zone_09_aaa_point_01": {
      "objLayer": 0,
      "props": {},
      "tm": [
        [0.99966,0.0,-0.0260099],
        [0.0,1.0,0.0],
        [0.0260099,0.0,0.99966],
        [-6936.47,56.1376,-3421.86]
      ],
      "type": "Point"
    },
    "bdt_t1_bomb_zone_09_aaa_point_02": {
      "objLayer": 0,
      "props": {},
      "tm": [
        [0.99966,0.0,-0.0260099],
        [0.0,1.0,0.0],
        [0.0260099,0.0,0.99966],
        [-7325.92,51.2276,-3256.31]
      ],
      "type": "Point"
    },
    "bdt_t1_bomb_zone_09_aaa_point_03": {
      "objLayer": 0,
      "props": {},
      "tm": [
        [0.99966,0.0,-0.0260099],
        [0.0,1.0,0.0],
        [0.0260099,0.0,0.99966],
        [-7026.23,74.8154,-3187.83]
      ],
      "type": "Point"
    },
    "bdt_t1_bomb_zone_09_aaa_point_04": {
      "objLayer": 0,
      "props": {},
      "tm": [
        [0.99966,0.0,-0.0260099],
        [0.0,1.0,0.0],
        [0.0260099,0.0,0.99966],
        [-7205.12,53.6276,-3521.27]
      ],
      "type": "Point"
    },
    "bdt_t1_bomb_zone_10": {
      "objLayer": 0,
      "props": {},
      "tm": [
        [400.777,0.0,204.639],
        [0.0,450.0,0.0],
        [-204.639,0.0,400.777],
        [-9285.95,18.0787,2088.18]
      ],
      "type": "Sphere"
    },
    "bdt_t1_bomb_zone_10_aaa_point_01": {
      "objLayer": 0,
      "props": {},
      "tm": [
        [0.99966,0.0,-0.0260099],
        [0.0,1.0,0.0],
        [0.0260099,0.0,0.99966],
        [-9371.57,-13.8076,1748.3]
      ],
      "type": "Point"
    },
    "bdt_t1_bomb_zone_10_aaa_point_02": {
      "objLayer": 0,
      "props": {},
      "tm": [
        [0.99966,0.0,-0.0260099],
        [0.0,1.0,0.0],
        [0.0260099,0.0,0.99966],
        [-9150.15,16.6793,2393.02]
      ],
      "type": "Point"
    },
    "bdt_t1_bomb_zone_10_aaa_point_03": {
      "objLayer": 0,
      "props": {},
      "tm": [
        [0.99966,0.0,-0.0260099],
        [0.0,1.0,0.0],
        [0.0260099,0.0,0.99966],
        [-9447.7,11.7837,1529.91]
      ],
      "type": "Point"
    },
    "bdt_t1_bomb_zone_10_aaa_point_04": {
      "objLayer": 0,
      "props": {},
      "tm": [
        [0.99966,0.0,-0.0260099],
        [0.0,1.0,0.0],
        [0.0260099,0.0,0.99966],
        [-9485.05,12.8887,2381.86]
      ],
      "type": "Point"
    },
    "bdt_t2_bomb_zone_01": {
      "objLayer": 0,
      "props": {},
      "tm": [
        [431.769,0.0,-126.785],
        [0.0,450.0,0.0],
        [126.785,0.0,431.769],
        [10864.2,28.6931,11669.5]
      ],
      "type": "Sphere"
    },
    "bdt_t2_bomb_zone_01_aaa_point_01": {
      "objLayer": 0,
      "props": {},
      "tm": [
        [0.953211,0.0,0.302305],
        [0.0,1.0,0.0],
        [-0.302305,0.0,0.953211],
        [11104.0,32.0751,11755.0]
      ],
      "type": "Point"
    },
    "bdt_t2_bomb_zone_01_aaa_point_02": {
      "objLayer": 0,
      "props": {},
      "tm": [
        [0.953211,0.0,0.302305],
        [0.0,1.0,0.0],
        [-0.302305,0.0,0.953211],
        [10611.5,26.0221,11653.5]
      ],
      "type": "Point"
    },
    "bdt_t2_bomb_zone_01_aaa_point_03": {
      "objLayer": 0,
      "props": {},
      "tm": [
        [0.953211,0.0,0.302305],
        [0.0,1.0,0.0],
        [-0.302305,0.0,0.953211],
        [10906.4,41.5541,11440.1]
      ],
      "type": "Point"
    },
    "bdt_t2_bomb_zone_01_aaa_point_04": {
      "objLayer": 0,
      "props": {},
      "tm": [
        [0.953211,0.0,0.302305],
        [0.0,1.0,0.0],
        [-0.302305,0.0,0.953211],
        [10685.2,34.7921,11497.4]
      ],
      "type": "Point"
    },
    "bdt_t2_bomb_zone_02": {
      "objLayer": 0,
      "props": {},
      "tm": [
        [437.316,0.0,106.087],
        [0.0,450.0,0.0],
        [-106.087,0.0,437.316],
        [2719.35,47.5204,13941.2]
      ],
      "type": "Sphere"
    },
    "bdt_t2_bomb_zone_02_aaa_point_01": {
      "objLayer": 0,
      "props": {},
      "tm": [
        [0.953211,0.0,0.302305],
        [0.0,1.0,0.0],
        [-0.302305,0.0,0.953211],
        [2741.97,45.2614,14206.3]
      ],
      "type": "Point"
    },
    "bdt_t2_bomb_zone_02_aaa_point_02": {
      "objLayer": 0,
      "props": {},
      "tm": [
        [0.953211,0.0,0.302305],
        [0.0,1.0,0.0],
        [-0.302305,0.0,0.953211],
        [2519.51,114.822,14038.2]
      ],
      "type": "Point"
    },
    "bdt_t2_bomb_zone_02_aaa_point_03": {
      "objLayer": 0,
      "props": {},
      "tm": [
        [0.953211,0.0,0.302305],
        [0.0,1.0,0.0],
        [-0.302305,0.0,0.953211],
        [2901.53,75.9443,13665.3]
      ],
      "type": "Point"
    },
    "bdt_t2_bomb_zone_02_aaa_point_04": {
      "objLayer": 0,
      "props": {},
      "tm": [
        [0.953211,0.0,0.302305],
        [0.0,1.0,0.0],
        [-0.302305,0.0,0.953211],
        [2465.44,123.594,13826.1]
      ],
      "type": "Point"
    },
    "bdt_t2_bomb_zone_03": {
      "objLayer": 0,
      "props": {},
      "tm": [
        [443.475,0.0,76.3484],
        [0.0,450.0,0.0],
        [-76.3484,0.0,443.475],
        [7835.14,166.403,2391.42]
      ],
      "type": "Sphere"
    },
    "bdt_t2_bomb_zone_03_aaa_point_01": {
      "objLayer": 0,
      "props": {},
      "tm": [
        [0.980859,0.0,0.19472],
        [0.0,1.0,0.0],
        [-0.19472,0.0,0.980859],
        [7681.87,170.774,2124.55]
      ],
      "type": "Point"
    },
    "bdt_t2_bomb_zone_03_aaa_point_02": {
      "objLayer": 0,
      "props": {},
      "tm": [
        [0.980859,0.0,0.19472],
        [0.0,1.0,0.0],
        [-0.19472,0.0,0.980859],
        [7942.72,163.456,2608.35]
      ],
      "type": "Point"
    },
    "bdt_t2_bomb_zone_03_aaa_point_03": {
      "objLayer": 0,
      "props": {},
      "tm": [
        [0.980859,0.0,0.19472],
        [0.0,1.0,0.0],
        [-0.19472,0.0,0.980859],
        [7663.08,170.223,2620.87]
      ],
      "type": "Point"
    },
    "bdt_t2_bomb_zone_03_aaa_point_04": {
      "objLayer": 0,
      "props": {},
      "tm": [
        [0.980859,0.0,0.19472],
        [0.0,1.0,0.0],
        [-0.19472,0.0,0.980859],
        [8056.49,168.017,2253.34]
      ],
      "type": "Point"
    },
    "bdt_t2_bomb_zone_04": {
      "objLayer": 0,
      "props": {},
      "tm": [
        [443.475,0.0,76.3484],
        [0.0,450.0,0.0],
        [-76.3484,0.0,443.475],
        [3220.1,107.635,-3663.07]
      ],
      "type": "Sphere"
    },
    "bdt_t2_bomb_zone_04_aaa_point_01": {
      "objLayer": 0,
      "props": {},
      "tm": [
        [0.980859,0.0,0.19472],
        [0.0,1.0,0.0],
        [-0.19472,0.0,0.980859],
        [3527.78,146.039,-3738.66]
      ],
      "type": "Point"
    },
    "bdt_t2_bomb_zone_04_aaa_point_02": {
      "objLayer": 0,
      "props": {},
      "tm": [
        [0.980859,0.0,0.19472],
        [0.0,1.0,0.0],
        [-0.19472,0.0,0.980859],
        [3369.5,107.752,-3459.21]
      ],
      "type": "Point"
    },
    "bdt_t2_bomb_zone_04_aaa_point_03": {
      "objLayer": 0,
      "props": {},
      "tm": [
        [0.980859,0.0,0.19472],
        [0.0,1.0,0.0],
        [-0.19472,0.0,0.980859],
        [3270.81,144.894,-3949.49]
      ],
      "type": "Point"
    },
    "bdt_t2_bomb_zone_04_aaa_point_04": {
      "objLayer": 0,
      "props": {},
      "tm": [
        [0.980859,0.0,0.19472],
        [0.0,1.0,0.0],
        [-0.19472,0.0,0.980859],
        [3013.8,107.093,-3426.5]
      ],
      "type": "Point"
    },
    "bdt_t2_bomb_zone_05": {
      "objLayer": 0,
      "props": {},
      "tm": [
        [443.475,0.0,76.3484],
        [0.0,450.0,0.0],
        [-76.3484,0.0,443.475],
        [6362.33,124.359,-1771.37]
      ],
      "type": "Sphere"
    },
    "bdt_t2_bomb_zone_05_aaa_point_01": {
      "objLayer": 0,
      "props": {},
      "tm": [
        [0.980859,0.0,0.19472],
        [0.0,1.0,0.0],
        [-0.19472,0.0,0.980859],
        [6090.03,124.617,-1802.2]
      ],
      "type": "Point"
    },
    "bdt_t2_bomb_zone_05_aaa_point_02": {
      "objLayer": 0,
      "props": {},
      "tm": [
        [0.980859,0.0,0.19472],
        [0.0,1.0,0.0],
        [-0.19472,0.0,0.980859],
        [6257.58,123.716,-1886.24]
      ],
      "type": "Point"
    },
    "bdt_t2_bomb_zone_05_aaa_point_03": {
      "objLayer": 0,
      "props": {},
      "tm": [
        [0.980859,0.0,0.19472],
        [0.0,1.0,0.0],
        [-0.19472,0.0,0.980859],
        [6649.26,124.926,-1749.93]
      ],
      "type": "Point"
    },
    "bdt_t2_bomb_zone_05_aaa_point_04": {
      "objLayer": 0,
      "props": {},
      "tm": [
        [0.980859,0.0,0.19472],
        [0.0,1.0,0.0],
        [-0.19472,0.0,0.980859],
        [6528.2,125.628,-1548.84]
      ],
      "type": "Point"
    },
    "bdt_t2_bomb_zone_06": {
      "objLayer": 0,
      "props": {},
      "tm": [
        [443.475,0.0,76.3484],
        [0.0,450.0,0.0],
        [-76.3484,0.0,443.475],
        [10596.4,142.864,-670.07]
      ],
      "type": "Sphere"
    },
    "bdt_t2_bomb_zone_06_aaa_point_01": {
      "objLayer": 0,
      "props": {},
      "tm": [
        [0.980859,0.0,0.19472],
        [0.0,1.0,0.0],
        [-0.19472,0.0,0.980859],
        [10475.4,154.524,-984.963]
      ],
      "type": "Point"
    },
    "bdt_t2_bomb_zone_06_aaa_point_02": {
      "objLayer": 0,
      "props": {},
      "tm": [
        [0.980859,0.0,0.19472],
        [0.0,1.0,0.0],
        [-0.19472,0.0,0.980859],
        [10295.6,156.782,-792.273]
      ],
      "type": "Point"
    },
    "bdt_t2_bomb_zone_06_aaa_point_03": {
      "objLayer": 0,
      "props": {},
      "tm": [
        [0.980859,0.0,0.19472],
        [0.0,1.0,0.0],
        [-0.19472,0.0,0.980859],
        [10546.2,160.757,-364.988]
      ],
      "type": "Point"
    },
    "bdt_t2_bomb_zone_06_aaa_point_04": {
      "objLayer": 0,
      "props": {},
      "tm": [
        [0.980859,0.0,0.19472],
        [0.0,1.0,0.0],
        [-0.19472,0.0,0.980859],
        [10884.3,156.531,-745.84]
      ],
      "type": "Point"
    },
    "bdt_t2_bomb_zone_07": {
      "objLayer": 0,
      "props": {},
      "tm": [
        [443.475,0.0,76.3484],
        [0.0,450.0,0.0],
        [-76.3484,0.0,443.475],
        [8665.39,52.4099,-4252.88]
      ],
      "type": "Sphere"
    },
    "bdt_t2_bomb_zone_07_aaa_point_01": {
      "objLayer": 0,
      "props": {},
      "tm": [
        [0.980859,0.0,0.19472],
        [0.0,1.0,0.0],
        [-0.19472,0.0,0.980859],
        [8761.08,53.7119,-3967.29]
      ],
      "type": "Point"
    },
    "bdt_t2_bomb_zone_07_aaa_point_02": {
      "objLayer": 0,
      "props": {},
      "tm": [
        [0.980859,0.0,0.19472],
        [0.0,1.0,0.0],
        [-0.19472,0.0,0.980859],
        [8550.3,46.4159,-4582.22]
      ],
      "type": "Point"
    },
    "bdt_t2_bomb_zone_07_aaa_point_03": {
      "objLayer": 0,
      "props": {},
      "tm": [
        [0.980859,0.0,0.19472],
        [0.0,1.0,0.0],
        [-0.19472,0.0,0.980859],
        [8987.73,41.5529,-4348.14]
      ],
      "type": "Point"
    },
    "bdt_t2_bomb_zone_07_aaa_point_04": {
      "objLayer": 0,
      "props": {},
      "tm": [
        [0.980859,0.0,0.19472],
        [0.0,1.0,0.0],
        [-0.19472,0.0,0.980859],
        [8623.16,50.9809,-3813.3]
      ],
      "type": "Point"
    },
    "bdt_t2_bomb_zone_08": {
      "objLayer": 0,
      "props": {},
      "tm": [
        [431.769,0.0,-126.785],
        [0.0,450.0,0.0],
        [126.785,0.0,431.769],
        [5678.07,73.7558,11337.9]
      ],
      "type": "Sphere"
    },
    "bdt_t2_bomb_zone_08_aaa_point_01": {
      "objLayer": 0,
      "props": {},
      "tm": [
        [0.953211,0.0,0.302305],
        [0.0,1.0,0.0],
        [-0.302305,0.0,0.953211],
        [5513.24,17.6001,11601.4]
      ],
      "type": "Point"
    },
    "bdt_t2_bomb_zone_08_aaa_point_02": {
      "objLayer": 0,
      "props": {},
      "tm": [
        [0.953211,0.0,0.302305],
        [0.0,1.0,0.0],
        [-0.302305,0.0,0.953211],
        [5441.35,74.9588,11144.1]
      ],
      "type": "Point"
    },
    "bdt_t2_bomb_zone_08_aaa_point_03": {
      "objLayer": 0,
      "props": {},
      "tm": [
        [0.953211,0.0,0.302305],
        [0.0,1.0,0.0],
        [-0.302305,0.0,0.953211],
        [5842.94,72.5308,11020.4]
      ],
      "type": "Point"
    },
    "bdt_t2_bomb_zone_08_aaa_point_04": {
      "objLayer": 0,
      "props": {},
      "tm": [
        [0.953211,0.0,0.302305],
        [0.0,1.0,0.0],
        [-0.302305,0.0,0.953211],
        [5935.66,75.6468,11425.8]
      ],
      "type": "Point"
    },
    "bdt_t2_bomb_zone_09": {
      "objLayer": 0,
      "props": {},
      "tm": [
        [431.769,0.0,-126.785],
        [0.0,450.0,0.0],
        [126.785,0.0,431.769],
        [8521.42,34.2459,7556.23]
      ],
      "type": "Sphere"
    },
    "bdt_t2_bomb_zone_09_aaa_point_01": {
      "objLayer": 0,
      "props": {},
      "tm": [
        [0.953211,0.0,0.302305],
        [0.0,1.0,0.0],
        [-0.302305,0.0,0.953211],
        [8076.62,33.937,7502.86]
      ],
      "type": "Point"
    },
    "bdt_t2_bomb_zone_09_aaa_point_02": {
      "objLayer": 0,
      "props": {},
      "tm": [
        [0.953211,0.0,0.302305],
        [0.0,1.0,0.0],
        [-0.302305,0.0,0.953211],
        [8428.82,25.425,7156.51]
      ],
      "type": "Point"
    },
    "bdt_t2_bomb_zone_09_aaa_point_03": {
      "objLayer": 0,
      "props": {},
      "tm": [
        [0.953211,0.0,0.302305],
        [0.0,1.0,0.0],
        [-0.302305,0.0,0.953211],
        [8309.85,39.632,8006.66]
      ],
      "type": "Point"
    },
    "bdt_t2_bomb_zone_09_aaa_point_04": {
      "objLayer": 0,
      "props": {},
      "tm": [
        [0.953211,0.0,0.302305],
        [0.0,1.0,0.0],
        [-0.302305,0.0,0.953211],
        [8851.99,26.019,7323.98]
      ],
      "type": "Point"
    },
    "bdt_t2_bomb_zone_10": {
      "objLayer": 0,
      "props": {},
      "tm": [
        [431.769,0.0,-126.785],
        [0.0,450.0,0.0],
        [126.785,0.0,431.769],
        [6490.98,48.5099,14600.0]
      ],
      "type": "Sphere"
    },
    "bdt_t2_bomb_zone_10_aaa_point_01": {
      "objLayer": 0,
      "props": {},
      "tm": [
        [0.953211,0.0,0.302305],
        [0.0,1.0,0.0],
        [-0.302305,0.0,0.953211],
        [6152.06,39.1698,14453.1]
      ],
      "type": "Point"
    },
    "bdt_t2_bomb_zone_10_aaa_point_02": {
      "objLayer": 0,
      "props": {},
      "tm": [
        [0.953211,0.0,0.302305],
        [0.0,1.0,0.0],
        [-0.302305,0.0,0.953211],
        [6610.18,328.04,14886.4]
      ],
      "type": "Point"
    },
    "bdt_t2_bomb_zone_10_aaa_point_03": {
      "objLayer": 0,
      "props": {},
      "tm": [
        [0.953211,0.0,0.302305],
        [0.0,1.0,0.0],
        [-0.302305,0.0,0.953211],
        [6712.65,25.4639,14418.9]
      ],
      "type": "Point"
    },
    "bdt_t2_bomb_zone_10_aaa_point_04": {
      "objLayer": 0,
      "props": {},
      "tm": [
        [0.953211,0.0,0.302305],
        [0.0,1.0,0.0],
        [-0.302305,0.0,0.953211],
        [6797.86,65.5179,14693.1]
      ],
      "type": "Point"
    },
    "mid_bomb_zones_area_12000": {
      "objLayer": 3,
      "props": {},
      "tm": [
        [-0.00489049,0.0,23999.9],
        [0.0,24000.0,0.0],
        [-23999.9,0.0,-0.00489049],
        [-500.0,697.406,4850.2]
      ],
      "type": "Sphere"
    },
    "mid_bomb_zones_area_9000": {
      "objLayer": 3,
      "props": {},
      "tm": [
        [0.000970795,0.0,18000.0],
        [0.0,18000.0,0.0],
        [-18000.0,0.0,0.000970795],
        [-500.0,697.4,4850.2]
      ],
      "type": "Sphere"
    }
  },
  "bin_dump_file": "",
  "dialogs": {},
  "effects": {},
  "imports": {},
  "mission_objectives": {
    "isCategory": true,
    "is_enabled": true
  },
  "mission_settings": {
    "mission": {
      "environment": "Day",
      "level": "levels/air_smolensk.bin",
      "optionalTakeOff": false,
      "restoreType": "attempts",
      "type": "domination",
      "weather": "hazy"
    },
    "player": {
      "army": 1
    },
    "player_teamB": {
      "army": 2
    }
  },
  "objLayers": {
    "layer": [
      {
        "enabled": true
      },
      {
        "enabled": true
      },
      {
        "enabled": true
      },
      {
        "enabled": false
      },
      {
        "enabled": false
      }
    ]
  },
  "selected_tag": "",
  "triggers": {
    "isCategory": true,
    "is_enabled": true
  },
  "units": {
    "objectGroups": [
      {
        "name": "bdt_t1_bomb_object_01",
        "objLayer": 2,
        "props": {
          "active": false,
          "army": 2
        },
        "tm": [
          [0.745259,0.0,-0.666772],
          [0.0,1.0,0.0],
          [0.666772,0.0,0.745259],
          [-8703.05,195.071,6704.54]
        ],
        "unit_class": "dynBase_hq_camp_square"
      },
      {
        "name": "bdt_t1_bomb_object_02",
        "objLayer": 2,
        "props": {
          "active": false,
          "army": 2
        },
        "tm": [
          [0.208753,0.0,-0.977971],
          [0.0,1.0,0.0],
          [0.977971,0.0,0.208753],
          [-12156.3,130.99,5242.75]
        ],
        "unit_class": "dynBase_fuel_storage_square"
      },
      {
        "name": "bdt_t1_bomb_object_03",
        "objLayer": 2,
        "props": {
          "active": false,
          "army": 2
        },
        "tm": [
          [0.890617,0.0,0.454759],
          [0.0,1.0,0.0],
          [-0.454759,0.0,0.890617],
          [-4629.63,253.537,-3962.11]
        ],
        "unit_class": "dynBase_oil_storage_small_square"
      },
      {
        "name": "bdt_t2_bomb_object_01",
        "objLayer": 2,
        "props": {
          "active": false,
          "army": 1
        },
        "tm": [
          [0.95949,0.0,-0.281742],
          [0.0,1.0,0.0],
          [0.281742,0.0,0.95949],
          [10851.4,28.6511,11670.0]
        ],
        "unit_class": "dynBase_fuel_storage_square"
      },
      {
        "name": "bdt_t2_bomb_object_02",
        "objLayer": 2,
        "props": {
          "active": false,
          "army": 1
        },
        "tm": [
          [0.897751,0.0,0.4405],
          [0.0,1.0,0.0],
          [-0.4405,0.0,0.897751],
          [2715.71,49.0054,13938.2]
        ],
        "unit_class": "dynBase_small_factory_square"
      },
      {
        "name": "bdt_t2_bomb_object_03",
        "objLayer": 2,
        "props": {
          "active": false,
          "army": 1
        },
        "tm": [
          [0.846801,0.0,0.531909],
          [0.0,1.0,0.0],
          [-0.531909,0.0,0.846801],
          [7829.66,166.534,2389.87]
        ],
        "unit_class": "dynBase_oil_storage_small_square"
      },
      {
        "name": "bdt_t1_bomb_object_04",
        "objLayer": 2,
        "props": {
          "active": false,
          "army": 2
        },
        "tm": [
          [0.992928,0.0,-0.118721],
          [0.0,1.0,0.0],
          [0.118721,0.0,0.992928],
          [-11683.2,35.7332,10524.6]
        ],
        "unit_class": "dynBase_small_factory_square"
      },
      {
        "name": "bdt_t2_bomb_object_04",
        "objLayer": 2,
        "props": {
          "active": false,
          "army": 1
        },
        "tm": [
          [0.97941,0.0,0.201882],
          [0.0,1.0,0.0],
          [-0.201882,0.0,0.97941],
          [3220.81,107.668,-3668.78]
        ],
        "unit_class": "dynBase_field_camp_square"
      },
      {
        "name": "bdt_t2_bomb_object_05",
        "objLayer": 2,
        "props": {
          "active": false,
          "army": 1
        },
        "tm": [
          [0.97941,0.0,0.201882],
          [0.0,1.0,0.0],
          [-0.201882,0.0,0.97941],
          [6363.15,124.337,-1777.21]
        ],
        "unit_class": "dynBase_military_base_square"
      },
      {
        "name": "bdt_t2_bomb_object_06",
        "objLayer": 2,
        "props": {
          "active": false,
          "army": 1
        },
        "tm": [
          [0.97941,0.0,0.201882],
          [0.0,1.0,0.0],
          [-0.201882,0.0,0.97941],
          [10597.1,122.96,-675.753]
        ],
        "unit_class": "dynBase_oil_storage_large_square"
      },
      {
        "name": "bdt_t2_bomb_object_07",
        "objLayer": 2,
        "props": {
          "active": false,
          "army": 1
        },
        "tm": [
          [0.97941,0.0,0.201882],
          [0.0,1.0,0.0],
          [-0.201882,0.0,0.97941],
          [8666.12,44.5461,-4258.77]
        ],
        "unit_class": "dynBase_oil_storage_large_square"
      },
      {
        "name": "bdt_t2_bomb_object_08",
        "objLayer": 2,
        "props": {
          "active": false,
          "army": 1
        },
        "tm": [
          [0.95949,0.0,-0.281742],
          [0.0,1.0,0.0],
          [0.281742,0.0,0.95949],
          [5665.39,73.3368,11338.5]
        ],
        "unit_class": "dynBase_small_factory_square"
      },
      {
        "name": "bdt_t2_bomb_object_09",
        "objLayer": 2,
        "props": {
          "active": false,
          "army": 1
        },
        "tm": [
          [0.95949,0.0,-0.281742],
          [0.0,1.0,0.0],
          [0.281742,0.0,0.95949],
          [8508.98,33.955,7556.77]
        ],
        "unit_class": "dynBase_petrol_camp_square"
      },
      {
        "name": "bdt_t2_bomb_object_10",
        "objLayer": 2,
        "props": {
          "active": false,
          "army": 1
        },
        "tm": [
          [0.95949,0.0,-0.281742],
          [0.0,1.0,0.0],
          [0.281742,0.0,0.95949],
          [6478.3,34.2048,14600.6]
        ],
        "unit_class": "dynBase_petrol_camp_square"
      },
      {
        "name": "bdt_t1_bomb_object_05",
        "objLayer": 2,
        "props": {
          "active": false,
          "army": 2
        },
        "tm": [
          [0.992928,0.0,-0.118721],
          [0.0,1.0,0.0],
          [0.118721,0.0,0.992928],
          [-9484.64,56.4713,13656.1]
        ],
        "unit_class": "dynBase_petrol_camp_square"
      },
      {
        "name": "bdt_t1_bomb_object_06",
        "objLayer": 2,
        "props": {
          "active": false,
          "army": 2
        },
        "tm": [
          [0.932518,0.0,0.361125],
          [0.0,1.0,0.0],
          [-0.361125,0.0,0.932518],
          [-5191.14,52.4609,13638.0]
        ],
        "unit_class": "dynBase_military_base_square"
      },
      {
        "name": "bdt_t1_bomb_object_07",
        "objLayer": 2,
        "props": {
          "active": false,
          "army": 2
        },
        "tm": [
          [0.992928,0.0,-0.118721],
          [0.0,1.0,0.0],
          [0.118721,0.0,0.992928],
          [-8330.44,66.6349,11009.2]
        ],
        "unit_class": "dynBase_fuel_storage_square"
      },
      {
        "name": "bdt_t1_bomb_object_08",
        "objLayer": 2,
        "props": {
          "active": false,
          "army": 2
        },
        "tm": [
          [0.890617,0.0,0.454759],
          [0.0,1.0,0.0],
          [-0.454759,0.0,0.890617],
          [-10770.0,43.5366,-3602.28]
        ],
        "unit_class": "dynBase_ammunition_storage_square"
      },
      {
        "name": "bdt_t1_bomb_object_09",
        "objLayer": 2,
        "props": {
          "active": false,
          "army": 2
        },
        "tm": [
          [0.890617,0.0,0.454759],
          [0.0,1.0,0.0],
          [-0.454759,0.0,0.890617],
          [-7088.03,52.3676,-3343.12]
        ],
        "unit_class": "dynBase_field_camp_square"
      },
      {
        "name": "bdt_t1_bomb_object_10",
        "objLayer": 2,
        "props": {
          "active": false,
          "army": 2
        },
        "tm": [
          [0.890617,0.0,0.454759],
          [0.0,1.0,0.0],
          [-0.454759,0.0,0.890617],
          [-9277.58,13.3007,2083.33]
        ],
        "unit_class": "dynBase_oil_storage_small_square"
      }
    ]
  },
  "variables": {},
  "wayPoints": {}
}