{
  "airfields": [
    []
  ],
  "areas": [
    {
      "bdt_t1_bomb_zone_01": [
        {
          "objLayer": [
            0
          ],
          "props": [
            []
          ],
          "tm": [
            [
              [449.429,0.0,-22.6552],
              [0.0,450.0,0.0],
              [22.6552,0.0,449.429],
              [-12325.3,167.918,3439.87]
            ]
          ],
          "type": [
            "Sphere"
          ]
        }
      ],
      "bdt_t1_bomb_zone_01_aaa_point_01": [
        {
          "objLayer": [
            0
          ],
          "props": [
            []
          ],
          "tm": [
            [
              [0.856496,0.0,0.516153],
              [0.0,1.0,0.0],
              [-0.516153,0.0,0.856496],
              [-12111.9,184.161,3579.03]
            ]
          ],
          "type": [
            "Point"
          ]
        }
      ],
      "bdt_t1_bomb_zone_01_aaa_point_02": [
        {
          "objLayer": [
            0
          ],
          "props": [
            []
          ],
          "tm": [
            [
              [0.856496,0.0,0.516153],
              [0.0,1.0,0.0],
              [-0.516153,0.0,0.856496],
              [-12567.3,148.296,3365.38]
            ]
          ],
          "type": [
            "Point"
          ]
        }
      ],
      "bdt_t1_bomb_zone_01_aaa_point_03": [
        {
          "objLayer": [
            0
          ],
          "props": [
            []
          ],
          "tm": [
            [
              [0.856496,0.0,0.516153],
              [0.0,1.0,0.0],
              [-0.516153,0.0,0.856496],
              [-12230.9,175.875,3226.58]
            ]
          ],
          "type": [
            "Point"
          ]
        }
      ],
      "bdt_t1_bomb_zone_01_aaa_point_04": [
        {
          "objLayer": [
            0
          ],
          "props": [
            []
          ],
          "tm": [
            [
              [0.856496,0.0,0.516153],
              [0.0,1.0,0.0],
              [-0.516153,0.0,0.856496],
              [-12459.3,157.745,3230.79]
            ]
          ],
          "type": [
            "Point"
          ]
        }
      ],
      "bdt_t1_bomb_zone_02": [
        {
          "objLayer": [
            0
          ],
          "props": [
            []
          ],
          "tm": [
            [
              [400.545,0.0,205.095],
              [0.0,450.0,0.0],
              [-205.095,0.0,400.545],
              [-9704.54,127.85,1267.2]
            ]
          ],
          "type": [
            "Sphere"
          ]
        }
      ],
      "bdt_t1_bomb_zone_02_aaa_point_01": [
        {
          "objLayer": [
            0
          ],
          "props": [
            []
          ],
          "tm": [
            [
              [0.856496,0.0,0.516153],
              [0.0,1.0,0.0],
              [-0.516153,0.0,0.856496],
              [-9626.76,133.423,1526.16]
            ]
          ],
          "type": [
            "Point"
          ]
        }
      ],
      "bdt_t1_bomb_zone_02_aaa_point_02": [
        {
          "objLayer": [
            0
          ],
          "props": [
            []
          ],
          "tm": [
            [
              [0.856496,0.0,0.516153],
              [0.0,1.0,0.0],
              [-0.516153,0.0,0.856496],
              [-9904.64,141.895,1442.21]
            ]
          ],
          "type": [
            "Point"
          ]
        }
      ],
      "bdt_t1_bomb_zone_02_aaa_point_03": [
        {
          "objLayer": [
            0
          ],
          "props": [
            []
          ],
          "tm": [
            [
              [0.856496,0.0,0.516153],
              [0.0,1.0,0.0],
              [-0.516153,0.0,0.856496],
              [-9529.33,42.0528,852.138]
            ]
          ],
          "type": [
            "Point"
          ]
        }
      ],
      "bdt_t1_bomb_zone_02_aaa_point_04": [
        {
          "objLayer": [
            0
          ],
          "props": [
            []
          ],
          "tm": [
            [
              [0.856496,0.0,0.516153],
              [0.0,1.0,0.0],
              [-0.516153,0.0,0.856496],
              [-10003.5,140.87,1129.43]
            ]
          ],
          "type": [
            "Point"
          ]
        }
      ],
      "bdt_t1_bomb_zone_03": [
        {
          "objLayer": [
            0
          ],
          "props": [
            []
          ],
          "tm": [
            [
              [391.217,0.0,222.373],
              [0.0,450.0,0.0],
              [-222.373,0.0,391.217],
              [-7809.58,144.867,-6611.32]
            ]
          ],
          "type": [
            "Sphere"
          ]
        }
      ],
      "bdt_t1_bomb_zone_03_aaa_point_01": [
        {
          "objLayer": [
            0
          ],
          "props": [
            []
          ],
          "tm": [
            [
              [0.856496,0.0,0.516153],
              [0.0,1.0,0.0],
              [-0.516153,0.0,0.856496],
              [-7863.2,142.759,-6914.37]
            ]
          ],
          "type": [
            "Point"
          ]
        }
      ],
      "bdt_t1_bomb_zone_03_aaa_point_02": [
        {
          "objLayer": [
            0
          ],
          "props": [
            []
          ],
          "tm": [
            [
              [0.856496,0.0,0.516153],
              [0.0,1.0,0.0],
              [-0.516153,0.0,0.856496],
              [-7782.08,146.48,-6370.75]
            ]
          ],
          "type": [
            "Point"
          ]
        }
      ],
      "bdt_t1_bomb_zone_03_aaa_point_03": [
        {
          "objLayer": [
            0
          ],
          "props": [
            []
          ],
          "tm": [
            [
              [0.856496,0.0,0.516153],
              [0.0,1.0,0.0],
              [-0.516153,0.0,0.856496],
              [-8049.38,139.197,-6453.94]
            ]
          ],
          "type": [
            "Point"
          ]
        }
      ],
      "bdt_t1_bomb_zone_03_aaa_point_04": [
        {
          "objLayer": [
            0
          ],
          "props": [
            []
          ],
          "tm": [
            [
              [0.856496,0.0,0.516153],
              [0.0,1.0,0.0],
              [-0.516153,0.0,0.856496],
              [-7554.48,145.538,-6666.06]
            ]
          ],
          "type": [
            "Point"
          ]
        }
      ],
      "bdt_t1_bomb_zone_04": [
        {
          "objLayer": [
            0
          ],
          "props": [
            []
          ],
          "tm": [
            [
              [391.217,0.0,222.373],
              [0.0,450.0,0.0],
              [-222.373,0.0,391.217],
              [-9548.77,137.3,-9179.46]
            ]
          ],
          "type": [
            "Sphere"
          ]
        }
      ],
      "bdt_t1_bomb_zone_04_aaa_point_01": [
        {
          "objLayer": [
            0
          ],
          "props": [
            []
          ],
          "tm": [
            [
              [0.856496,0.0,0.516153],
              [0.0,1.0,0.0],
              [-0.516153,0.0,0.856496],
              [-9233.7,140.141,-9146.09]
            ]
          ],
          "type": [
            "Point"
          ]
        }
      ],
      "bdt_t1_bomb_zone_04_aaa_point_02": [
        {
          "objLayer": [
            0
          ],
          "props": [
            []
          ],
          "tm": [
            [
              [0.856496,0.0,0.516153],
              [0.0,1.0,0.0],
              [-0.516153,0.0,0.856496],
              [-9477.45,138.869,-8937.0]
            ]
          ],
          "type": [
            "Point"
          ]
        }
      ],
      "bdt_t1_bomb_zone_04_aaa_point_03": [
        {
          "objLayer": [
            0
          ],
          "props": [
            []
          ],
          "tm": [
            [
              [0.856496,0.0,0.516153],
              [0.0,1.0,0.0],
              [-0.516153,0.0,0.856496],
              [-9403.83,137.547,-9431.67]
            ]
          ],
          "type": [
            "Point"
          ]
        }
      ],
      "bdt_t1_bomb_zone_04_aaa_point_04": [
        {
          "objLayer": [
            0
          ],
          "props": [
            []
          ],
          "tm": [
            [
              [0.856496,0.0,0.516153],
              [0.0,1.0,0.0],
              [-0.516153,0.0,0.856496],
              [-9823.14,135.761,-9026.99]
            ]
          ],
          "type": [
            "Point"
          ]
        }
      ],
      "bdt_t1_bomb_zone_05": [
        {
          "objLayer": [
            0
          ],
          "props": [
            []
          ],
          "tm": [
            [
              [391.217,0.0,222.373],
              [0.0,450.0,0.0],
              [-222.373,0.0,391.217],
              [-7680.31,166.811,-9959.97]
            ]
          ],
          "type": [
            "Sphere"
          ]
        }
      ],
      "bdt_t1_bomb_zone_05_aaa_point_01": [
        {
          "objLayer": [
            0
          ],
          "props": [
            []
          ],
          "tm": [
            [
              [0.856496,0.0,0.516153],
              [0.0,1.0,0.0],
              [-0.516153,0.0,0.856496],
              [-7926.0,161.611,-10081.4]
            ]
          ],
          "type": [
            "Point"
          ]
        }
      ],
      "bdt_t1_bomb_zone_05_aaa_point_02": [
        {
          "objLayer": [
            0
          ],
          "props": [
            []
          ],
          "tm": [
            [
              [0.856496,0.0,0.516153],
              [0.0,1.0,0.0],
              [-0.516153,0.0,0.856496],
              [-7565.62,179.042,-10232.3]
            ]
          ],
          "type": [
            "Point"
          ]
        }
      ],
      "bdt_t1_bomb_zone_05_aaa_point_03": [
        {
          "objLayer": [
            0
          ],
          "props": [
            []
          ],
          "tm": [
            [
              [0.856496,0.0,0.516153],
              [0.0,1.0,0.0],
              [-0.516153,0.0,0.856496],
              [-7252.34,190.418,-9825.6]
            ]
          ],
          "type": [
            "Point"
          ]
        }
      ],
      "bdt_t1_bomb_zone_05_aaa_point_04": [
        {
          "objLayer": [
            0
          ],
          "props": [
            []
          ],
          "tm": [
            [
              [0.856496,0.0,0.516153],
              [0.0,1.0,0.0],
              [-0.516153,0.0,0.856496],
              [-7599.88,171.44,-9694.39]
            ]
          ],
          "type": [
            "Point"
          ]
        }
      ],
      "bdt_t1_bomb_zone_06": [
        {
          "objLayer": [
            0
          ],
          "props": [
            []
          ],
          "tm": [
            [
              [391.217,0.0,222.373],
              [0.0,450.0,0.0],
              [-222.373,0.0,391.217],
              [-6872.17,151.222,-7705.25]
            ]
          ],
          "type": [
            "Sphere"
          ]
        }
      ],
      "bdt_t1_bomb_zone_06_aaa_point_01": [
        {
          "objLayer": [
            0
          ],
          "props": [
            []
          ],
          "tm": [
            [
              [0.856496,0.0,0.516153],
              [0.0,1.0,0.0],
              [-0.516153,0.0,0.856496],
              [-6879.14,152.131,-8042.48]
            ]
          ],
          "type": [
            "Point"
          ]
        }
      ],
      "bdt_t1_bomb_zone_06_aaa_point_02": [
        {
          "objLayer": [
            0
          ],
          "props": [
            []
          ],
          "tm": [
            [
              [0.856496,0.0,0.516153],
              [0.0,1.0,0.0],
              [-0.516153,0.0,0.856496],
              [-7113.6,161.452,-7922.32]
            ]
          ],
          "type": [
            "Point"
          ]
        }
      ],
      "bdt_t1_bomb_zone_06_aaa_point_03": [
        {
          "objLayer": [
            0
          ],
          "props": [
            []
          ],
          "tm": [
            [
              [0.856496,0.0,0.516153],
              [0.0,1.0,0.0],
              [-0.516153,0.0,0.856496],
              [-7022.97,145.395,-7435.36]
            ]
          ],
          "type": [
            "Point"
          ]
        }
      ],
      "bdt_t1_bomb_zone_06_aaa_point_04": [
        {
          "objLayer": [
            0
          ],
          "props": [
            []
          ],
          "tm": [
            [
              [0.856496,0.0,0.516153],
              [0.0,1.0,0.0],
              [-0.516153,0.0,0.856496],
              [-6575.65,144.967,-7678.82]
            ]
          ],
          "type": [
            "Point"
          ]
        }
      ],
      "bdt_t1_bomb_zone_07": [
        {
          "objLayer": [
            0
          ],
          "props": [
            []
          ],
          "tm": [
            [
              [391.217,0.0,222.373],
              [0.0,450.0,0.0],
              [-222.373,0.0,391.217],
              [-5963.84,190.259,-5956.35]
            ]
          ],
          "type": [
            "Sphere"
          ]
        }
      ],
      "bdt_t1_bomb_zone_07_aaa_point_01": [
        {
          "objLayer": [
            0
          ],
          "props": [
            []
          ],
          "tm": [
            [
              [0.856496,0.0,0.516153],
              [0.0,1.0,0.0],
              [-0.516153,0.0,0.856496],
              [-5970.85,156.72,-5655.16]
            ]
          ],
          "type": [
            "Point"
          ]
        }
      ],
      "bdt_t1_bomb_zone_07_aaa_point_02": [
        {
          "objLayer": [
            0
          ],
          "props": [
            []
          ],
          "tm": [
            [
              [0.856496,0.0,0.516153],
              [0.0,1.0,0.0],
              [-0.516153,0.0,0.856496],
              [-5960.28,188.899,-6305.15]
            ]
          ],
          "type": [
            "Point"
          ]
        }
      ],
      "bdt_t1_bomb_zone_07_aaa_point_03": [
        {
          "objLayer": [
            0
          ],
          "props": [
            []
          ],
          "tm": [
            [
              [0.856496,0.0,0.516153],
              [0.0,1.0,0.0],
              [-0.516153,0.0,0.856496],
              [-5628.34,184.785,-5936.41]
            ]
          ],
          "type": [
            "Point"
          ]
        }
      ],
      "bdt_t1_bomb_zone_07_aaa_point_04": [
        {
          "objLayer": [
            0
          ],
          "props": [
            []
          ],
          "tm": [
            [
              [0.856496,0.0,0.516153],
              [0.0,1.0,0.0],
              [-0.516153,0.0,0.856496],
              [-6310.55,170.987,-5753.54]
            ]
          ],
          "type": [
            "Point"
          ]
        }
      ],
      "bdt_t1_bomb_zone_08": [
        {
          "objLayer": [
            0
          ],
          "props": [
            []
          ],
          "tm": [
            [
              [449.429,0.0,-22.6552],
              [0.0,450.0,0.0],
              [22.6552,0.0,449.429],
              [-11656.9,161.89,4814.74]
            ]
          ],
          "type": [
            "Sphere"
          ]
        }
      ],
      "bdt_t1_bomb_zone_08_aaa_point_01": [
        {
          "objLayer": [
            0
          ],
          "props": [
            []
          ],
          "tm": [
            [
              [0.856496,0.0,0.516153],
              [0.0,1.0,0.0],
              [-0.516153,0.0,0.856496],
              [-11878.6,143.264,5032.48]
            ]
          ],
          "type": [
            "Point"
          ]
        }
      ],
      "bdt_t1_bomb_zone_08_aaa_point_02": [
        {
          "objLayer": [
            0
          ],
          "props": [
            []
          ],
          "tm": [
            [
              [0.856496,0.0,0.516153],
              [0.0,1.0,0.0],
              [-0.516153,0.0,0.856496],
              [-11841.9,183.44,4571.07]
            ]
          ],
          "type": [
            "Point"
          ]
        }
      ],
      "bdt_t1_bomb_zone_08_aaa_point_03": [
        {
          "objLayer": [
            0
          ],
          "props": [
            []
          ],
          "tm": [
            [
              [0.856496,0.0,0.516153],
              [0.0,1.0,0.0],
              [-0.516153,0.0,0.856496],
              [-11422.6,193.38,4544.35]
            ]
          ],
          "type": [
            "Point"
          ]
        }
      ],
      "bdt_t1_bomb_zone_08_aaa_point_04": [
        {
          "objLayer": [
            0
          ],
          "props": [
            []
          ],
          "tm": [
            [
              [0.856496,0.0,0.516153],
              [0.0,1.0,0.0],
              [-0.516153,0.0,0.856496],
              [-11426.8,149.791,4960.17]
            ]
          ],
          "type": [
            "Point"
          ]
        }
      ],
      "bdt_t1_bomb_zone_09": [
        {
          "objLayer": [
            0
          ],
          "props": [
            []
          ],
          "tm": [
            [
              [449.429,0.0,-22.6552],
              [0.0,450.0,0.0],
              [22.6552,0.0,449.429],
              [-9845.55,147.91,3277.1]
            ]
          ],
          "type": [
            "Sphere"
          ]
        }
      ],
      "bdt_t1_bomb_zone_09_aaa_point_01": [
        {
          "objLayer": [
            0
          ],
          "props": [
            []
          ],
          "tm": [
            [
              [0.856496,0.0,0.516153],
              [0.0,1.0,0.0],
              [-0.516153,0.0,0.856496],
              [-10265.7,111.332,3121.52]
            ]
          ],
          "type": [
            "Point"
          ]
        }
      ],
      "bdt_t1_bomb_zone_09_aaa_point_02": [
        {
          "objLayer": [
            0
          ],
          "props": [
            []
          ],
          "tm": [
            [
              [0.856496,0.0,0.516153],
              [0.0,1.0,0.0],
              [-0.516153,0.0,0.856496],
              [-9842.42,117.615,2866.81]
            ]
          ],
          "type": [
            "Point"
          ]
        }
      ],
      "bdt_t1_bomb_zone_09_aaa_point_03": [
        {
          "objLayer": [
            0
          ],
          "props": [
            []
          ],
          "tm": [
            [
              [0.856496,0.0,0.516153],
              [0.0,1.0,0.0],
              [-0.516153,0.0,0.856496],
              [-10184.0,171.945,3716.58]
            ]
          ],
          "type": [
            "Point"
          ]
        }
      ],
      "bdt_t1_bomb_zone_09_aaa_point_04": [
        {
          "objLayer": [
            0
          ],
          "props": [
            []
          ],
          "tm": [
            [
              [0.856496,0.0,0.516153],
              [0.0,1.0,0.0],
              [-0.516153,0.0,0.856496],
              [-9470.01,166.58,3128.28]
            ]
          ],
          "type": [
            "Point"
          ]
        }
      ],
      "bdt_t1_bomb_zone_10": [
        {
          "objLayer": [
            0
          ],
          "props": [
            []
          ],
          "tm": [
            [
              [449.429,0.0,-22.6552],
              [0.0,450.0,0.0],
              [22.6552,0.0,449.429],
              [-8033.62,153.923,1894.8]
            ]
          ],
          "type": [
            "Sphere"
          ]
        }
      ],
      "bdt_t1_bomb_zone_10_aaa_point_01": [
        {
          "objLayer": [
            0
          ],
          "props": [
            []
          ],
          "tm": [
            [
              [0.856496,0.0,0.516153],
              [0.0,1.0,0.0],
              [-0.516153,0.0,0.856496],
              [-8328.96,138.116,1672.83]
            ]
          ],
          "type": [
            "Point"
          ]
        }
      ],
      "bdt_t1_bomb_zone_10_aaa_point_02": [
        {
          "objLayer": [
            0
          ],
          "props": [
            []
          ],
          "tm": [
            [
              [0.856496,0.0,0.516153],
              [0.0,1.0,0.0],
              [-0.516153,0.0,0.856496],
              [-8304.61,169.504,2247.45]
            ]
          ],
          "type": [
            "Point"
          ]
        }
      ],
      "bdt_t1_bomb_zone_10_aaa_point_03": [
        {
          "objLayer": [
            0
          ],
          "props": [
            []
          ],
          "tm": [
            [
              [0.856496,0.0,0.516153],
              [0.0,1.0,0.0],
              [-0.516153,0.0,0.856496],
              [-7868.3,144.901,1688.63]
            ]
          ],
          "type": [
            "Point"
          ]
        }
      ],
      "bdt_t1_bomb_zone_10_aaa_point_04": [
        {
          "objLayer": [
            0
          ],
          "props": [
            []
          ],
          "tm": [
            [
              [0.856496,0.0,0.516153],
              [0.0,1.0,0.0],
              [-0.516153,0.0,0.856496],
              [-7756.88,164.97,2056.71]
            ]
          ],
          "type": [
            "Point"
          ]
        }
      ],
      "bdt_t2_bomb_zone_01": [
        {
          "objLayer": [
            0
          ],
          "props": [
            []
          ],
          "tm": [
            [
              [417.316,0.0,-168.371],
              [0.0,450.0,0.0],
              [168.371,0.0,417.316],
              [-22390.0,48.3789,-904.12]
            ]
          ],
          "type": [
            "Sphere"
          ]
        }
      ],
      "bdt_t2_bomb_zone_01_aaa_point_01": [
        {
          "objLayer": [
            0
          ],
          "props": [
            []
          ],
          "tm": [
            [
              [0.978189,0.0,0.207709],
              [0.0,1.0,0.0],
              [-0.207709,0.0,0.978189],
              [-22317.2,32.708,-1117.54]
            ]
          ],
          "type": [
            "Point"
          ]
        }
      ],
      "bdt_t2_bomb_zone_01_aaa_point_02": [
        {
          "objLayer": [
            0
          ],
          "props": [
            []
          ],
          "tm": [
            [
              [0.978189,0.0,0.207709],
              [0.0,1.0,0.0],
              [-0.207709,0.0,0.978189],
              [-22577.5,68.2422,-679.911]
            ]
          ],
          "type": [
            "Point"
          ]
        }
      ],
      "bdt_t2_bomb_zone_01_aaa_point_03": [
        {
          "objLayer": [
            0
          ],
          "props": [
            []
          ],
          "tm": [
            [
              [0.978189,0.0,0.207709],
              [0.0,1.0,0.0],
              [-0.207709,0.0,0.978189],
              [-22463.0,59.7771,-647.407]
            ]
          ],
          "type": [
            "Point"
          ]
        }
      ],
      "bdt_t2_bomb_zone_01_aaa_point_04": [
        {
          "objLayer": [
            0
          ],
          "props": [
            []
          ],
          "tm": [
            [
              [0.978189,0.0,0.207709],
              [0.0,1.0,0.0],
              [-0.207709,0.0,0.978189],
              [-22091.4,35.7862,-544.445]
            ]
          ],
          "type": [
            "Point"
          ]
        }
      ],
      "bdt_t2_bomb_zone_02": [
        {
          "objLayer": [
            0
          ],
          "props": [
            []
          ],
          "tm": [
            [
              [417.316,0.0,-168.371],
              [0.0,450.0,0.0],
              [168.371,0.0,417.316],
              [-22214.6,132.721,-7354.01]
            ]
          ],
          "type": [
            "Sphere"
          ]
        }
      ],
      "bdt_t2_bomb_zone_02_aaa_point_01": [
        {
          "objLayer": [
            0
          ],
          "props": [
            []
          ],
          "tm": [
            [
              [0.978189,0.0,0.207709],
              [0.0,1.0,0.0],
              [-0.207709,0.0,0.978189],
              [-22377.9,127.728,-7541.39]
            ]
          ],
          "type": [
            "Point"
          ]
        }
      ],
      "bdt_t2_bomb_zone_02_aaa_point_02": [
        {
          "objLayer": [
            0
          ],
          "props": [
            []
          ],
          "tm": [
            [
              [0.978189,0.0,0.207709],
              [0.0,1.0,0.0],
              [-0.207709,0.0,0.978189],
              [-22217.4,138.189,-7026.75]
            ]
          ],
          "type": [
            "Point"
          ]
        }
      ],
      "bdt_t2_bomb_zone_02_aaa_point_03": [
        {
          "objLayer": [
            0
          ],
          "props": [
            []
          ],
          "tm": [
            [
              [0.978189,0.0,0.207709],
              [0.0,1.0,0.0],
              [-0.207709,0.0,0.978189],
              [-22489.0,130.524,-7300.33]
            ]
          ],
          "type": [
            "Point"
          ]
        }
      ],
      "bdt_t2_bomb_zone_02_aaa_point_04": [
        {
          "objLayer": [
            0
          ],
          "props": [
            []
          ],
          "tm": [
            [
              [0.978189,0.0,0.207709],
              [0.0,1.0,0.0],
              [-0.207709,0.0,0.978189],
              [-21985.4,135.456,-7345.32]
            ]
          ],
          "type": [
            "Point"
          ]
        }
      ],
      "bdt_t2_bomb_zone_03": [
        {
          "objLayer": [
            0
          ],
          "props": [
            []
          ],
          "tm": [
            [
              [342.042,0.0,292.417],
              [0.0,450.0,0.0],
              [-292.417,0.0,342.042],
              [-20942.3,130.003,-9458.78]
            ]
          ],
          "type": [
            "Sphere"
          ]
        }
      ],
      "bdt_t2_bomb_zone_03_aaa_point_01": [
        {
          "objLayer": [
            0
          ],
          "props": [
            []
          ],
          "tm": [
            [
              [0.978189,0.0,0.207709],
              [0.0,1.0,0.0],
              [-0.207709,0.0,0.978189],
              [-20552.2,137.394,-9688.67]
            ]
          ],
          "type": [
            "Point"
          ]
        }
      ],
      "bdt_t2_bomb_zone_03_aaa_point_02": [
        {
          "objLayer": [
            0
          ],
          "props": [
            []
          ],
          "tm": [
            [
              [0.978189,0.0,0.207709],
              [0.0,1.0,0.0],
              [-0.207709,0.0,0.978189],
              [-20890.7,129.832,-9170.81]
            ]
          ],
          "type": [
            "Point"
          ]
        }
      ],
      "bdt_t2_bomb_zone_03_aaa_point_03": [
        {
          "objLayer": [
            0
          ],
          "props": [
            []
          ],
          "tm": [
            [
              [0.978189,0.0,0.207709],
              [0.0,1.0,0.0],
              [-0.207709,0.0,0.978189],
              [-21187.1,125.433,-9252.09]
            ]
          ],
          "type": [
            "Point"
          ]
        }
      ],
      "bdt_t2_bomb_zone_03_aaa_point_04": [
        {
          "objLayer": [
            0
          ],
          "props": [
            []
          ],
          "tm": [
            [
              [0.978189,0.0,0.207709],
              [0.0,1.0,0.0],
              [-0.207709,0.0,0.978189],
              [-21158.9,130.834,-9713.03]
            ]
          ],
          "type": [
            "Point"
          ]
        }
      ],
      "bdt_t2_bomb_zone_04": [
        {
          "objLayer": [
            0
          ],
          "props": [
            []
          ],
          "tm": [
            [
              [438.416,0.0,101.441],
              [0.0,450.0,0.0],
              [-101.441,0.0,438.416],
              [-20523.3,76.3026,1608.93]
            ]
          ],
          "type": [
            "Sphere"
          ]
        }
      ],
      "bdt_t2_bomb_zone_04_aaa_point_01": [
        {
          "objLayer": [
            0
          ],
          "props": [
            []
          ],
          "tm": [
            [
              [0.978189,0.0,0.207709],
              [0.0,1.0,0.0],
              [-0.207709,0.0,0.978189],
              [-20337.1,82.2715,1884.23]
            ]
          ],
          "type": [
            "Point"
          ]
        }
      ],
      "bdt_t2_bomb_zone_04_aaa_point_02": [
        {
          "objLayer": [
            0
          ],
          "props": [
            []
          ],
          "tm": [
            [
              [0.978189,0.0,0.207709],
              [0.0,1.0,0.0],
              [-0.207709,0.0,0.978189],
              [-20780.0,90.7431,1768.26]
            ]
          ],
          "type": [
            "Point"
          ]
        }
      ],
      "bdt_t2_bomb_zone_04_aaa_point_03": [
        {
          "objLayer": [
            0
          ],
          "props": [
            []
          ],
          "tm": [
            [
              [0.978189,0.0,0.207709],
              [0.0,1.0,0.0],
              [-0.207709,0.0,0.978189],
              [-20358.6,62.5209,1399.34]
            ]
          ],
          "type": [
            "Point"
          ]
        }
      ],
      "bdt_t2_bomb_zone_04_aaa_point_04": [
        {
          "objLayer": [
            0
          ],
          "props": [
            []
          ],
          "tm": [
            [
              [0.978189,0.0,0.207709],
              [0.0,1.0,0.0],
              [-0.207709,0.0,0.978189],
              [-20601.7,68.8167,1374.81]
            ]
          ],
          "type": [
            "Point"
          ]
        }
      ],
      "bdt_t2_bomb_zone_05": [
        {
          "objLayer": [
            0
          ],
          "props": [
            []
          ],
          "tm": [
            [
              [438.416,0.0,101.441],
              [0.0,450.0,0.0],
              [-101.441,0.0,438.416],
              [-20870.9,69.5504,3042.56]
            ]
          ],
          "type": [
            "Sphere"
          ]
        }
      ],
      "bdt_t2_bomb_zone_05_aaa_point_01": [
        {
          "objLayer": [
            0
          ],
          "props": [
            []
          ],
          "tm": [
            [
              [0.978189,0.0,0.207709],
              [0.0,1.0,0.0],
              [-0.207709,0.0,0.978189],
              [-20883.1,86.674,2695.71]
            ]
          ],
          "type": [
            "Point"
          ]
        }
      ],
      "bdt_t2_bomb_zone_05_aaa_point_02": [
        {
          "objLayer": [
            0
          ],
          "props": [
            []
          ],
          "tm": [
            [
              [0.978189,0.0,0.207709],
              [0.0,1.0,0.0],
              [-0.207709,0.0,0.978189],
              [-20614.6,97.9437,3316.8]
            ]
          ],
          "type": [
            "Point"
          ]
        }
      ],
      "bdt_t2_bomb_zone_05_aaa_point_03": [
        {
          "objLayer": [
            0
          ],
          "props": [
            []
          ],
          "tm": [
            [
              [0.978189,0.0,0.207709],
              [0.0,1.0,0.0],
              [-0.207709,0.0,0.978189],
              [-20809.8,97.5107,3382.85]
            ]
          ],
          "type": [
            "Point"
          ]
        }
      ],
      "bdt_t2_bomb_zone_05_aaa_point_04": [
        {
          "objLayer": [
            0
          ],
          "props": [
            []
          ],
          "tm": [
            [
              [0.978189,0.0,0.207709],
              [0.0,1.0,0.0],
              [-0.207709,0.0,0.978189],
              [-21196.4,96.9717,3018.51]
            ]
          ],
          "type": [
            "Point"
          ]
        }
      ],
      "bdt_t2_bomb_zone_06": [
        {
          "objLayer": [
            0
          ],
          "props": [
            []
          ],
          "tm": [
            [
              [339.539,0.0,295.32],
              [0.0,450.0,0.0],
              [-295.32,0.0,339.539],
              [-22295.6,100.427,1400.06]
            ]
          ],
          "type": [
            "Sphere"
          ]
        }
      ],
      "bdt_t2_bomb_zone_06_aaa_point_01": [
        {
          "objLayer": [
            0
          ],
          "props": [
            []
          ],
          "tm": [
            [
              [0.766316,0.0,0.642466],
              [0.0,1.0,0.0],
              [-0.642466,0.0,0.766316],
              [-22524.4,80.8373,1142.99]
            ]
          ],
          "type": [
            "Point"
          ]
        }
      ],
      "bdt_t2_bomb_zone_06_aaa_point_02": [
        {
          "objLayer": [
            0
          ],
          "props": [
            []
          ],
          "tm": [
            [
              [0.766316,0.0,0.642466],
              [0.0,1.0,0.0],
              [-0.642466,0.0,0.766316],
              [-22207.0,101.67,1838.9]
            ]
          ],
          "type": [
            "Point"
          ]
        }
      ],
      "bdt_t2_bomb_zone_06_aaa_point_03": [
        {
          "objLayer": [
            0
          ],
          "props": [
            []
          ],
          "tm": [
            [
              [0.766316,0.0,0.642466],
              [0.0,1.0,0.0],
              [-0.642466,0.0,0.766316],
              [-21976.6,108.159,1607.94]
            ]
          ],
          "type": [
            "Point"
          ]
        }
      ],
      "bdt_t2_bomb_zone_06_aaa_point_04": [
        {
          "objLayer": [
            0
          ],
          "props": [
            []
          ],
          "tm": [
            [
              [0.766316,0.0,0.642466],
              [0.0,1.0,0.0],
              [-0.642466,0.0,0.766316],
              [-21786.9,99.8554,1196.41]
            ]
          ],
          "type": [
            "Point"
          ]
        }
      ],
      "bdt_t2_bomb_zone_07": [
        {
          "objLayer": [
            0
          ],
          "props": [
            []
          ],
          "tm": [
            [
              [438.416,0.0,101.441],
              [0.0,450.0,0.0],
              [-101.441,0.0,438.416],
              [-23927.1,87.5847,-660.231]
            ]
          ],
          "type": [
            "Sphere"
          ]
        }
      ],
      "bdt_t2_bomb_zone_07_aaa_point_01": [
        {
          "objLayer": [
            0
          ],
          "props": [
            []
          ],
          "tm": [
            [
              [0.978189,0.0,0.207709],
              [0.0,1.0,0.0],
              [-0.207709,0.0,0.978189],
              [-23926.1,84.2504,-1086.13]
            ]
          ],
          "type": [
            "Point"
          ]
        }
      ],
      "bdt_t2_bomb_zone_07_aaa_point_02": [
        {
          "objLayer": [
            0
          ],
          "props": [
            []
          ],
          "tm": [
            [
              [0.978189,0.0,0.207709],
              [0.0,1.0,0.0],
              [-0.207709,0.0,0.978189],
              [-23661.0,87.7502,-325.365]
            ]
          ],
          "type": [
            "Point"
          ]
        }
      ],
      "bdt_t2_bomb_zone_07_aaa_point_03": [
        {
          "objLayer": [
            0
          ],
          "props": [
            []
          ],
          "tm": [
            [
              [0.978189,0.0,0.207709],
              [0.0,1.0,0.0],
              [-0.207709,0.0,0.978189],
              [-24137.4,106.303,-256.455]
            ]
          ],
          "type": [
            "Point"
          ]
        }
      ],
      "bdt_t2_bomb_zone_07_aaa_point_04": [
        {
          "objLayer": [
            0
          ],
          "props": [
            []
          ],
          "tm": [
            [
              [0.978189,0.0,0.207709],
              [0.0,1.0,0.0],
              [-0.207709,0.0,0.978189],
              [-24257.3,92.3971,-891.012]
            ]
          ],
          "type": [
            "Point"
          ]
        }
      ],
      "bdt_t2_bomb_zone_08": [
        {
          "objLayer": [
            0
          ],
          "props": [
            []
          ],
          "tm": [
            [
              [342.042,0.0,292.417],
              [0.0,450.0,0.0],
              [-292.417,0.0,342.042],
              [-21245.9,123.828,-10868.9]
            ]
          ],
          "type": [
            "Sphere"
          ]
        }
      ],
      "bdt_t2_bomb_zone_08_aaa_point_01": [
        {
          "objLayer": [
            0
          ],
          "props": [
            []
          ],
          "tm": [
            [
              [0.978189,0.0,0.207709],
              [0.0,1.0,0.0],
              [-0.207709,0.0,0.978189],
              [-20893.2,138.431,-10766.2]
            ]
          ],
          "type": [
            "Point"
          ]
        }
      ],
      "bdt_t2_bomb_zone_08_aaa_point_02": [
        {
          "objLayer": [
            0
          ],
          "props": [
            []
          ],
          "tm": [
            [
              [0.978189,0.0,0.207709],
              [0.0,1.0,0.0],
              [-0.207709,0.0,0.978189],
              [-21484.2,111.259,-11065.1]
            ]
          ],
          "type": [
            "Point"
          ]
        }
      ],
      "bdt_t2_bomb_zone_08_aaa_point_03": [
        {
          "objLayer": [
            0
          ],
          "props": [
            []
          ],
          "tm": [
            [
              [0.978189,0.0,0.207709],
              [0.0,1.0,0.0],
              [-0.207709,0.0,0.978189],
              [-21322.2,127.987,-10547.6]
            ]
          ],
          "type": [
            "Point"
          ]
        }
      ],
      "bdt_t2_bomb_zone_08_aaa_point_04": [
        {
          "objLayer": [
            0
          ],
          "props": [
            []
          ],
          "tm": [
            [
              [0.978189,0.0,0.207709],
              [0.0,1.0,0.0],
              [-0.207709,0.0,0.978189],
              [-21605.2,116.285,-10629.3]
            ]
          ],
          "type": [
            "Point"
          ]
        }
      ],
      "bdt_t2_bomb_zone_09": [
        {
          "objLayer": [
            0
          ],
          "props": [
            []
          ],
          "tm": [
            [
              [342.042,0.0,292.417],
              [0.0,450.0,0.0],
              [-292.417,0.0,342.042],
              [-22845.3,107.099,-9180.87]
            ]
          ],
          "type": [
            "Sphere"
          ]
        }
      ],
      "bdt_t2_bomb_zone_09_aaa_point_01": [
        {
          "objLayer": [
            0
          ],
          "props": [
            []
          ],
          "tm": [
            [
              [0.978189,0.0,0.207709],
              [0.0,1.0,0.0],
              [-0.207709,0.0,0.978189],
              [-22558.0,107.818,-9452.49]
            ]
          ],
          "type": [
            "Point"
          ]
        }
      ],
      "bdt_t2_bomb_zone_09_aaa_point_02": [
        {
          "objLayer": [
            0
          ],
          "props": [
            []
          ],
          "tm": [
            [
              [0.978189,0.0,0.207709],
              [0.0,1.0,0.0],
              [-0.207709,0.0,0.978189],
              [-23141.2,114.06,-9152.11]
            ]
