{
  "airfields": [],
  "areas": {
    "heli_4000": {
      "objLayer": 4,
      "props": [],
      "tm": [
        [1194.59,0.0,7910.31],
        [0.0,8000.0,0.0],
        [-7910.31,0.0,1194.59],
        [1025.97,26.5789,1010.06]
      ],
      "type": "Sphere"
    }
  },
  "bin_dump_file": "",
  "dialogs": [],
  "effects": [],
  "imports": [],
  "mission_objectives": {
    "isCategory": true,
    "is_enabled": true
  },
  "mission_settings": {
    "mission": {
      "environment": "Day",
      "level": "levels/water.bin",
      "type": "singleMission",
      "weather": "hazy"
    },
    "player": {
      "army": 1
    },
    "player_teamB": {
      "army": 2
    }
  },
  "objLayers": [
    {
      "layer": {
        "enabled": true
      }
    },
    {
      "layer": {
        "enabled": true
      }
    },
    {
      "layer": {
        "enabled": true
      }
    },
    {
      "layer": {
        "enabled": true
      }
    },
    {
      "layer": {
        "enabled": true
      }
    }
  ],
  "selected_tag": "",
  "triggers": {
    "isCategory": true,
    "is_enabled": true
  },
  "units": [
    {
      "objectGroups": {
        "name": "t1_helipad",
        "objLayer": 2,
        "props": {
          "active": true,
          "army": 1,
          "isDelayed": true
        },
        "tm": [
          [-0.279817,0.0,-0.960054],
          [0.0,1.0,0.0],
          [0.960054,0.0,-0.279817],
          [-152.872,-0.500614,-2748.58]
        ],
        "unit_class": "dynHelipad_concrete_mud_b"
      }
    },
    {
      "objectGroups": {
        "name": "t1_helipad_farspawn",
        "objLayer": 2,
        "props": {
          "active": true,
          "army": 1,
          "isDelayed": true
        },
        "tm": [
          [0.754163,0.0,-0.656688],
          [0.0,1.0,0.0],
          [0.656688,0.0,0.754163],
          [5314.64,-6.59961,-3173.49]
        ],
        "unit_class": "dynHelipad_concrete_mud_b"
      }
    },
    {
      "objectGroups": {
        "name": "t2_helipad",
        "objLayer": 2,
        "props": {
          "active": true,
          "army": 2,
          "isDelayed": true
        },
        "tm": [
          [0.721855,0.0,0.692043],
          [0.0,1.0,0.0],
          [-0.692043,0.0,0.721855],
          [5577.38,6.39948,4791.69]
        ],
        "unit_class": "dynHelipad_concrete_mud_b"
      }
    },
    {
      "objectGroups": {
        "name": "t2_helipad_farspawn",
        "objLayer": 2,
        "props": {
          "active": true,
          "army": 2,
          "isDelayed": true
        },
        "tm": [
          [0.1229,0.0,0.992419],
          [0.0,1.0,0.0],
          [-0.992419,0.0,0.1229],
          [1196.16,-1.1107,4973.26]
        ],
        "unit_class": "dynHelipad_concrete_mud_b"
      }
    },
    {
      "air_defence": {
        "applyAllMods": false,
        "bullets0": "",
        "bullets1": "",
        "bullets2": "",
        "bullets3": "",
        "bulletsCount0": 0,
        "bulletsCount1": 0,
        "bulletsCount2": 0,
        "bulletsCount3": 0,
        "closed_waypoints": false,
        "crewSkillK": 0.0,
        "isShipSpline": false,
        "name": "t1_helipad_defence_01",
        "objLayer": 1,
        "props": {
          "army": 1,
          "attack_type": "fire_at_will",
          "count": 1,
          "formation_div": 3,
          "formation_noise": [0.1,0.1],
          "formation_step": [2.5,2.0],
          "formation_type": "rows",
          "uniqueName": ""
        },
        "shipTurnRadius": 100.0,
        "tm": [
          [0.683704,0.0,0.729759],
          [0.0,1.0,0.0],
          [-0.729759,0.0,0.683704],
          [64.1576,4.00244,-2680.38]
        ],
        "unit_class": "germ_20mm_flak38_longrange_helipad",
        "way": [],
        "weapons": ""
      }
    },
    {
      "air_defence": {
        "applyAllMods": false,
        "bullets0": "",
        "bullets1": "",
        "bullets2": "",
        "bullets3": "",
        "bulletsCount0": 0,
        "bulletsCount1": 0,
        "bulletsCount2": 0,
        "bulletsCount3": 0,
        "closed_waypoints": false,
        "crewSkillK": 0.0,
        "isShipSpline": false,
        "name": "t1_helipad_defence_02",
        "objLayer": 1,
        "props": {
          "army": 1,
          "attack_type": "fire_at_will",
          "count": 1,
          "formation_div": 3,
          "formation_noise": [0.1,0.1],
          "formation_step": [2.5,2.0],
          "formation_type": "rows",
          "uniqueName": ""
        },
        "shipTurnRadius": 100.0,
        "tm": [
          [-0.995828,0.0,-0.0912551],
          [0.0,1.0,0.0],
          [0.0912551,0.0,-0.995828],
          [5334.57,-4.30091,-3378.17]
        ],
        "unit_class": "germ_20mm_flak38_longrange_helipad",
        "way": [],
        "weapons": ""
      }
    },
    {
      "air_defence": {
        "applyAllMods": false,
        "bullets0": "",
        "bullets1": "",
        "bullets2": "",
        "bullets3": "",
        "bulletsCount0": 0,
        "bulletsCount1": 0,
        "bulletsCount2": 0,
        "bulletsCount3": 0,
        "closed_waypoints": false,
        "crewSkillK": 0.0,
        "isShipSpline": false,
        "name": "t1_helipad_defence_03",
        "objLayer": 1,
        "props": {
          "army": 1,
          "attack_type": "fire_at_will",
          "count": 1,
          "formation_div": 3,
          "formation_noise": [0.1,0.1],
          "formation_step": [2.5,2.0],
          "formation_type": "rows",
          "uniqueName": ""
        },
        "shipTurnRadius": 100.0,
        "tm": [
          [0.524191,0.0,0.851601],
          [0.0,1.0,0.0],
          [-0.851601,0.0,0.524191],
          [-318.275,-0.415512,-2710.44]
        ],
        "unit_class": "germ_20mm_flak38_helipad",
        "way": [],
        "weapons": ""
      }
    },
    {
      "air_defence": {
        "applyAllMods": false,
        "bullets0": "",
        "bullets1": "",
        "bullets2": "",
        "bullets3": "",
        "bulletsCount0": 0,
        "bulletsCount1": 0,
        "bulletsCount2": 0,
        "bulletsCount3": 0,
        "closed_waypoints": false,
        "crewSkillK": 0.0,
        "isShipSpline": false,
        "name": "t1_helipad_defence_04",
        "objLayer": 1,
        "props": {
          "army": 1,
          "attack_type": "fire_at_will",
          "count": 1,
          "formation_div": 3,
          "formation_noise": [0.1,0.1],
          "formation_step": [2.5,2.0],
          "formation_type": "rows",
          "uniqueName": ""
        },
        "shipTurnRadius": 100.0,
        "tm": [
          [-0.550926,0.0,0.834555],
          [0.0,1.0,0.0],
          [-0.834555,0.0,-0.550926],
          [5316.1,-5.23216,-2974.15]
        ],
        "unit_class": "germ_20mm_flak38_helipad",
        "way": [],
        "weapons": ""
      }
    },
    {
      "air_defence": {
        "applyAllMods": false,
        "bullets0": "",
        "bullets1": "",
        "bullets2": "",
        "bullets3": "",
        "bulletsCount0": 0,
        "bulletsCount1": 0,
        "bulletsCount2": 0,
        "bulletsCount3": 0,
        "closed_waypoints": false,
        "crewSkillK": 0.0,
        "isShipSpline": false,
        "name": "t2_helipad_defence_01",
        "objLayer": 1,
        "props": {
          "army": 2,
          "attack_type": "fire_at_will",
          "count": 1,
          "formation_div": 3,
          "formation_noise": [0.1,0.1],
          "formation_step": [2.5,2.0],
          "formation_type": "rows",
          "uniqueName": ""
        },
        "shipTurnRadius": 100.0,
        "tm": [
          [0.424654,0.0,-0.905356],
          [0.0,1.0,0.0],
          [0.905356,0.0,0.424654],
          [5741.42,17.5882,4601.28]
        ],
        "unit_class": "germ_20mm_flak38_longrange_helipad",
        "way": [],
        "weapons": ""
      }
    },
    {
      "air_defence": {
        "applyAllMods": false,
        "bullets0": "",
        "bullets1": "",
        "bullets2": "",
        "bullets3": "",
        "bulletsCount0": 0,
        "bulletsCount1": 0,
        "bulletsCount2": 0,
        "bulletsCount3": 0,
        "closed_waypoints": false,
        "crewSkillK": 0.0,
        "isShipSpline": false,
        "name": "t2_helipad_defence_02",
        "objLayer": 1,
        "props": {
          "army": 2,
          "attack_type": "fire_at_will",
          "count": 1,
          "formation_div": 3,
          "formation_noise": [0.1,0.1],
          "formation_step": [2.5,2.0],
          "formation_type": "rows",
          "uniqueName": ""
        },
        "shipTurnRadius": 100.0,
        "tm": [
          [0.0815144,0.0,-0.996672],
          [0.0,1.0,0.0],
          [0.996672,0.0,0.0815144],
          [1323.81,-0.73494,4930.89]
        ],
        "unit_class": "germ_20mm_flak38_longrange_helipad",
        "way": [],
        "weapons": ""
      }
    },
    {
      "air_defence": {
        "applyAllMods": false,
        "bullets0": "",
        "bullets1": "",
        "bullets2": "",
        "bullets3": "",
        "bulletsCount0": 0,
        "bulletsCount1": 0,
        "bulletsCount2": 0,
        "bulletsCount3": 0,
        "closed_waypoints": false,
        "crewSkillK": 0.0,
        "isShipSpline": false,
        "name": "t2_helipad_defence_03",
        "objLayer": 1,
        "props": {
          "army": 2,
          "attack_type": "fire_at_will",
          "count": 1,
          "formation_div": 3,
          "formation_noise": [0.1,0.1],
          "formation_step": [2.5,2.0],
          "formation_type": "rows",
          "uniqueName": ""
        },
        "shipTurnRadius": 100.0,
        "tm": [
          [-0.947554,0.0,-0.319598],
          [0.0,1.0,0.0],
          [0.319598,0.0,-0.947554],
          [5383.23,18.4608,4878.01]
        ],
        "unit_class": "germ_20mm_flak38_helipad",
        "way": [],
        "weapons": ""
      }
    },
    {
      "air_defence": {
        "applyAllMods": false,
        "bullets0": "",
        "bullets1": "",
        "bullets2": "",
        "bullets3": "",
        "bulletsCount0": 0,
        "bulletsCount1": 0,
        "bulletsCount2": 0,
        "bulletsCount3": 0,
        "closed_waypoints": false,
        "crewSkillK": 0.0,
        "isShipSpline": false,
        "name": "t2_helipad_defence_04",
        "objLayer": 1,
        "props": {
          "army": 2,
          "attack_type": "fire_at_will",
          "count": 1,
          "formation_div": 3,
          "formation_noise": [0.1,0.1],
          "formation_step": [2.5,2.0],
          "formation_type": "rows",
          "uniqueName": ""
        },
        "shipTurnRadius": 100.0,
        "tm": [
          [-0.178676,0.0,-0.983908],
          [0.0,1.0,0.0],
          [0.983908,0.0,-0.178676],
          [1125.95,8.26153,4770.39]
        ],
        "unit_class": "germ_20mm_flak38_helipad",
        "way": [],
        "weapons": ""
      }
    },
    {
      "squad": {
        "name": "t1_helipad_aaa_squad",
        "props": [
          {
            "squad_members": "t1_helipad_defence_04"
          },
          {
            "squad_members": "t1_helipad_defence_02"
          },
          {
            "squad_members": "t1_helipad_defence_01"
          },
          {
            "squad_members": "t1_helipad_defence_03"
          },
          {
            "object_marking": 0
          }
        ],
        "tm": [
          [-0.485495,0.0,0.874239],
          [0.0,1.0,0.0],
          [-0.874239,0.0,-0.485495],
          [-205.653,-4.71988,-2808.11]
        ]
      }
    },
    {
      "squad": {
        "name": "t2_helipad_aaa_squad",
        "props": [
          {
            "squad_members": "t2_helipad_defence_01"
          },
          {
            "squad_members": "t2_helipad_defence_02"
          },
          {
            "squad_members": "t2_helipad_defence_03"
          },
          {
            "squad_members": "t2_helipad_defence_04"
          },
          {
            "object_marking": 0
          }
        ],
        "tm": [
          [-0.998611,0.0,0.0526934],
          [0.0,1.0,0.0],
          [-0.0526934,0.0,-0.998611],
          [5426.69,29.1258,4661.08]
        ]
      }
    }
  ],
  "variables": [],
  "wayPoints": []
}