{
  "airfields": {},
  "areas": {
    "at_area": {
      "objLayer": 0,
      "props": {},
      "tm": [
        [-952.257,0.0,15971.7],
        [0.0,16000.0,0.0],
        [-15971.7,0.0,-952.257],
        [-3776.0,500.0,10429.8]
      ],
      "type": "Sphere"
    },
    "at_t1_spawn_01_01": {
      "objLayer": 0,
      "props": {},
      "tm": [
        [0.999322,0.0,0.0368489],
        [0.0,1.0,0.0],
        [-0.0368489,0.0,0.999322],
        [-11345.5,499.995,7915.24]
      ],
      "type": "Point"
    },
    "at_t1_spawn_01_02": {
      "objLayer": 0,
      "props": {},
      "tm": [
        [0.824199,0.0,0.566302],
        [0.0,1.0,0.0],
        [-0.566302,0.0,0.824199],
        [-10426.0,499.996,6021.64]
      ],
      "type": "Point"
    },
    "at_t1_spawn_02_01": {
      "objLayer": 0,
      "props": {},
      "tm": [
        [0.999322,0.0,0.0368489],
        [0.0,1.0,0.0],
        [-0.0368489,0.0,0.999322],
        [-11595.2,499.995,12089.0]
      ],
      "type": "Point"
    },
    "at_t1_spawn_02_02": {
      "objLayer": 0,
      "props": {},
      "tm": [
        [0.999322,0.0,0.0368489],
        [0.0,1.0,0.0],
        [-0.0368489,0.0,0.999322],
        [-10943.6,499.995,14030.0]
      ],
      "type": "Point"
    },
    "at_t2_spawn_01_01": {
      "objLayer": 0,
      "props": {},
      "tm": [
        [-0.999322,0.0,-0.0368489],
        [0.0,1.0,0.0],
        [0.0368489,0.0,-0.999322],
        [3807.88,500.005,12966.2]
      ],
      "type": "Point"
    },
    "at_t2_spawn_01_02": {
      "objLayer": 0,
      "props": {},
      "tm": [
        [-0.999322,0.0,-0.0368489],
        [0.0,1.0,0.0],
        [0.0368489,0.0,-0.999322],
        [4060.88,500.005,8826.42]
      ],
      "type": "Point"
    },
    "at_t2_spawn_02_01": {
      "objLayer": 0,
      "props": {},
      "tm": [
        [-0.999322,0.0,-0.0368489],
        [0.0,1.0,0.0],
        [0.0368489,0.0,-0.999322],
        [3356.15,500.004,6879.4]
      ],
      "type": "Point"
    },
    "at_t2_spawn_02_02": {
      "objLayer": 0,
      "props": {},
      "tm": [
        [-0.999322,0.0,-0.0368489],
        [0.0,1.0,0.0],
        [0.0368489,0.0,-0.999322],
        [2930.52,500.001,14885.7]
      ],
      "type": "Point"
    }
  },
  "bin_dump_file": "",
  "dialogs": {},
  "effects": {},
  "imports": {
    "import_record": {
      "excludes": {},
      "file": "gameData/missions/templates/air_templates/gs/assaults_gs_template.blk",
      "importAreas": true,
      "importMissionObjectives": true,
      "importTriggers": true,
      "importUnits": true,
      "importWayPoints": true,
      "showAreas": true,
      "showMissionObjectives": true,
      "showTriggers": true,
      "showUnits": true,
      "showWayPoints": true
    }
  },
  "mission_objectives": {
    "isCategory": true,
    "is_enabled": true
  },
  "mission_settings": {
    "mission": {
      "deathPenaltyMulRounds": 0.0,
      "environment": "Day",
      "level": "levels/berlin.bin",
      "stars": {
        "day": 2,
        "latitude": 52.5,
        "longitude": 13.0,
        "month": 4,
        "year": 1945
      },
      "type": "domination",
      "weather": "hazy"
    },
    "player": {
      "army": 1,
      "wing": ""
    },
    "player_teamB": {
      "army": 2,
      "wing": ""
    },
    "spectator_points": {}
  },
  "objLayers": {},
  "selected_tag": "",
  "triggers": {
    "isCategory": true,
    "is_enabled": true
  },
  "units": {},
  "variables": {
    "ai_assaults_saved": 0,
    "ft_helicopters_pad_exclusive": false
  },
  "wayPoints": {}
}