{
  "airfields": {},
  "areas": {
    "bdt_t1_bomb_zone_01": {
      "objLayer": 0,
      "props": {},
      "tm": [
        [-320.766,0.0,-315.609],
        [0.0,450.0,0.0],
        [315.609,0.0,-320.766],
        [3546.89,163.006,-10711.6]
      ],
      "type": "Sphere"
    },
    "bdt_t1_bomb_zone_01_aaa_point_01": {
      "objLayer": 0,
      "props": {},
      "tm": [
        [-0.199433,0.0,-0.979911],
        [0.0,1.0,0.0],
        [0.979911,0.0,-0.199433],
        [3504.95,166.388,-10962.8]
      ],
      "type": "Point"
    },
    "bdt_t1_bomb_zone_01_aaa_point_02": {
      "objLayer": 0,
      "props": {},
      "tm": [
        [-0.199433,0.0,-0.979911],
        [0.0,1.0,0.0],
        [0.979911,0.0,-0.199433],
        [3655.73,160.335,-10483.0]
      ],
      "type": "Point"
    },
    "bdt_t1_bomb_zone_01_aaa_point_03": {
      "objLayer": 0,
      "props": {},
      "tm": [
        [-0.199433,0.0,-0.979911],
        [0.0,1.0,0.0],
        [0.979911,0.0,-0.199433],
        [3325.89,175.867,-10637.0]
      ],
      "type": "Point"
    },
    "bdt_t1_bomb_zone_01_aaa_point_04": {
      "objLayer": 0,
      "props": {},
      "tm": [
        [-0.199433,0.0,-0.979911],
        [0.0,1.0,0.0],
        [0.979911,0.0,-0.199433],
        [3483.58,169.105,-10471.5]
      ],
      "type": "Point"
    },
    "bdt_t1_bomb_zone_02": {
      "objLayer": 0,
      "props": {},
      "tm": [
        [-119.986,0.0,-433.708],
        [0.0,450.0,0.0],
        [433.708,0.0,-119.986],
        [1677.66,308.415,-8693.19]
      ],
      "type": "Sphere"
    },
    "bdt_t1_bomb_zone_02_aaa_point_01": {
      "objLayer": 0,
      "props": {},
      "tm": [
        [-0.199433,0.0,-0.979911],
        [0.0,1.0,0.0],
        [0.979911,0.0,-0.199433],
        [1815.71,306.156,-8925.74]
      ],
      "type": "Point"
    },
    "bdt_t1_bomb_zone_02_aaa_point_02": {
      "objLayer": 0,
      "props": {},
      "tm": [
        [-0.199433,0.0,-0.979911],
        [0.0,1.0,0.0],
        [0.979911,0.0,-0.199433],
        [1941.9,375.717,-8664.38]
      ],
      "type": "Point"
    },
    "bdt_t1_bomb_zone_02_aaa_point_03": {
      "objLayer": 0,
      "props": {},
      "tm": [
        [-0.199433,0.0,-0.979911],
        [0.0,1.0,0.0],
        [0.979911,0.0,-0.199433],
        [1253.52,336.839,-8541.35]
      ],
      "type": "Point"
    },
    "bdt_t1_bomb_zone_02_aaa_point_04": {
      "objLayer": 0,
      "props": {},
      "tm": [
        [-0.199433,0.0,-0.979911],
        [0.0,1.0,0.0],
        [0.979911,0.0,-0.199433],
        [1778.5,384.489,-8379.88]
      ],
      "type": "Point"
    },
    "bdt_t1_bomb_zone_03": {
      "objLayer": 0,
      "props": {},
      "tm": [
        [-148.966,0.0,-424.627],
        [0.0,450.0,0.0],
        [424.627,0.0,-148.966],
        [-5720.47,284.269,-6672.79]
      ],
      "type": "Sphere"
    },
    "bdt_t1_bomb_zone_03_aaa_point_01": {
      "objLayer": 0,
      "props": {},
      "tm": [
        [-0.306884,0.0,-0.951747],
        [0.0,1.0,0.0],
        [0.951747,0.0,-0.306884],
        [-5879.11,288.64,-6409.07]
      ],
      "type": "Point"
    },
    "bdt_t1_bomb_zone_03_aaa_point_02": {
      "objLayer": 0,
      "props": {},
      "tm": [
        [-0.306884,0.0,-0.951747],
        [0.0,1.0,0.0],
        [0.951747,0.0,-0.306884],
        [-5583.23,281.322,-6872.29]
      ],
      "type": "Point"
    },
    "bdt_t1_bomb_zone_03_aaa_point_03": {
      "objLayer": 0,
      "props": {},
      "tm": [
        [-0.306884,0.0,-0.951747],
        [0.0,1.0,0.0],
        [0.951747,0.0,-0.306884],
        [-5436.31,288.089,-6634.04]
      ],
      "type": "Point"
    },
    "bdt_t1_bomb_zone_03_aaa_point_04": {
      "objLayer": 0,
      "props": {},
      "tm": [
        [-0.306884,0.0,-0.951747],
        [0.0,1.0,0.0],
        [0.951747,0.0,-0.306884],
        [-5948.76,285.883,-6799.04]
      ],
      "type": "Point"
    },
    "bdt_t1_bomb_zone_04": {
      "objLayer": 0,
      "props": {},
      "tm": [
        [-148.966,0.0,-424.627],
        [0.0,450.0,0.0],
        [424.627,0.0,-148.966],
        [-7484.31,308.167,-3871.66]
      ],
      "type": "Sphere"
    },
    "bdt_t1_bomb_zone_04_aaa_point_01": {
      "objLayer": 0,
      "props": {},
      "tm": [
        [-0.306884,0.0,-0.951747],
        [0.0,1.0,0.0],
        [0.951747,0.0,-0.306884],
        [-7700.0,310.357,-4103.74]
      ],
      "type": "Point"
    },
    "bdt_t1_bomb_zone_04_aaa_point_02": {
      "objLayer": 0,
      "props": {},
      "tm": [
        [-0.306884,0.0,-0.951747],
        [0.0,1.0,0.0],
        [0.951747,0.0,-0.306884],
        [-7378.85,308.284,-4101.35]
      ],
      "type": "Point"
    },
    "bdt_t1_bomb_zone_04_aaa_point_03": {
      "objLayer": 0,
      "props": {},
      "tm": [
        [-0.306884,0.0,-0.951747],
        [0.0,1.0,0.0],
        [0.951747,0.0,-0.306884],
        [-7759.25,309.212,-3776.66]
      ],
      "type": "Point"
    },
    "bdt_t1_bomb_zone_04_aaa_point_04": {
      "objLayer": 0,
      "props": {},
      "tm": [
        [-0.306884,0.0,-0.951747],
        [0.0,1.0,0.0],
        [0.951747,0.0,-0.306884],
        [-7177.28,307.625,-3806.45]
      ],
      "type": "Point"
    },
    "bdt_t1_bomb_zone_05": {
      "objLayer": 0,
      "props": {},
      "tm": [
        [-148.966,0.0,-424.627],
        [0.0,450.0,0.0],
        [424.627,0.0,-148.966],
        [-7706.6,285.822,-1082.37]
      ],
      "type": "Sphere"
    },
    "bdt_t1_bomb_zone_05_aaa_point_01": {
      "objLayer": 0,
      "props": {},
      "tm": [
        [-0.306884,0.0,-0.951747],
        [0.0,1.0,0.0],
        [0.951747,0.0,-0.306884],
        [-7601.12,286.08,-829.45]
      ],
      "type": "Point"
    },
    "bdt_t1_bomb_zone_05_aaa_point_02": {
      "objLayer": 0,
      "props": {},
      "tm": [
        [-0.306884,0.0,-0.951747],
        [0.0,1.0,0.0],
        [0.951747,0.0,-0.306884],
        [-7756.04,285.179,-934.98]
      ],
      "type": "Point"
    },
    "bdt_t1_bomb_zone_05_aaa_point_03": {
      "objLayer": 0,
      "props": {},
      "tm": [
        [-0.306884,0.0,-0.951747],
        [0.0,1.0,0.0],
        [0.951747,0.0,-0.306884],
        [-7827.41,286.389,-1343.51]
      ],
      "type": "Point"
    },
    "bdt_t1_bomb_zone_05_aaa_point_04": {
      "objLayer": 0,
      "props": {},
      "tm": [
        [-0.306884,0.0,-0.951747],
        [0.0,1.0,0.0],
        [0.951747,0.0,-0.306884],
        [-7592.83,287.091,-1335.52]
      ],
      "type": "Point"
    },
    "bdt_t1_bomb_zone_06": {
      "objLayer": 0,
      "props": {},
      "tm": [
        [-148.966,0.0,-424.627],
        [0.0,450.0,0.0],
        [424.627,0.0,-148.966],
        [-8708.06,341.508,-6397.97]
      ],
      "type": "Sphere"
    },
    "bdt_t1_bomb_zone_06_aaa_point_01": {
      "objLayer": 0,
      "props": {},
      "tm": [
        [-0.306884,0.0,-0.951747],
        [0.0,1.0,0.0],
        [0.951747,0.0,-0.306884],
        [-8924.35,336.8,-6139.09]
      ],
      "type": "Point"
    },
    "bdt_t1_bomb_zone_06_aaa_point_02": {
      "objLayer": 0,
      "props": {},
      "tm": [
        [-0.306884,0.0,-0.951747],
        [0.0,1.0,0.0],
        [0.951747,0.0,-0.306884],
        [-8668.59,339.058,-6075.73]
      ],
      "type": "Point"
    },
    "bdt_t1_bomb_zone_06_aaa_point_03": {
      "objLayer": 0,
      "props": {},
      "tm": [
        [-0.306884,0.0,-0.951747],
        [0.0,1.0,0.0],
        [0.951747,0.0,-0.306884],
        [-8417.1,343.033,-6502.45]
      ],
      "type": "Point"
    },
    "bdt_t1_bomb_zone_06_aaa_point_04": {
      "objLayer": 0,
      "props": {},
      "tm": [
        [-0.306884,0.0,-0.951747],
        [0.0,1.0,0.0],
        [0.951747,0.0,-0.306884],
        [-8914.32,338.807,-6612.63]
      ],
      "type": "Point"
    },
    "bdt_t1_bomb_zone_07": {
      "objLayer": 0,
      "props": {},
      "tm": [
        [-148.966,0.0,-424.627],
        [0.0,450.0,0.0],
        [424.627,0.0,-148.966],
        [-9626.11,295.665,-3081.03]
      ],
      "type": "Sphere"
    },
    "bdt_t1_bomb_zone_07_aaa_point_01": {
      "objLayer": 0,
      "props": {},
      "tm": [
        [-0.306884,0.0,-0.951747],
        [0.0,1.0,0.0],
        [0.951747,0.0,-0.306884],
        [-9423.05,296.967,-3303.53]
      ],
      "type": "Point"
    },
    "bdt_t1_bomb_zone_07_aaa_point_02": {
      "objLayer": 0,
      "props": {},
      "tm": [
        [-0.306884,0.0,-0.951747],
        [0.0,1.0,0.0],
        [0.951747,0.0,-0.306884],
        [-9857.84,289.671,-2820.29]
      ],
      "type": "Point"
    },
    "bdt_t1_bomb_zone_07_aaa_point_03": {
      "objLayer": 0,
      "props": {},
      "tm": [
        [-0.306884,0.0,-0.951747],
        [0.0,1.0,0.0],
        [0.951747,0.0,-0.306884],
        [-9865.94,284.808,-3316.35]
      ],
      "type": "Point"
    },
    "bdt_t1_bomb_zone_07_aaa_point_04": {
      "objLayer": 0,
      "props": {},
      "tm": [
        [-0.306884,0.0,-0.951747],
        [0.0,1.0,0.0],
        [0.951747,0.0,-0.306884],
        [-9231.42,294.236,-3006.19]
      ],
      "type": "Point"
    },
    "bdt_t1_bomb_zone_08": {
      "objLayer": 0,
      "props": {},
      "tm": [
        [-320.766,0.0,-315.609],
        [0.0,450.0,0.0],
        [315.609,0.0,-320.766],
        [3848.07,323.869,-7474.4]
      ],
      "type": "Sphere"
    },
    "bdt_t1_bomb_zone_08_aaa_point_01": {
      "objLayer": 0,
      "props": {},
      "tm": [
        [-0.199433,0.0,-0.979911],
        [0.0,1.0,0.0],
        [0.979911,0.0,-0.199433],
        [4158.42,267.713,-7458.5]
      ],
      "type": "Point"
    },
    "bdt_t1_bomb_zone_08_aaa_point_02": {
      "objLayer": 0,
      "props": {},
      "tm": [
        [-0.199433,0.0,-0.979911],
        [0.0,1.0,0.0],
        [0.979911,0.0,-0.199433],
        [3793.86,325.072,-7173.3]
      ],
      "type": "Point"
    },
    "bdt_t1_bomb_zone_08_aaa_point_03": {
      "objLayer": 0,
      "props": {},
      "tm": [
        [-0.199433,0.0,-0.979911],
        [0.0,1.0,0.0],
        [0.979911,0.0,-0.199433],
        [3490.4,322.644,-7464.0]
      ],
      "type": "Point"
    },
    "bdt_t1_bomb_zone_08_aaa_point_04": {
      "objLayer": 0,
      "props": {},
      "tm": [
        [-0.199433,0.0,-0.979911],
        [0.0,1.0,0.0],
        [0.979911,0.0,-0.199433],
        [3799.56,325.76,-7742.2]
      ],
      "type": "Point"
    },
    "bdt_t1_bomb_zone_09": {
      "objLayer": 0,
      "props": {},
      "tm": [
        [-320.766,0.0,-315.609],
        [0.0,450.0,0.0],
        [315.609,0.0,-320.766],
        [-1469.17,366.241,-8938.05]
      ],
      "type": "Sphere"
    },
    "bdt_t1_bomb_zone_09_aaa_point_01": {
      "objLayer": 0,
      "props": {},
      "tm": [
        [-0.199433,0.0,-0.979911],
        [0.0,1.0,0.0],
        [0.979911,0.0,-0.199433],
        [-1299.48,365.932,-8523.46]
      ],
      "type": "Point"
    },
    "bdt_t1_bomb_zone_09_aaa_point_02": {
      "objLayer": 0,
      "props": {},
      "tm": [
        [-0.199433,0.0,-0.979911],
        [0.0,1.0,0.0],
        [0.979911,0.0,-0.199433],
        [-1773.4,357.42,-8662.78]
      ],
      "type": "Point"
    },
    "bdt_t1_bomb_zone_09_aaa_point_03": {
      "objLayer": 0,
      "props": {},
      "tm": [
        [-0.199433,0.0,-0.979911],
        [0.0,1.0,0.0],
        [0.979911,0.0,-0.199433],
        [-972.701,371.627,-8972.25]
      ],
      "type": "Point"
    },
    "bdt_t1_bomb_zone_09_aaa_point_04": {
      "objLayer": 0,
      "props": {},
      "tm": [
        [-0.199433,0.0,-0.979911],
        [0.0,1.0,0.0],
        [0.979911,0.0,-0.199433],
        [-1832.87,358.014,-9113.95]
      ],
      "type": "Point"
    },
    "bdt_t1_bomb_zone_10": {
      "objLayer": 0,
      "props": {},
      "tm": [
        [-320.766,0.0,-315.609],
        [0.0,450.0,0.0],
        [315.609,0.0,-320.766],
        [672.744,291.718,-11057.5]
      ],
      "type": "Sphere"
    },
    "bdt_t1_bomb_zone_10_aaa_point_01": {
      "objLayer": 0,
      "props": {},
      "tm": [
        [-0.199433,0.0,-0.979911],
        [0.0,1.0,0.0],
        [0.979911,0.0,-0.199433],
        [709.173,282.378,-10689.9]
      ],
      "type": "Point"
    },
    "bdt_t1_bomb_zone_10_aaa_point_02": {
      "objLayer": 0,
      "props": {},
      "tm": [
        [-0.199433,0.0,-0.979911],
        [0.0,1.0,0.0],
        [0.979911,0.0,-0.199433],
        [1115.81,277.627,-11096.5]
      ],
      "type": "Point"
    },
    "bdt_t1_bomb_zone_10_aaa_point_03": {
      "objLayer": 0,
      "props": {},
      "tm": [
        [-0.199433,0.0,-0.979911],
        [0.0,1.0,0.0],
        [0.979911,0.0,-0.199433],
        [409.132,268.672,-11039.8]
      ],
      "type": "Point"
    },
    "bdt_t1_bomb_zone_10_aaa_point_04": {
      "objLayer": 0,
      "props": {},
      "tm": [
        [-0.199433,0.0,-0.979911],
        [0.0,1.0,0.0],
        [0.979911,0.0,-0.199433],
        [604.799,308.726,-11370.9]
      ],
      "type": "Point"
    },
    "bdt_t2_bomb_zone_01": {
      "objLayer": 0,
      "props": {},
      "tm": [
        [-425.275,0.0,-147.112],
        [0.0,450.0,0.0],
        [147.112,0.0,-425.275],
        [5972.25,333.821,507.779]
      ],
      "type": "Sphere"
    },
    "bdt_t2_bomb_zone_01_aaa_point_01": {
      "objLayer": 0,
      "props": {},
      "tm": [
        [-0.601229,0.0,-0.799075],
        [0.0,1.0,0.0],
        [0.799075,0.0,-0.601229],
        [5777.3,335.953,620.958]
      ],
      "type": "Point"
    },
    "bdt_t2_bomb_zone_01_aaa_point_02": {
      "objLayer": 0,
      "props": {},
      "tm": [
        [-0.601229,0.0,-0.799075],
        [0.0,1.0,0.0],
        [0.799075,0.0,-0.601229],
        [6260.84,335.579,461.915]
      ],
      "type": "Point"
    },
    "bdt_t2_bomb_zone_01_aaa_point_03": {
      "objLayer": 0,
      "props": {},
      "tm": [
        [-0.601229,0.0,-0.799075],
        [0.0,1.0,0.0],
        [0.799075,0.0,-0.601229],
        [6195.9,334.162,362.176]
      ],
      "type": "Point"
    },
    "bdt_t2_bomb_zone_01_aaa_point_04": {
      "objLayer": 0,
      "props": {},
      "tm": [
        [-0.601229,0.0,-0.799075],
        [0.0,1.0,0.0],
        [0.799075,0.0,-0.601229],
        [5983.39,330.424,40.589]
      ],
      "type": "Point"
    },
    "bdt_t2_bomb_zone_02": {
      "objLayer": 0,
      "props": {},
      "tm": [
        [-406.335,0.0,-193.372],
        [0.0,450.0,0.0],
        [193.372,0.0,-406.335],
        [883.32,366.269,4932.95]
      ],
      "type": "Sphere"
    },
    "bdt_t2_bomb_zone_02_aaa_point_01": {
      "objLayer": 0,
      "props": {},
      "tm": [
        [-0.508895,0.0,-0.860827],
        [0.0,1.0,0.0],
        [0.860827,0.0,-0.508895],
        [855.84,363.629,5179.97]
      ],
      "type": "Point"
    },
    "bdt_t2_bomb_zone_02_aaa_point_02": {
      "objLayer": 0,
      "props": {},
      "tm": [
        [-0.508895,0.0,-0.860827],
        [0.0,1.0,0.0],
        [0.860827,0.0,-0.508895],
        [1126.28,365.469,4713.69]
      ],
      "type": "Point"
    },
    "bdt_t2_bomb_zone_02_aaa_point_03": {
      "objLayer": 0,
      "props": {},
      "tm": [
        [-0.508895,0.0,-0.860827],
        [0.0,1.0,0.0],
        [0.860827,0.0,-0.508895],
        [1108.51,369.279,5098.6]
      ],
      "type": "Point"
    },
    "bdt_t2_bomb_zone_02_aaa_point_04": {
      "objLayer": 0,
      "props": {},
      "tm": [
        [-0.508895,0.0,-0.860827],
        [0.0,1.0,0.0],
        [0.860827,0.0,-0.508895],
        [734.62,363.559,4758.28]
      ],
      "type": "Point"
    },
    "bdt_t2_bomb_zone_03": {
      "objLayer": 0,
      "props": {},
      "tm": [
        [-16.1034,0.0,-449.711],
        [0.0,450.0,0.0],
        [449.711,0.0,-16.1034],
        [-2327.81,430.35,4939.75]
      ],
      "type": "Sphere"
    },
    "bdt_t2_bomb_zone_03_aaa_point_01": {
      "objLayer": 0,
      "props": {},
      "tm": [
        [-0.508895,0.0,-0.860827],
        [0.0,1.0,0.0],
        [0.860827,0.0,-0.508895],
        [-2605.73,433.15,5047.23]
      ],
      "type": "Point"
    },
    "bdt_t2_bomb_zone_03_aaa_point_02": {
      "objLayer": 0,
      "props": {},
      "tm": [
        [-0.508895,0.0,-0.860827],
        [0.0,1.0,0.0],
        [0.860827,0.0,-0.508895],
        [-2150.67,427.09,4706.84]
      ],
      "type": "Point"
    },
    "bdt_t2_bomb_zone_03_aaa_point_03": {
      "objLayer": 0,
      "props": {},
      "tm": [
        [-0.508895,0.0,-0.860827],
        [0.0,1.0,0.0],
        [0.860827,0.0,-0.508895],
        [-2010.0,427.48,4980.15]
      ],
      "type": "Point"
    },
    "bdt_t2_bomb_zone_03_aaa_point_04": {
      "objLayer": 0,
      "props": {},
      "tm": [
        [-0.508895,0.0,-0.860827],
        [0.0,1.0,0.0],
        [0.860827,0.0,-0.508895],
        [-2448.49,433.01,5214.38]
      ],
      "type": "Point"
    },
    "bdt_t2_bomb_zone_04": {
      "objLayer": 0,
      "props": {},
      "tm": [
        [-263.983,0.0,-364.433],
        [0.0,450.0,0.0],
        [364.433,0.0,-263.983],
        [6938.83,346.284,3235.44]
      ],
      "type": "Sphere"
    },
    "bdt_t2_bomb_zone_04_aaa_point_01": {
      "objLayer": 0,
      "props": {},
      "tm": [
        [-0.601229,0.0,-0.799075],
        [0.0,1.0,0.0],
        [0.799075,0.0,-0.601229],
        [6979.26,342.137,2905.63]
      ],
      "type": "Point"
    },
    "bdt_t2_bomb_zone_04_aaa_point_02": {
      "objLayer": 0,
      "props": {},
      "tm": [
        [-0.601229,0.0,-0.799075],
        [0.0,1.0,0.0],
        [0.799075,0.0,-0.601229],
        [7237.09,341.898,3284.01]
      ],
      "type": "Point"
    },
    "bdt_t2_bomb_zone_04_aaa_point_03": {
      "objLayer": 0,
      "props": {},
      "tm": [
        [-0.601229,0.0,-0.799075],
        [0.0,1.0,0.0],
        [0.799075,0.0,-0.601229],
        [6676.98,341.741,3285.38]
      ],
      "type": "Point"
    },
    "bdt_t2_bomb_zone_04_aaa_point_04": {
      "objLayer": 0,
      "props": {},
      "tm": [
        [-0.601229,0.0,-0.799075],
        [0.0,1.0,0.0],
        [0.799075,0.0,-0.601229],
        [6844.22,301.996,3463.54]
      ],
      "type": "Point"
    },
    "bdt_t2_bomb_zone_05": {
      "objLayer": 0,
      "props": {},
      "tm": [
        [-263.983,0.0,-364.433],
        [0.0,450.0,0.0],
        [364.433,0.0,-263.983],
        [8318.3,317.267,-548.755]
      ],
      "type": "Sphere"
    },
    "bdt_t2_bomb_zone_05_aaa_point_01": {
      "objLayer": 0,
      "props": {},
      "tm": [
        [-0.601229,0.0,-0.799075],
        [0.0,1.0,0.0],
        [0.799075,0.0,-0.601229],
        [8099.75,316.961,-279.212]
      ],
      "type": "Point"
    },
    "bdt_t2_bomb_zone_05_aaa_point_02": {
      "objLayer": 0,
      "props": {},
      "tm": [
        [-0.601229,0.0,-0.799075],
        [0.0,1.0,0.0],
        [0.799075,0.0,-0.601229],
        [8305.2,319.853,-923.88]
      ],
      "type": "Point"
    },
    "bdt_t2_bomb_zone_05_aaa_point_03": {
      "objLayer": 0,
      "props": {},
      "tm": [
        [-0.601229,0.0,-0.799075],
        [0.0,1.0,0.0],
        [0.799075,0.0,-0.601229],
        [8495.71,318.995,-845.46]
      ],
      "type": "Point"
    },
    "bdt_t2_bomb_zone_05_aaa_point_04": {
      "objLayer": 0,
      "props": {},
      "tm": [
        [-0.601229,0.0,-0.799075],
        [0.0,1.0,0.0],
        [0.799075,0.0,-0.601229],
        [8547.94,316.645,-316.922]
      ],
      "type": "Point"
    },
    "bdt_t2_bomb_zone_06": {
      "objLayer": 0,
      "props": {},
      "tm": [
        [-62.0877,0.0,-445.697],
        [0.0,450.0,0.0],
        [445.697,0.0,-62.0877],
        [6367.2,280.771,-3044.48]
      ],
      "type": "Sphere"
    },
    "bdt_t2_bomb_zone_06_aaa_point_01": {
      "objLayer": 0,
      "props": {},
      "tm": [
        [-0.155922,0.0,-0.987772],
        [0.0,1.0,0.0],
        [0.987772,0.0,-0.155922],
        [6371.02,284.9,-2700.47]
      ],
      "type": "Point"
    },
    "bdt_t2_bomb_zone_06_aaa_point_02": {
      "objLayer": 0,
      "props": {},
      "tm": [
        [-0.155922,0.0,-0.987772],
        [0.0,1.0,0.0],
        [0.987772,0.0,-0.155922],
        [6588.7,279.01,-3433.6]
      ],
      "type": "Point"
    },
    "bdt_t2_bomb_zone_06_aaa_point_03": {
      "objLayer": 0,
      "props": {},
      "tm": [
        [-0.155922,0.0,-0.987772],
        [0.0,1.0,0.0],
        [0.987772,0.0,-0.155922],
        [6321.21,195.744,-3502.04]
      ],
      "type": "Point"
    },
    "bdt_t2_bomb_zone_06_aaa_point_04": {
      "objLayer": 0,
      "props": {},
      "tm": [
        [-0.155922,0.0,-0.987772],
        [0.0,1.0,0.0],
        [0.987772,0.0,-0.155922],
        [5849.93,278.623,-3225.03]
      ],
      "type": "Point"
    },
    "bdt_t2_bomb_zone_07": {
      "objLayer": 0,
      "props": {},
      "tm": [
        [-263.983,0.0,-364.433],
        [0.0,450.0,0.0],
        [364.433,0.0,-263.983],
        [4407.72,353.627,3152.71]
      ],
      "type": "Sphere"
    },
    "bdt_t2_bomb_zone_07_aaa_point_01": {
      "objLayer": 0,
      "props": {},
      "tm": [
        [-0.601229,0.0,-0.799075],
        [0.0,1.0,0.0],
        [0.799075,0.0,-0.601229],
        [4127.28,304.09,3473.14]
      ],
      "type": "Point"
    },
    "bdt_t2_bomb_zone_07_aaa_point_02": {
      "objLayer": 0,
      "props": {},
      "tm": [
        [-0.601229,0.0,-0.799075],
        [0.0,1.0,0.0],
        [0.799075,0.0,-0.601229],
        [4426.99,349.495,2725.36]
      ],
      "type": "Point"
    },
    "bdt_t2_bomb_zone_07_aaa_point_03": {
      "objLayer": 0,
      "props": {},
      "tm": [
        [-0.601229,0.0,-0.799075],
        [0.0,1.0,0.0],
        [0.799075,0.0,-0.601229],
        [4831.57,355.833,2986.33]
      ],
      "type": "Point"
    },
    "bdt_t2_bomb_zone_07_aaa_point_04": {
      "objLayer": 0,
      "props": {},
      "tm": [
        [-0.601229,0.0,-0.799075],
        [0.0,1.0,0.0],
        [0.799075,0.0,-0.601229],
        [4505.1,364.253,3543.57]
      ],
      "type": "Point"
    },
    "bdt_t2_bomb_zone_08": {
      "objLayer": 0,
      "props": {},
      "tm": [
        [-16.1034,0.0,-449.711],
        [0.0,450.0,0.0],
        [449.711,0.0,-16.1034],
        [-1520.12,389.614,6910.97]
      ],
      "type": "Sphere"
    },
    "bdt_t2_bomb_zone_08_aaa_point_01": {
      "objLayer": 0,
      "props": {},
      "tm": [
        [-0.508895,0.0,-0.860827],
        [0.0,1.0,0.0],
        [0.860827,0.0,-0.508895],
        [-1672.1,390.385,6745.97]
      ],
      "type": "Point"
    },
    "bdt_t2_bomb_zone_08_aaa_point_02": {
      "objLayer": 0,
      "props": {},
      "tm": [
        [-0.508895,0.0,-0.860827],
        [0.0,1.0,0.0],
        [0.860827,0.0,-0.508895],
        [-1476.06,387.83,7244.08]
      ],
      "type": "Point"
    },
    "bdt_t2_bomb_zone_08_aaa_point_03": {
      "objLayer": 0,
      "props": {},
      "tm": [
        [-0.508895,0.0,-0.860827],
        [0.0,1.0,0.0],
        [0.860827,0.0,-0.508895],
        [-1231.98,388.604,6749.9]
      ],
      "type": "Point"
    },
    "bdt_t2_bomb_zone_08_aaa_point_04": {
      "objLayer": 0,
      "props": {},
      "tm": [
        [-0.508895,0.0,-0.860827],
        [0.0,1.0,0.0],
        [0.860827,0.0,-0.508895],
        [-1246.03,388.057,7110.14]
      ],
      "type": "Point"
    },
    "bdt_t2_bomb_zone_09": {
      "objLayer": 0,
      "props": {},
      "tm": [
        [-16.1034,0.0,-449.711],
        [0.0,450.0,0.0],
        [449.711,0.0,-16.1034],
        [-5342.15,363.09,3474.23]
      ],
      "type": "Sphere"
    },
    "bdt_t2_bomb_zone_09_aaa_point_01": {
      "objLayer": 0,
      "props": {},
      "tm": [
        [-0.508895,0.0,-0.860827],
        [0.0,1.0,0.0],
        [0.860827,0.0,-0.508895],
        [-5736.56,348.17,3446.51]
      ],
      "type": "Point"
    },
    "bdt_t2_bomb_zone_09_aaa_point_02": {
      "objLayer": 0,
      "props": {},
      "tm": [
        [-0.508895,0.0,-0.860827],
        [0.0,1.0,0.0],
        [0.860827,0.0,-0.508895],
        [-5120.86,343.26,3672.74]
      ],
      "type": "Point"
    },
    "bdt_t2_bomb_zone_09_aaa_point_03": {
      "objLayer": 0,
      "props": {},
      "tm": [
        [-0.508895,0.0,-0.860827],
        [0.0,1.0,0.0],
        [0.860827,0.0,-0.508895],
        [-5300.9,825.85,3378.25]
      ],
      "type": "Point"
    },
    "bdt_t2_bomb_zone_09_aaa_point_04": {
      "objLayer": 0,
      "props": {},
      "tm": [
        [-0.508895,0.0,-0.860827],
        [0.0,1.0,0.0],
        [0.860827,0.0,-0.508895],
        [-5591.52,345.66,3795.42]
      ],
      "type": "Point"
    },
    "bdt_t2_bomb_zone_10": {
      "objLayer": 0,
      "props": {},
      "tm": [
        [-16.1034,0.0,-449.711],
        [0.0,450.0,0.0],
        [449.711,0.0,-16.1034],
        [-5137.89,251.528,6264.86]
      ],
      "type": "Sphere"
    },
    "bdt_t2_bomb_zone_10_aaa_point_01": {
      "objLayer": 0,
      "props": {},
      "tm": [
        [-0.508895,0.0,-0.860827],
        [0.0,1.0,0.0],
        [0.860827,0.0,-0.508895],
        [-5148.87,194.176,6726.88]
      ],
      "type": "Point"
    },
    "bdt_t2_bomb_zone_10_aaa_point_02": {
      "objLayer": 0,
      "props": {},
      "tm": [
        [-0.508895,0.0,-0.860827],
        [0.0,1.0,0.0],
        [0.860827,0.0,-0.508895],
        [-5112.8,250.129,5908.38]
      ],
      "type": "Point"
    },
    "bdt_t2_bomb_zone_10_aaa_point_03": {
      "objLayer": 0,
      "props": {},
      "tm": [
        [-0.508895,0.0,-0.860827],
        [0.0,1.0,0.0],
        [0.860827,0.0,-0.508895],
        [-5547.02,245.233,6677.7]
      ],
      "type": "Point"
    },
    "bdt_t2_bomb_zone_10_aaa_point_04": {
      "objLayer": 0,
      "props": {},
      "tm": [
        [-0.508895,0.0,-0.860827],
        [0.0,1.0,0.0],
        [0.860827,0.0,-0.508895],
        [-4784.45,246.338,6296.0]
      ],
      "type": "Point"
    },
    "small_bomb_zones_area_7000": {
      "objLayer": 3,
      "props": {},
      "tm": [
        [12232.8,0.0,-6808.68],
        [0.0,14000.0,0.0],
        [6808.68,0.0,12232.8],
        [-662.5,722.2,-2098.8]
      ],
      "type": "Sphere"
    },
    "small_bomb_zones_area_9000": {
      "objLayer": 3,
      "props": {},
      "tm": [
        [15727.9,0.0,-8754.02],
        [0.0,18000.0,0.0],
        [8754.02,0.0,15727.9],
        [-662.5,697.406,-2098.8]
      ],
      "type": "Sphere"
    }
  },
  "bin_dump_file": "",
  "dialogs": {},
  "effects": {},
  "imports": {},
  "mission_objectives": {
    "isCategory": true,
    "is_enabled": true
  },
  "mission_settings": {
    "mission": {
      "environment": "Day",
      "level": "levels/air_smolensk.bin",
      "optionalTakeOff": false,
      "restoreType": "attempts",
      "type": "domination",
      "weather": "hazy"
    },
    "player": {
      "army": 1
    },
    "player_teamB": {
      "army": 2
    }
  },
  "objLayers": {
    "layer": [
      {
        "enabled": true
      },
      {
        "enabled": true
      },
      {
        "enabled": true
      },
      {
        "enabled": false
      },
      {
        "enabled": false
      }
    ]
  },
  "selected_tag": "",
  "triggers": {
    "isCategory": true,
    "is_enabled": true
  },
  "units": {
    "objectGroups": [
      {
        "name": "bdt_t2_bomb_object_01",
        "objLayer": 2,
        "props": {
          "active": false,
          "army": 2
        },
        "tm": [
          [-0.945052,0.0,-0.326914],
          [0.0,1.0,0.0],
          [0.326914,0.0,-0.945052],
          [5972.15,333.75,500.7]
        ],
        "unit_class": "dynBase_hq_camp_square"
      },
      {
        "name": "bdt_t2_bomb_object_02",
        "objLayer": 2,
        "props": {
          "active": false,
          "army": 2
        },
        "tm": [
          [-0.956048,0.0,0.293218],
          [0.0,1.0,0.0],
          [-0.293218,0.0,-0.956048],
          [883.55,365.949,4954.65]
        ],
        "unit_class": "dynBase_fuel_storage_square"
      },
      {
        "name": "bdt_t2_bomb_object_03",
        "objLayer": 2,
        "props": {
          "active": false,
          "army": 2
        },
        "tm": [
          [-0.0357806,0.0,-0.999362],
          [0.0,1.0,0.0],
          [0.999362,0.0,-0.0357806],
          [-2336.25,430.4,4934.75]
        ],
        "unit_class": "dynBase_oil_storage_small_square"
      },
      {
        "name": "bdt_t1_bomb_object_01",
        "objLayer": 2,
        "props": {
          "active": false,
          "army": 1
        },
        "tm": [
          [-0.712811,0.0,-0.701356],
          [0.0,1.0,0.0],
          [0.701356,0.0,-0.712811],
          [3553.5,162.964,-10700.8]
        ],
        "unit_class": "dynBase_fuel_storage_square"
      },
      {
        "name": "bdt_t1_bomb_object_02",
        "objLayer": 2,
        "props": {
          "active": false,
          "army": 1
        },
        "tm": [
          [-0.0517092,0.0,-0.998661],
          [0.0,1.0,0.0],
          [0.998661,0.0,-0.0517092],
          [1676.8,309.9,-8688.55]
        ],
        "unit_class": "dynBase_small_factory_square"
      },
      {
        "name": "bdt_t1_bomb_object_03",
        "objLayer": 2,
        "props": {
          "active": false,
          "army": 1
        },
        "tm": [
          [0.0529397,0.0,-0.998597],
          [0.0,1.0,0.0],
          [0.998597,0.0,0.0529397],
          [-5719.15,284.4,-6667.25]
        ],
        "unit_class": "dynBase_oil_storage_small_square"
      },
      {
        "name": "bdt_t2_bomb_object_04",
        "objLayer": 2,
        "props": {
          "active": false,
          "army": 2
        },
        "tm": [
          [-0.586629,0.0,-0.809856],
          [0.0,1.0,0.0],
          [0.809856,0.0,-0.586629],
          [6944.8,346.35,3240.65]
        ],
        "unit_class": "dynBase_small_factory_square"
      },
      {
        "name": "bdt_t1_bomb_object_04",
        "objLayer": 2,
        "props": {
          "active": false,
          "army": 1
        },
        "tm": [
          [-0.299921,0.0,-0.953964],
          [0.0,1.0,0.0],
          [0.953964,0.0,-0.299921],
          [-7489.65,308.2,-3869.5]
        ],
        "unit_class": "dynBase_field_camp_square"
      },
      {
        "name": "bdt_t1_bomb_object_05",
        "objLayer": 2,
        "props": {
          "active": false,
          "army": 1
        },
        "tm": [
          [-0.299921,0.0,-0.953964],
          [0.0,1.0,0.0],
          [0.953964,0.0,-0.299921],
          [-7712.1,285.8,-1080.25]
        ],
        "unit_class": "dynBase_military_base_square"
      },
      {
        "name": "bdt_t1_bomb_object_06",
        "objLayer": 2,
        "props": {
          "active": false,
          "army": 1
        },
        "tm": [
          [-0.299921,0.0,-0.953964],
          [0.0,1.0,0.0],
          [0.953964,0.0,-0.299921],
          [-8713.4,341.45,-6395.8]
        ],
        "unit_class": "dynBase_oil_storage_large_square"
      },
      {
        "name": "bdt_t1_bomb_object_07",
        "objLayer": 2,
        "props": {
          "active": false,
          "army": 1
        },
        "tm": [
          [-0.299921,0.0,-0.953964],
          [0.0,1.0,0.0],
          [0.953964,0.0,-0.299921],
          [-9631.55,295.55,-3078.8]
        ],
        "unit_class": "dynBase_oil_storage_large_square"
      },
      {
        "name": "bdt_t1_bomb_object_08",
        "objLayer": 2,
        "props": {
          "active": false,
          "army": 1
        },
        "tm": [
          [-0.712811,0.0,-0.701356],
          [0.0,1.0,0.0],
          [0.701356,0.0,-0.712811],
          [3854.75,323.45,-7463.6]
        ],
        "unit_class": "dynBase_small_factory_square"
      },
      {
        "name": "bdt_t1_bomb_object_09",
        "objLayer": 2,
        "props": {
          "active": false,
          "army": 1
        },
        "tm": [
          [-0.712811,0.0,-0.701356],
          [0.0,1.0,0.0],
          [0.701356,0.0,-0.712811],
          [-1462.65,365.95,-8927.45]
        ],
        "unit_class": "dynBase_petrol_camp_square"
      },
      {
        "name": "bdt_t1_bomb_object_10",
        "objLayer": 2,
        "props": {
          "active": false,
          "army": 1
        },
        "tm": [
          [-0.712811,0.0,-0.701356],
          [0.0,1.0,0.0],
          [0.701356,0.0,-0.712811],
          [679.4,289.55,-11046.7]
        ],
        "unit_class": "dynBase_petrol_camp_square"
      },
      {
        "name": "bdt_t2_bomb_object_05",
        "objLayer": 2,
        "props": {
          "active": false,
          "army": 2
        },
        "tm": [
          [-0.586629,0.0,-0.809856],
          [0.0,1.0,0.0],
          [0.809856,0.0,-0.586629],
          [8324.25,317.2,-543.85]
        ],
        "unit_class": "dynBase_petrol_camp_square"
      },
      {
        "name": "bdt_t2_bomb_object_06",
        "objLayer": 2,
        "props": {
          "active": false,
          "army": 2
        },
        "tm": [
          [-0.137974,0.0,-0.990437],
          [0.0,1.0,0.0],
          [0.990437,0.0,-0.137974],
          [6370.35,280.85,-3037.2]
        ],
        "unit_class": "dynBase_military_base_square"
      },
      {
        "name": "bdt_t2_bomb_object_07",
        "objLayer": 2,
        "props": {
          "active": false,
          "army": 2
        },
        "tm": [
          [-0.586629,0.0,-0.809856],
          [0.0,1.0,0.0],
          [0.809856,0.0,-0.586629],
          [4413.85,353.65,3157.75]
        ],
        "unit_class": "dynBase_fuel_storage_square"
      },
      {
        "name": "bdt_t2_bomb_object_08",
        "objLayer": 2,
        "props": {
          "active": false,
          "army": 2
        },
        "tm": [
          [-0.0357806,0.0,-0.999362],
          [0.0,1.0,0.0],
          [0.999362,0.0,-0.0357806],
          [-1528.6,389.75,6906.05]
        ],
        "unit_class": "dynBase_ammunition_storage_square"
      },
      {
        "name": "bdt_t2_bomb_object_09",
        "objLayer": 2,
        "props": {
          "active": false,
          "army": 2
        },
        "tm": [
          [-0.0357806,0.0,-0.999362],
          [0.0,1.0,0.0],
          [0.999362,0.0,-0.0357806],
          [-5350.65,344.4,3469.15]
        ],
        "unit_class": "dynBase_field_camp_square"
      },
      {
        "name": "bdt_t2_bomb_object_10",
        "objLayer": 2,
        "props": {
          "active": false,
          "army": 2
        },
        "tm": [
          [-0.0357806,0.0,-0.999362],
          [0.0,1.0,0.0],
          [0.999362,0.0,-0.0357806],
          [-5146.2,246.75,6259.9]
        ],
        "unit_class": "dynBase_oil_storage_small_square"
      }
    ]
  },
  "variables": {},
  "wayPoints": {}
}