{
  "airfields": {},
  "areas": {
    "bdt_t1_bomb_zone_01": {
      "objLayer": 0,
      "props": {},
      "tm": [
        [-320.766,0.0,-315.608],
        [0.0,450.0,0.0],
        [315.608,0.0,-320.766],
        [-207.41,290.029,-14437.6]
      ],
      "type": "Sphere"
    },
    "bdt_t1_bomb_zone_01_aaa_point_01": {
      "objLayer": 0,
      "props": {},
      "tm": [
        [-0.199434,0.0,-0.979911],
        [0.0,1.0,0.0],
        [0.979911,0.0,-0.199434],
        [-249.35,293.411,-14688.7]
      ],
      "type": "Point"
    },
    "bdt_t1_bomb_zone_01_aaa_point_02": {
      "objLayer": 0,
      "props": {},
      "tm": [
        [-0.199434,0.0,-0.979911],
        [0.0,1.0,0.0],
        [0.979911,0.0,-0.199434],
        [-98.57,287.358,-14209.0]
      ],
      "type": "Point"
    },
    "bdt_t1_bomb_zone_01_aaa_point_03": {
      "objLayer": 0,
      "props": {},
      "tm": [
        [-0.199434,0.0,-0.979911],
        [0.0,1.0,0.0],
        [0.979911,0.0,-0.199434],
        [-428.41,302.89,-14362.9]
      ],
      "type": "Point"
    },
    "bdt_t1_bomb_zone_01_aaa_point_04": {
      "objLayer": 0,
      "props": {},
      "tm": [
        [-0.199434,0.0,-0.979911],
        [0.0,1.0,0.0],
        [0.979911,0.0,-0.199434],
        [-270.72,296.128,-14197.5]
      ],
      "type": "Point"
    },
    "bdt_t1_bomb_zone_02": {
      "objLayer": 0,
      "props": {},
      "tm": [
        [-119.986,0.0,-433.708],
        [0.0,450.0,0.0],
        [433.708,0.0,-119.986],
        [5188.61,338.865,-8972.39]
      ],
      "type": "Sphere"
    },
    "bdt_t1_bomb_zone_02_aaa_point_01": {
      "objLayer": 0,
      "props": {},
      "tm": [
        [-0.199434,0.0,-0.979911],
        [0.0,1.0,0.0],
        [0.979911,0.0,-0.199434],
        [5326.67,336.606,-9204.95]
      ],
      "type": "Point"
    },
    "bdt_t1_bomb_zone_02_aaa_point_02": {
      "objLayer": 0,
      "props": {},
      "tm": [
        [-0.199434,0.0,-0.979911],
        [0.0,1.0,0.0],
        [0.979911,0.0,-0.199434],
        [5452.85,406.167,-8943.58]
      ],
      "type": "Point"
    },
    "bdt_t1_bomb_zone_02_aaa_point_03": {
      "objLayer": 0,
      "props": {},
      "tm": [
        [-0.199434,0.0,-0.979911],
        [0.0,1.0,0.0],
        [0.979911,0.0,-0.199434],
        [4764.47,367.289,-8820.55]
      ],
      "type": "Point"
    },
    "bdt_t1_bomb_zone_02_aaa_point_04": {
      "objLayer": 0,
      "props": {},
      "tm": [
        [-0.199434,0.0,-0.979911],
        [0.0,1.0,0.0],
        [0.979911,0.0,-0.199434],
        [5289.45,414.939,-8659.09]
      ],
      "type": "Point"
    },
    "bdt_t1_bomb_zone_03": {
      "objLayer": 0,
      "props": {},
      "tm": [
        [-148.966,0.0,-424.627],
        [0.0,450.0,0.0],
        [424.627,0.0,-148.966],
        [-6887.41,156.269,-8681.44]
      ],
      "type": "Sphere"
    },
    "bdt_t1_bomb_zone_03_aaa_point_01": {
      "objLayer": 0,
      "props": {},
      "tm": [
        [-0.306885,0.0,-0.951747],
        [0.0,1.0,0.0],
        [0.951747,0.0,-0.306885],
        [-7046.05,160.64,-8417.73]
      ],
      "type": "Point"
    },
    "bdt_t1_bomb_zone_03_aaa_point_02": {
      "objLayer": 0,
      "props": {},
      "tm": [
        [-0.306885,0.0,-0.951747],
        [0.0,1.0,0.0],
        [0.951747,0.0,-0.306885],
        [-6750.18,153.322,-8880.94]
      ],
      "type": "Point"
    },
    "bdt_t1_bomb_zone_03_aaa_point_03": {
      "objLayer": 0,
      "props": {},
      "tm": [
        [-0.306885,0.0,-0.951747],
        [0.0,1.0,0.0],
        [0.951747,0.0,-0.306885],
        [-6603.25,160.089,-8642.69]
      ],
      "type": "Point"
    },
    "bdt_t1_bomb_zone_03_aaa_point_04": {
      "objLayer": 0,
      "props": {},
      "tm": [
        [-0.306885,0.0,-0.951747],
        [0.0,1.0,0.0],
        [0.951747,0.0,-0.306885],
        [-7115.71,157.883,-8807.69]
      ],
      "type": "Point"
    },
    "bdt_t1_bomb_zone_04": {
      "objLayer": 0,
      "props": {},
      "tm": [
        [-148.966,0.0,-424.627],
        [0.0,450.0,0.0],
        [424.627,0.0,-148.966],
        [-9618.42,281.309,-776.76]
      ],
      "type": "Sphere"
    },
    "bdt_t1_bomb_zone_04_aaa_point_01": {
      "objLayer": 0,
      "props": {},
      "tm": [
        [-0.306885,0.0,-0.951747],
        [0.0,1.0,0.0],
        [0.951747,0.0,-0.306885],
        [-9834.1,283.499,-1008.84]
      ],
      "type": "Point"
    },
    "bdt_t1_bomb_zone_04_aaa_point_02": {
      "objLayer": 0,
      "props": {},
      "tm": [
        [-0.306885,0.0,-0.951747],
        [0.0,1.0,0.0],
        [0.951747,0.0,-0.306885],
        [-9512.95,281.426,-1006.45]
      ],
      "type": "Point"
    },
    "bdt_t1_bomb_zone_04_aaa_point_03": {
      "objLayer": 0,
      "props": {},
      "tm": [
        [-0.306885,0.0,-0.951747],
        [0.0,1.0,0.0],
        [0.951747,0.0,-0.306885],
        [-9893.35,282.354,-681.77]
      ],
      "type": "Point"
    },
    "bdt_t1_bomb_zone_04_aaa_point_04": {
      "objLayer": 0,
      "props": {},
      "tm": [
        [-0.306885,0.0,-0.951747],
        [0.0,1.0,0.0],
        [0.951747,0.0,-0.306885],
        [-9311.38,280.767,-711.55]
      ],
      "type": "Point"
    },
    "bdt_t1_bomb_zone_05": {
      "objLayer": 0,
      "props": {},
      "tm": [
        [-148.966,0.0,-424.627],
        [0.0,450.0,0.0],
        [424.627,0.0,-148.966],
        [-9522.35,264.772,-4327.02]
      ],
      "type": "Sphere"
    },
    "bdt_t1_bomb_zone_05_aaa_point_01": {
      "objLayer": 0,
      "props": {},
      "tm": [
        [-0.306885,0.0,-0.951747],
        [0.0,1.0,0.0],
        [0.951747,0.0,-0.306885],
        [-9416.86,265.03,-4074.1]
      ],
      "type": "Point"
    },
    "bdt_t1_bomb_zone_05_aaa_point_02": {
      "objLayer": 0,
      "props": {},
      "tm": [
        [-0.306885,0.0,-0.951747],
        [0.0,1.0,0.0],
        [0.951747,0.0,-0.306885],
        [-9571.78,264.129,-4179.63]
      ],
      "type": "Point"
    },
    "bdt_t1_bomb_zone_05_aaa_point_03": {
      "objLayer": 0,
      "props": {},
      "tm": [
        [-0.306885,0.0,-0.951747],
        [0.0,1.0,0.0],
        [0.951747,0.0,-0.306885],
        [-9643.16,265.339,-4588.16]
      ],
      "type": "Point"
    },
    "bdt_t1_bomb_zone_05_aaa_point_04": {
      "objLayer": 0,
      "props": {},
      "tm": [
        [-0.306885,0.0,-0.951747],
        [0.0,1.0,0.0],
        [0.951747,0.0,-0.306885],
        [-9408.58,266.041,-4580.18]
      ],
      "type": "Point"
    },
    "bdt_t1_bomb_zone_06": {
      "objLayer": 0,
      "props": {},
      "tm": [
        [-148.966,0.0,-424.627],
        [0.0,450.0,0.0],
        [424.627,0.0,-148.966],
        [-10861.2,187.372,-8985.97]
      ],
      "type": "Sphere"
    },
    "bdt_t1_bomb_zone_06_aaa_point_01": {
      "objLayer": 0,
      "props": {},
      "tm": [
        [-0.306885,0.0,-0.951747],
        [0.0,1.0,0.0],
        [0.951747,0.0,-0.306885],
        [-11077.5,182.664,-8727.1]
      ],
      "type": "Point"
    },
    "bdt_t1_bomb_zone_06_aaa_point_02": {
      "objLayer": 0,
      "props": {},
      "tm": [
        [-0.306885,0.0,-0.951747],
        [0.0,1.0,0.0],
        [0.951747,0.0,-0.306885],
        [-10821.7,184.922,-8663.73]
      ],
      "type": "Point"
    },
    "bdt_t1_bomb_zone_06_aaa_point_03": {
      "objLayer": 0,
      "props": {},
      "tm": [
        [-0.306885,0.0,-0.951747],
        [0.0,1.0,0.0],
        [0.951747,0.0,-0.306885],
        [-10570.2,188.897,-9090.45]
      ],
      "type": "Point"
    },
    "bdt_t1_bomb_zone_06_aaa_point_04": {
      "objLayer": 0,
      "props": {},
      "tm": [
        [-0.306885,0.0,-0.951747],
        [0.0,1.0,0.0],
        [0.951747,0.0,-0.306885],
        [-11067.4,184.671,-9200.64]
      ],
      "type": "Point"
    },
    "bdt_t1_bomb_zone_07": {
      "objLayer": 0,
      "props": {},
      "tm": [
        [-148.966,0.0,-424.627],
        [0.0,450.0,0.0],
        [424.627,0.0,-148.966],
        [-12732.3,204.839,-5513.43]
      ],
      "type": "Sphere"
    },
    "bdt_t1_bomb_zone_07_aaa_point_01": {
      "objLayer": 0,
      "props": {},
      "tm": [
        [-0.306885,0.0,-0.951747],
        [0.0,1.0,0.0],
        [0.951747,0.0,-0.306885],
        [-12529.3,206.141,-5735.93]
      ],
      "type": "Point"
    },
    "bdt_t1_bomb_zone_07_aaa_point_02": {
      "objLayer": 0,
      "props": {},
      "tm": [
        [-0.306885,0.0,-0.951747],
        [0.0,1.0,0.0],
        [0.951747,0.0,-0.306885],
        [-12964.1,198.845,-5252.69]
      ],
      "type": "Point"
    },
    "bdt_t1_bomb_zone_07_aaa_point_03": {
      "objLayer": 0,
      "props": {},
      "tm": [
        [-0.306885,0.0,-0.951747],
        [0.0,1.0,0.0],
        [0.951747,0.0,-0.306885],
        [-12972.3,193.982,-5748.75]
      ],
      "type": "Point"
    },
    "bdt_t1_bomb_zone_07_aaa_point_04": {
      "objLayer": 0,
      "props": {},
      "tm": [
        [-0.306885,0.0,-0.951747],
        [0.0,1.0,0.0],
        [0.951747,0.0,-0.306885],
        [-12337.7,203.41,-5438.59]
      ],
      "type": "Point"
    },
    "bdt_t1_bomb_zone_08": {
      "objLayer": 0,
      "props": {},
      "tm": [
        [-320.766,0.0,-315.608],
        [0.0,450.0,0.0],
        [315.608,0.0,-320.766],
        [2193.22,152.882,-10690.2]
      ],
      "type": "Sphere"
    },
    "bdt_t1_bomb_zone_08_aaa_point_01": {
      "objLayer": 0,
      "props": {},
      "tm": [
        [-0.199434,0.0,-0.979911],
        [0.0,1.0,0.0],
        [0.979911,0.0,-0.199434],
        [2503.58,96.7263,-10674.3]
      ],
      "type": "Point"
    },
    "bdt_t1_bomb_zone_08_aaa_point_02": {
      "objLayer": 0,
      "props": {},
      "tm": [
        [-0.199434,0.0,-0.979911],
        [0.0,1.0,0.0],
        [0.979911,0.0,-0.199434],
        [2139.01,154.085,-10389.1]
      ],
      "type": "Point"
    },
    "bdt_t1_bomb_zone_08_aaa_point_03": {
      "objLayer": 0,
      "props": {},
      "tm": [
        [-0.199434,0.0,-0.979911],
        [0.0,1.0,0.0],
        [0.979911,0.0,-0.199434],
        [1835.55,151.657,-10679.8]
      ],
      "type": "Point"
    },
    "bdt_t1_bomb_zone_08_aaa_point_04": {
      "objLayer": 0,
      "props": {},
      "tm": [
        [-0.199434,0.0,-0.979911],
        [0.0,1.0,0.0],
        [0.979911,0.0,-0.199434],
        [2144.72,154.773,-10958.0]
      ],
      "type": "Point"
    },
    "bdt_t1_bomb_zone_09": {
      "objLayer": 0,
      "props": {},
      "tm": [
        [-320.766,0.0,-315.608],
        [0.0,450.0,0.0],
        [315.608,0.0,-320.766],
        [-2992.27,272.391,-11036.4]
      ],
      "type": "Sphere"
    },
    "bdt_t1_bomb_zone_09_aaa_point_01": {
      "objLayer": 0,
      "props": {},
      "tm": [
        [-0.199434,0.0,-0.979911],
        [0.0,1.0,0.0],
        [0.979911,0.0,-0.199434],
        [-2822.58,272.082,-10621.8]
      ],
      "type": "Point"
    },
    "bdt_t1_bomb_zone_09_aaa_point_02": {
      "objLayer": 0,
      "props": {},
      "tm": [
        [-0.199434,0.0,-0.979911],
        [0.0,1.0,0.0],
        [0.979911,0.0,-0.199434],
        [-3296.5,263.57,-10761.1]
      ],
      "type": "Point"
    },
    "bdt_t1_bomb_zone_09_aaa_point_03": {
      "objLayer": 0,
      "props": {},
      "tm": [
        [-0.199434,0.0,-0.979911],
        [0.0,1.0,0.0],
        [0.979911,0.0,-0.199434],
        [-2495.8,277.777,-11070.6]
      ],
      "type": "Point"
    },
    "bdt_t1_bomb_zone_09_aaa_point_04": {
      "objLayer": 0,
      "props": {},
      "tm": [
        [-0.199434,0.0,-0.979911],
        [0.0,1.0,0.0],
        [0.979911,0.0,-0.199434],
        [-3355.97,264.164,-11212.3]
      ],
      "type": "Point"
    },
    "bdt_t1_bomb_zone_10": {
      "objLayer": 0,
      "props": {},
      "tm": [
        [-320.766,0.0,-315.608],
        [0.0,450.0,0.0],
        [315.608,0.0,-320.766],
        [4859.59,342.131,-12826.8]
      ],
      "type": "Sphere"
    },
    "bdt_t1_bomb_zone_10_aaa_point_01": {
      "objLayer": 0,
      "props": {},
      "tm": [
        [-0.199434,0.0,-0.979911],
        [0.0,1.0,0.0],
        [0.979911,0.0,-0.199434],
        [4896.02,332.791,-12459.2]
      ],
      "type": "Point"
    },
    "bdt_t1_bomb_zone_10_aaa_point_02": {
      "objLayer": 0,
      "props": {},
      "tm": [
        [-0.199434,0.0,-0.979911],
        [0.0,1.0,0.0],
        [0.979911,0.0,-0.199434],
        [5302.66,328.04,-12865.9]
      ],
      "type": "Point"
    },
    "bdt_t1_bomb_zone_10_aaa_point_03": {
      "objLayer": 0,
      "props": {},
      "tm": [
        [-0.199434,0.0,-0.979911],
        [0.0,1.0,0.0],
        [0.979911,0.0,-0.199434],
        [4595.98,319.085,-12809.1]
      ],
      "type": "Point"
    },
    "bdt_t1_bomb_zone_10_aaa_point_04": {
      "objLayer": 0,
      "props": {},
      "tm": [
        [-0.199434,0.0,-0.979911],
        [0.0,1.0,0.0],
        [0.979911,0.0,-0.199434],
        [4791.65,359.139,-13140.2]
      ],
      "type": "Point"
    },
    "bdt_t2_bomb_zone_01": {
      "objLayer": 0,
      "props": {},
      "tm": [
        [-425.275,0.0,-147.112],
        [0.0,450.0,0.0],
        [147.112,0.0,-425.275],
        [5941.1,290.821,4600.93]
      ],
      "type": "Sphere"
    },
    "bdt_t2_bomb_zone_01_aaa_point_01": {
      "objLayer": 0,
      "props": {},
      "tm": [
        [-0.60123,0.0,-0.799075],
        [0.0,1.0,0.0],
        [0.799075,0.0,-0.60123],
        [5746.15,292.953,4714.11]
      ],
      "type": "Point"
    },
    "bdt_t2_bomb_zone_01_aaa_point_02": {
      "objLayer": 0,
      "props": {},
      "tm": [
        [-0.60123,0.0,-0.799075],
        [0.0,1.0,0.0],
        [0.799075,0.0,-0.60123],
        [6229.69,292.579,4555.06]
      ],
      "type": "Point"
    },
    "bdt_t2_bomb_zone_01_aaa_point_03": {
      "objLayer": 0,
      "props": {},
      "tm": [
        [-0.60123,0.0,-0.799075],
        [0.0,1.0,0.0],
        [0.799075,0.0,-0.60123],
        [6164.75,291.162,4455.33]
      ],
      "type": "Point"
    },
    "bdt_t2_bomb_zone_01_aaa_point_04": {
      "objLayer": 0,
      "props": {},
      "tm": [
        [-0.60123,0.0,-0.799075],
        [0.0,1.0,0.0],
        [0.799075,0.0,-0.60123],
        [5952.24,287.424,4133.74]
      ],
      "type": "Point"
    },
    "bdt_t2_bomb_zone_02": {
      "objLayer": 0,
      "props": {},
      "tm": [
        [-406.336,0.0,-193.371],
        [0.0,450.0,0.0],
        [193.371,0.0,-406.336],
        [-2806.67,393.32,6623.71]
      ],
      "type": "Sphere"
    },
    "bdt_t2_bomb_zone_02_aaa_point_01": {
      "objLayer": 0,
      "props": {},
      "tm": [
        [-0.508896,0.0,-0.860826],
        [0.0,1.0,0.0],
        [0.860826,0.0,-0.508896],
        [-2834.15,390.68,6870.72]
      ],
      "type": "Point"
    },
    "bdt_t2_bomb_zone_02_aaa_point_02": {
      "objLayer": 0,
      "props": {},
      "tm": [
        [-0.508896,0.0,-0.860826],
        [0.0,1.0,0.0],
        [0.860826,0.0,-0.508896],
        [-2563.71,392.52,6404.44]
      ],
      "type": "Point"
    },
    "bdt_t2_bomb_zone_02_aaa_point_03": {
      "objLayer": 0,
      "props": {},
      "tm": [
        [-0.508896,0.0,-0.860826],
        [0.0,1.0,0.0],
        [0.860826,0.0,-0.508896],
        [-2581.48,396.33,6789.36]
      ],
      "type": "Point"
    },
    "bdt_t2_bomb_zone_02_aaa_point_04": {
      "objLayer": 0,
      "props": {},
      "tm": [
        [-0.508896,0.0,-0.860826],
        [0.0,1.0,0.0],
        [0.860826,0.0,-0.508896],
        [-2955.37,390.61,6449.03]
      ],
      "type": "Point"
    },
    "bdt_t2_bomb_zone_03": {
      "objLayer": 0,
      "props": {},
      "tm": [
        [-16.1038,0.0,-449.711],
        [0.0,450.0,0.0],
        [449.711,0.0,-16.1038],
        [-6244.96,249.289,4880.7]
      ],
      "type": "Sphere"
    },
    "bdt_t2_bomb_zone_03_aaa_point_01": {
      "objLayer": 0,
      "props": {},
      "tm": [
        [-0.508896,0.0,-0.860826],
        [0.0,1.0,0.0],
        [0.860826,0.0,-0.508896],
        [-6522.88,252.089,4988.18]
      ],
      "type": "Point"
    },
    "bdt_t2_bomb_zone_03_aaa_point_02": {
      "objLayer": 0,
      "props": {},
      "tm": [
        [-0.508896,0.0,-0.860826],
        [0.0,1.0,0.0],
        [0.860826,0.0,-0.508896],
        [-6067.82,246.029,4647.79]
      ],
      "type": "Point"
    },
    "bdt_t2_bomb_zone_03_aaa_point_03": {
      "objLayer": 0,
      "props": {},
      "tm": [
        [-0.508896,0.0,-0.860826],
        [0.0,1.0,0.0],
        [0.860826,0.0,-0.508896],
        [-5927.16,246.419,4921.11]
      ],
      "type": "Point"
    },
    "bdt_t2_bomb_zone_03_aaa_point_04": {
      "objLayer": 0,
      "props": {},
      "tm": [
        [-0.508896,0.0,-0.860826],
        [0.0,1.0,0.0],
        [0.860826,0.0,-0.508896],
        [-6365.64,251.949,5155.33]
      ],
      "type": "Point"
    },
    "bdt_t2_bomb_zone_04": {
      "objLayer": 0,
      "props": {},
      "tm": [
        [-263.983,0.0,-364.433],
        [0.0,450.0,0.0],
        [364.433,0.0,-263.983],
        [9779.33,348.534,4488.29]
      ],
      "type": "Sphere"
    },
    "bdt_t2_bomb_zone_04_aaa_point_01": {
      "objLayer": 0,
      "props": {},
      "tm": [
        [-0.60123,0.0,-0.799075],
        [0.0,1.0,0.0],
        [0.799075,0.0,-0.60123],
        [9819.75,344.387,4158.48]
      ],
      "type": "Point"
    },
    "bdt_t2_bomb_zone_04_aaa_point_02": {
      "objLayer": 0,
      "props": {},
      "tm": [
        [-0.60123,0.0,-0.799075],
        [0.0,1.0,0.0],
        [0.799075,0.0,-0.60123],
        [10077.6,344.148,4536.86]
      ],
      "type": "Point"
    },
    "bdt_t2_bomb_zone_04_aaa_point_03": {
      "objLayer": 0,
      "props": {},
      "tm": [
        [-0.60123,0.0,-0.799075],
        [0.0,1.0,0.0],
        [0.799075,0.0,-0.60123],
        [9517.47,343.991,4538.23]
      ],
      "type": "Point"
    },
    "bdt_t2_bomb_zone_04_aaa_point_04": {
      "objLayer": 0,
      "props": {},
      "tm": [
        [-0.60123,0.0,-0.799075],
        [0.0,1.0,0.0],
        [0.799075,0.0,-0.60123],
        [9684.72,304.246,4716.39]
      ],
      "type": "Point"
    },
    "bdt_t2_bomb_zone_05": {
      "objLayer": 0,
      "props": {},
      "tm": [
        [-263.983,0.0,-364.433],
        [0.0,450.0,0.0],
        [364.433,0.0,-263.983],
        [11315.4,248.667,566.644]
      ],
      "type": "Sphere"
    },
    "bdt_t2_bomb_zone_05_aaa_point_01": {
      "objLayer": 0,
      "props": {},
      "tm": [
        [-0.60123,0.0,-0.799075],
        [0.0,1.0,0.0],
        [0.799075,0.0,-0.60123],
        [11096.8,248.361,836.198]
      ],
      "type": "Point"
    },
    "bdt_t2_bomb_zone_05_aaa_point_02": {
      "objLayer": 0,
      "props": {},
      "tm": [
        [-0.60123,0.0,-0.799075],
        [0.0,1.0,0.0],
        [0.799075,0.0,-0.60123],
        [11302.2,251.253,191.52]
      ],
      "type": "Point"
    },
    "bdt_t2_bomb_zone_05_aaa_point_03": {
      "objLayer": 0,
      "props": {},
      "tm": [
        [-0.60123,0.0,-0.799075],
        [0.0,1.0,0.0],
        [0.799075,0.0,-0.60123],
        [11492.8,250.395,269.94]
      ],
      "type": "Point"
    },
    "bdt_t2_bomb_zone_05_aaa_point_04": {
      "objLayer": 0,
      "props": {},
      "tm": [
        [-0.60123,0.0,-0.799075],
        [0.0,1.0,0.0],
        [0.799075,0.0,-0.60123],
        [11545.0,248.045,798.478]
      ],
      "type": "Point"
    },
    "bdt_t2_bomb_zone_06": {
      "objLayer": 0,
      "props": {},
      "tm": [
        [-62.0881,0.0,-445.697],
        [0.0,450.0,0.0],
        [445.697,0.0,-62.0881],
        [9044.25,268.496,-2642.43]
      ],
      "type": "Sphere"
    },
    "bdt_t2_bomb_zone_06_aaa_point_01": {
      "objLayer": 0,
      "props": {},
      "tm": [
        [-0.155923,0.0,-0.987772],
        [0.0,1.0,0.0],
        [0.987772,0.0,-0.155923],
        [9048.07,272.625,-2298.42]
      ],
      "type": "Point"
    },
    "bdt_t2_bomb_zone_06_aaa_point_02": {
      "objLayer": 0,
      "props": {},
      "tm": [
        [-0.155923,0.0,-0.987772],
        [0.0,1.0,0.0],
        [0.987772,0.0,-0.155923],
        [9265.75,266.735,-3031.55]
      ],
      "type": "Point"
    },
    "bdt_t2_bomb_zone_06_aaa_point_03": {
      "objLayer": 0,
      "props": {},
      "tm": [
        [-0.155923,0.0,-0.987772],
        [0.0,1.0,0.0],
        [0.987772,0.0,-0.155923],
        [8998.26,183.469,-3099.99]
      ],
      "type": "Point"
    },
    "bdt_t2_bomb_zone_06_aaa_point_04": {
      "objLayer": 0,
      "props": {},
      "tm": [
        [-0.155923,0.0,-0.987772],
        [0.0,1.0,0.0],
        [0.987772,0.0,-0.155923],
        [8526.98,266.348,-2822.98]
      ],
      "type": "Point"
    },
    "bdt_t2_bomb_zone_07": {
      "objLayer": 0,
      "props": {},
      "tm": [
        [-263.983,0.0,-364.433],
        [0.0,450.0,0.0],
        [364.433,0.0,-263.983],
        [7805.88,334.927,1233.12]
      ],
      "type": "Sphere"
    },
    "bdt_t2_bomb_zone_07_aaa_point_01": {
      "objLayer": 0,
      "props": {},
      "tm": [
        [-0.60123,0.0,-0.799075],
        [0.0,1.0,0.0],
        [0.799075,0.0,-0.60123],
        [7525.43,285.39,1553.54]
      ],
      "type": "Point"
    },
    "bdt_t2_bomb_zone_07_aaa_point_02": {
      "objLayer": 0,
      "props": {},
      "tm": [
        [-0.60123,0.0,-0.799075],
        [0.0,1.0,0.0],
        [0.799075,0.0,-0.60123],
        [7825.14,330.795,805.76]
      ],
      "type": "Point"
    },
    "bdt_t2_bomb_zone_07_aaa_point_03": {
      "objLayer": 0,
      "props": {},
      "tm": [
        [-0.60123,0.0,-0.799075],
        [0.0,1.0,0.0],
        [0.799075,0.0,-0.60123],
        [8229.72,337.133,1066.73]
      ],
      "type": "Point"
    },
    "bdt_t2_bomb_zone_07_aaa_point_04": {
      "objLayer": 0,
      "props": {},
      "tm": [
        [-0.60123,0.0,-0.799075],
        [0.0,1.0,0.0],
        [0.799075,0.0,-0.60123],
        [7903.25,345.553,1623.97]
      ],
      "type": "Point"
    },
    "bdt_t2_bomb_zone_08": {
      "objLayer": 0,
      "props": {},
      "tm": [
        [-16.1038,0.0,-449.711],
        [0.0,450.0,0.0],
        [449.711,0.0,-16.1038],
        [-1081.22,377.107,10169.6]
      ],
      "type": "Sphere"
    },
    "bdt_t2_bomb_zone_08_aaa_point_01": {
      "objLayer": 0,
      "props": {},
      "tm": [
        [-0.508896,0.0,-0.860826],
        [0.0,1.0,0.0],
        [0.860826,0.0,-0.508896],
        [-1233.2,377.878,10004.6]
      ],
      "type": "Point"
    },
    "bdt_t2_bomb_zone_08_aaa_point_02": {
      "objLayer": 0,
      "props": {},
      "tm": [
        [-0.508896,0.0,-0.860826],
        [0.0,1.0,0.0],
        [0.860826,0.0,-0.508896],
        [-1037.16,375.323,10502.7]
      ],
      "type": "Point"
    },
    "bdt_t2_bomb_zone_08_aaa_point_03": {
      "objLayer": 0,
      "props": {},
      "tm": [
        [-0.508896,0.0,-0.860826],
        [0.0,1.0,0.0],
        [0.860826,0.0,-0.508896],
        [-793.085,376.097,10008.5]
      ],
      "type": "Point"
    },
    "bdt_t2_bomb_zone_08_aaa_point_04": {
      "objLayer": 0,
      "props": {},
      "tm": [
        [-0.508896,0.0,-0.860826],
        [0.0,1.0,0.0],
        [0.860826,0.0,-0.508896],
        [-807.127,375.55,10368.8]
      ],
      "type": "Point"
    },
    "bdt_t2_bomb_zone_09": {
      "objLayer": 0,
      "props": {},
      "tm": [
        [-16.1038,0.0,-449.711],
        [0.0,450.0,0.0],
        [449.711,0.0,-16.1038],
        [-5860.4,274.64,9146.93]
      ],
      "type": "Sphere"
    },
    "bdt_t2_bomb_zone_09_aaa_point_01": {
      "objLayer": 0,
      "props": {},
      "tm": [
        [-0.508896,0.0,-0.860826],
        [0.0,1.0,0.0],
        [0.860826,0.0,-0.508896],
        [-6254.81,259.72,9119.21]
      ],
      "type": "Point"
    },
    "bdt_t2_bomb_zone_09_aaa_point_02": {
      "objLayer": 0,
      "props": {},
      "tm": [
        [-0.508896,0.0,-0.860826],
        [0.0,1.0,0.0],
        [0.860826,0.0,-0.508896],
        [-5639.11,254.81,9345.42]
      ],
      "type": "Point"
    },
    "bdt_t2_bomb_zone_09_aaa_point_03": {
      "objLayer": 0,
      "props": {},
      "tm": [
        [-0.508896,0.0,-0.860826],
        [0.0,1.0,0.0],
        [0.860826,0.0,-0.508896],
        [-5847.26,-117.9,8780.93]
      ],
      "type": "Point"
    },
    "bdt_t2_bomb_zone_09_aaa_point_04": {
      "objLayer": 0,
      "props": {},
      "tm": [
        [-0.508896,0.0,-0.860826],
        [0.0,1.0,0.0],
        [0.860826,0.0,-0.508896],
        [-6109.77,257.21,9468.11]
      ],
      "type": "Point"
    },
    "bdt_t2_bomb_zone_10": {
      "objLayer": 0,
      "props": {},
      "tm": [
        [-16.1038,0.0,-449.711],
        [0.0,450.0,0.0],
        [449.711,0.0,-16.1038],
        [1661.46,396.432,6620.61]
      ],
      "type": "Sphere"
    },
    "bdt_t2_bomb_zone_10_aaa_point_01": {
      "objLayer": 0,
      "props": {},
      "tm": [
        [-0.508896,0.0,-0.860826],
        [0.0,1.0,0.0],
        [0.860826,0.0,-0.508896],
        [1650.48,339.08,7082.63]
      ],
      "type": "Point"
    },
    "bdt_t2_bomb_zone_10_aaa_point_02": {
      "objLayer": 0,
      "props": {},
      "tm": [
        [-0.508896,0.0,-0.860826],
        [0.0,1.0,0.0],
        [0.860826,0.0,-0.508896],
        [1686.55,395.033,6264.13]
      ],
      "type": "Point"
    },
    "bdt_t2_bomb_zone_10_aaa_point_03": {
      "objLayer": 0,
      "props": {},
      "tm": [
        [-0.508896,0.0,-0.860826],
        [0.0,1.0,0.0],
        [0.860826,0.0,-0.508896],
        [1252.32,390.137,7033.45]
      ],
      "type": "Point"
    },
    "bdt_t2_bomb_zone_10_aaa_point_04": {
      "objLayer": 0,
      "props": {},
      "tm": [
        [-0.508896,0.0,-0.860826],
        [0.0,1.0,0.0],
        [0.860826,0.0,-0.508896],
        [2014.9,391.242,6651.75]
      ],
      "type": "Point"
    },
    "mid_bomb_zones_area_12000": {
      "objLayer": 3,
      "props": {},
      "tm": [
        [20970.5,0.0,-11672.0],
        [0.0,24000.0,0.0],
        [11672.0,0.0,20970.5],
        [-662.5,697.406,-2098.8]
      ],
      "type": "Sphere"
    },
    "mid_bomb_zones_area_9000": {
      "objLayer": 3,
      "props": {},
      "tm": [
        [15727.9,0.0,-8754.02],
        [0.0,18000.0,0.0],
        [8754.02,0.0,15727.9],
        [-662.5,697.4,-2098.8]
      ],
      "type": "Sphere"
    }
  },
  "bin_dump_file": "",
  "dialogs": {},
  "effects": {},
  "imports": {},
  "mission_objectives": {
    "isCategory": true,
    "is_enabled": true
  },
  "mission_settings": {
    "mission": {
      "environment": "Day",
      "level": "levels/air_smolensk.bin",
      "optionalTakeOff": false,
      "restoreType": "attempts",
      "type": "domination",
      "weather": "hazy"
    },
    "player": {
      "army": 1
    },
    "player_teamB": {
      "army": 2
    }
  },
  "objLayers": {
    "layer": [
      {
        "enabled": true
      },
      {
        "enabled": true
      },
      {
        "enabled": true
      },
      {
        "enabled": false
      },
      {
        "enabled": false
      }
    ]
  },
  "selected_tag": "",
  "triggers": {
    "isCategory": true,
    "is_enabled": true
  },
  "units": {
    "objectGroups": [
      {
        "name": "bdt_t2_bomb_object_01",
        "objLayer": 2,
        "props": {
          "active": false,
          "army": 2
        },
        "tm": [
          [-0.945052,0.0,-0.326913],
          [0.0,1.0,0.0],
          [0.326913,0.0,-0.945052],
          [5941.0,290.75,4593.85]
        ],
        "unit_class": "dynBase_hq_camp_square"
      },
      {
        "name": "bdt_t2_bomb_object_02",
        "objLayer": 2,
        "props": {
          "active": false,
          "army": 2
        },
        "tm": [
          [-0.956048,0.0,0.293218],
          [0.0,1.0,0.0],
          [-0.293218,0.0,-0.956048],
          [-2806.45,393.0,6645.4]
        ],
        "unit_class": "dynBase_fuel_storage_square"
      },
      {
        "name": "bdt_t2_bomb_object_03",
        "objLayer": 2,
        "props": {
          "active": false,
          "army": 2
        },
        "tm": [
          [-0.0357815,0.0,-0.999362],
          [0.0,1.0,0.0],
          [0.999362,0.0,-0.0357815],
          [-6253.4,249.339,4875.7]
        ],
        "unit_class": "dynBase_oil_storage_small_square"
      },
      {
        "name": "bdt_t1_bomb_object_01",
        "objLayer": 2,
        "props": {
          "active": false,
          "army": 1
        },
        "tm": [
          [-0.712812,0.0,-0.701355],
          [0.0,1.0,0.0],
          [0.701355,0.0,-0.712812],
          [-200.8,289.987,-14426.7]
        ],
        "unit_class": "dynBase_fuel_storage_square"
      },
      {
        "name": "bdt_t1_bomb_object_02",
        "objLayer": 2,
        "props": {
          "active": false,
          "army": 1
        },
        "tm": [
          [-0.0517101,0.0,-0.998661],
          [0.0,1.0,0.0],
          [0.998661,0.0,-0.0517101],
          [5187.75,340.35,-8967.75]
        ],
        "unit_class": "dynBase_small_factory_square"
      },
      {
        "name": "bdt_t1_bomb_object_03",
        "objLayer": 2,
        "props": {
          "active": false,
          "army": 1
        },
        "tm": [
          [0.0529388,0.0,-0.998597],
          [0.0,1.0,0.0],
          [0.998597,0.0,0.0529388],
          [-6886.1,156.4,-8675.9]
        ],
        "unit_class": "dynBase_oil_storage_small_square"
      },
      {
        "name": "bdt_t2_bomb_object_04",
        "objLayer": 2,
        "props": {
          "active": false,
          "army": 2
        },
        "tm": [
          [-0.58663,0.0,-0.809855],
          [0.0,1.0,0.0],
          [0.809855,0.0,-0.58663],
          [9785.3,348.6,4493.5]
        ],
        "unit_class": "dynBase_small_factory_square"
      },
      {
        "name": "bdt_t1_bomb_object_04",
        "objLayer": 2,
        "props": {
          "active": false,
          "army": 1
        },
        "tm": [
          [-0.299922,0.0,-0.953964],
          [0.0,1.0,0.0],
          [0.953964,0.0,-0.299922],
          [-9623.75,281.342,-774.6]
        ],
        "unit_class": "dynBase_field_camp_square"
      },
      {
        "name": "bdt_t1_bomb_object_05",
        "objLayer": 2,
        "props": {
          "active": false,
          "army": 1
        },
        "tm": [
          [-0.299922,0.0,-0.953964],
          [0.0,1.0,0.0],
          [0.953964,0.0,-0.299922],
          [-9527.85,264.75,-4324.9]
        ],
        "unit_class": "dynBase_military_base_square"
      },
      {
        "name": "bdt_t1_bomb_object_06",
        "objLayer": 2,
        "props": {
          "active": false,
          "army": 1
        },
        "tm": [
          [-0.299922,0.0,-0.953964],
          [0.0,1.0,0.0],
          [0.953964,0.0,-0.299922],
          [-10866.5,187.314,-8983.8]
        ],
        "unit_class": "dynBase_oil_storage_large_square"
      },
      {
        "name": "bdt_t1_bomb_object_07",
        "objLayer": 2,
        "props": {
          "active": false,
          "army": 1
        },
        "tm": [
          [-0.299922,0.0,-0.953964],
          [0.0,1.0,0.0],
          [0.953964,0.0,-0.299922],
          [-12737.8,204.724,-5511.2]
        ],
        "unit_class": "dynBase_oil_storage_large_square"
      },
      {
        "name": "bdt_t1_bomb_object_08",
        "objLayer": 2,
        "props": {
          "active": false,
          "army": 1
        },
        "tm": [
          [-0.712812,0.0,-0.701355],
          [0.0,1.0,0.0],
          [0.701355,0.0,-0.712812],
          [2199.9,152.463,-10679.4]
        ],
        "unit_class": "dynBase_small_factory_square"
      },
      {
        "name": "bdt_t1_bomb_object_09",
        "objLayer": 2,
        "props": {
          "active": false,
          "army": 1
        },
        "tm": [
          [-0.712812,0.0,-0.701355],
          [0.0,1.0,0.0],
          [0.701355,0.0,-0.712812],
          [-2985.75,272.1,-11025.8]
        ],
        "unit_class": "dynBase_petrol_camp_square"
      },
      {
        "name": "bdt_t1_bomb_object_10",
        "objLayer": 2,
        "props": {
          "active": false,
          "army": 1
        },
        "tm": [
          [-0.712812,0.0,-0.701355],
          [0.0,1.0,0.0],
          [0.701355,0.0,-0.712812],
          [4866.25,327.826,-12816.0]
        ],
        "unit_class": "dynBase_petrol_camp_square"
      },
      {
        "name": "bdt_t2_bomb_object_05",
        "objLayer": 2,
        "props": {
          "active": false,
          "army": 2
        },
        "tm": [
          [-0.58663,0.0,-0.809855],
          [0.0,1.0,0.0],
          [0.809855,0.0,-0.58663],
          [11321.3,248.6,571.55]
        ],
        "unit_class": "dynBase_petrol_camp_square"
      },
      {
        "name": "bdt_t2_bomb_object_06",
        "objLayer": 2,
        "props": {
          "active": false,
          "army": 2
        },
        "tm": [
          [-0.137975,0.0,-0.990436],
          [0.0,1.0,0.0],
          [0.990436,0.0,-0.137975],
          [9047.4,268.575,-2635.15]
        ],
        "unit_class": "dynBase_military_base_square"
      },
      {
        "name": "bdt_t2_bomb_object_07",
        "objLayer": 2,
        "props": {
          "active": false,
          "army": 2
        },
        "tm": [
          [-0.58663,0.0,-0.809855],
          [0.0,1.0,0.0],
          [0.809855,0.0,-0.58663],
          [7812.0,334.95,1238.15]
        ],
        "unit_class": "dynBase_fuel_storage_square"
      },
      {
        "name": "bdt_t2_bomb_object_08",
        "objLayer": 2,
        "props": {
          "active": false,
          "army": 2
        },
        "tm": [
          [-0.0357815,0.0,-0.999362],
          [0.0,1.0,0.0],
          [0.999362,0.0,-0.0357815],
          [-1089.7,377.243,10164.7]
        ],
        "unit_class": "dynBase_ammunition_storage_square"
      },
      {
        "name": "bdt_t2_bomb_object_09",
        "objLayer": 2,
        "props": {
          "active": false,
          "army": 2
        },
        "tm": [
          [-0.0357815,0.0,-0.999362],
          [0.0,1.0,0.0],
          [0.999362,0.0,-0.0357815],
          [-5868.9,255.95,9141.85]
        ],
        "unit_class": "dynBase_field_camp_square"
      },
      {
        "name": "bdt_t2_bomb_object_10",
        "objLayer": 2,
        "props": {
          "active": false,
          "army": 2
        },
        "tm": [
          [-0.0357815,0.0,-0.999362],
          [0.0,1.0,0.0],
          [0.999362,0.0,-0.0357815],
          [1653.15,391.654,6615.65]
        ],
        "unit_class": "dynBase_oil_storage_small_square"
      }
    ]
  },
  "variables": {},
  "wayPoints": {}
}