{
  "airfields": [],
  "areas": {
    "bdt_t1_bomb_zone_01": {
      "objLayer": 0,
      "props": [],
      "tm": [
        [-227.277,0.0,388.387],
        [0.0,450.0,0.0],
        [-388.387,0.0,-227.277],
        [-14139.5,2319.92,2571.24]
      ],
      "type": "Sphere"
    },
    "bdt_t1_bomb_zone_01_aaa_point_01": {
      "objLayer": 0,
      "props": [],
      "tm": [
        [-0.901045,0.0,0.433722],
        [0.0,1.0,0.0],
        [-0.433722,0.0,-0.901045],
        [-14372.7,2138.96,2673.58]
      ],
      "type": "Point"
    },
    "bdt_t1_bomb_zone_01_aaa_point_02": {
      "objLayer": 0,
      "props": [],
      "tm": [
        [-0.901045,0.0,0.433722],
        [0.0,1.0,0.0],
        [-0.433722,0.0,-0.901045],
        [-13944.5,2298.21,2409.67]
      ],
      "type": "Point"
    },
    "bdt_t1_bomb_zone_01_aaa_point_03": {
      "objLayer": 0,
      "props": [],
      "tm": [
        [-0.901045,0.0,0.433722],
        [0.0,1.0,0.0],
        [-0.433722,0.0,-0.901045],
        [-14012.8,2456.67,2767.22]
      ],
      "type": "Point"
    },
    "bdt_t1_bomb_zone_01_aaa_point_04": {
      "objLayer": 0,
      "props": [],
      "tm": [
        [-0.901045,0.0,0.433722],
        [0.0,1.0,0.0],
        [-0.433722,0.0,-0.901045],
        [-13891.2,2394.35,2573.8]
      ],
      "type": "Point"
    },
    "bdt_t1_bomb_zone_02": {
      "objLayer": 0,
      "props": [],
      "tm": [
        [-391.022,0.0,222.712],
        [0.0,450.0,0.0],
        [-222.712,0.0,-391.022],
        [-10837.1,2733.19,-4538.31]
      ],
      "type": "Sphere"
    },
    "bdt_t1_bomb_zone_02_aaa_point_01": {
      "objLayer": 0,
      "props": [],
      "tm": [
        [-0.901045,0.0,0.433722],
        [0.0,1.0,0.0],
        [-0.433722,0.0,-0.901045],
        [-11096.4,2735.15,-4615.1]
      ],
      "type": "Point"
    },
    "bdt_t1_bomb_zone_02_aaa_point_02": {
      "objLayer": 0,
      "props": [],
      "tm": [
        [-0.901045,0.0,0.433722],
        [0.0,1.0,0.0],
        [-0.433722,0.0,-0.901045],
        [-10874.0,2733.52,-4801.58]
      ],
      "type": "Point"
    },
    "bdt_t1_bomb_zone_02_aaa_point_03": {
      "objLayer": 0,
      "props": [],
      "tm": [
        [-0.901045,0.0,0.433722],
        [0.0,1.0,0.0],
        [-0.433722,0.0,-0.901045],
        [-10585.9,2629.65,-4164.4]
      ],
      "type": "Point"
    },
    "bdt_t1_bomb_zone_02_aaa_point_04": {
      "objLayer": 0,
      "props": [],
      "tm": [
        [-0.901045,0.0,0.433722],
        [0.0,1.0,0.0],
        [-0.433722,0.0,-0.901045],
        [-10558.2,2593.78,-4712.91]
      ],
      "type": "Point"
    },
    "bdt_t1_bomb_zone_03": {
      "objLayer": 0,
      "props": [],
      "tm": [
        [-375.11,0.0,248.58],
        [0.0,450.0,0.0],
        [-248.58,0.0,-375.11],
        [-6437.98,712.113,8993.62]
      ],
      "type": "Sphere"
    },
    "bdt_t1_bomb_zone_03_aaa_point_01": {
      "objLayer": 0,
      "props": [],
      "tm": [
        [-0.847384,0.0,0.530981],
        [0.0,1.0,0.0],
        [-0.530981,0.0,-0.847384],
        [-6143.5,864.773,9082.7]
      ],
      "type": "Point"
    },
    "bdt_t1_bomb_zone_03_aaa_point_02": {
      "objLayer": 0,
      "props": [],
      "tm": [
        [-0.847384,0.0,0.530981],
        [0.0,1.0,0.0],
        [-0.530981,0.0,-0.847384],
        [-6665.04,709.163,8909.52]
      ],
      "type": "Point"
    },
    "bdt_t1_bomb_zone_03_aaa_point_03": {
      "objLayer": 0,
      "props": [],
      "tm": [
        [-0.847384,0.0,0.530981],
        [0.0,1.0,0.0],
        [-0.530981,0.0,-0.847384],
        [-6470.23,715.933,8708.68]
      ],
      "type": "Point"
    },
    "bdt_t1_bomb_zone_03_aaa_point_04": {
      "objLayer": 0,
      "props": [],
      "tm": [
        [-0.847384,0.0,0.530981],
        [0.0,1.0,0.0],
        [-0.530981,0.0,-0.847384],
        [-6504.47,713.723,9245.91]
      ],
      "type": "Point"
    },
    "bdt_t1_bomb_zone_04": {
      "objLayer": 0,
      "props": [],
      "tm": [
        [-375.11,0.0,248.58],
        [0.0,450.0,0.0],
        [-248.58,0.0,-375.11],
        [2921.22,2130.49,10914.4]
      ],
      "type": "Sphere"
    },
    "bdt_t1_bomb_zone_04_aaa_point_01": {
      "objLayer": 0,
      "props": [],
      "tm": [
        [-0.847384,0.0,0.530981],
        [0.0,1.0,0.0],
        [-0.530981,0.0,-0.847384],
        [2749.15,2070.43,11180.4]
      ],
      "type": "Point"
    },
    "bdt_t1_bomb_zone_04_aaa_point_02": {
      "objLayer": 0,
      "props": [],
      "tm": [
        [-0.847384,0.0,0.530981],
        [0.0,1.0,0.0],
        [-0.530981,0.0,-0.847384],
        [2672.69,1954.52,10868.5]
      ],
      "type": "Point"
    },
    "bdt_t1_bomb_zone_04_aaa_point_03": {
      "objLayer": 0,
      "props": [],
      "tm": [
        [-0.847384,0.0,0.530981],
        [0.0,1.0,0.0],
        [-0.530981,0.0,-0.847384],
        [3080.77,2220.55,11157.7]
      ],
      "type": "Point"
    },
    "bdt_t1_bomb_zone_04_aaa_point_04": {
      "objLayer": 0,
      "props": [],
      "tm": [
        [-0.847384,0.0,0.530981],
        [0.0,1.0,0.0],
        [-0.530981,0.0,-0.847384],
        [2909.12,2035.4,10600.7]
      ],
      "type": "Point"
    },
    "bdt_t1_bomb_zone_05": {
      "objLayer": 0,
      "props": [],
      "tm": [
        [-375.11,0.0,248.58],
        [0.0,450.0,0.0],
        [-248.58,0.0,-375.11],
        [426.035,2077.42,14785.0]
      ],
      "type": "Sphere"
    },
    "bdt_t1_bomb_zone_05_aaa_point_01": {
      "objLayer": 0,
      "props": [],
      "tm": [
        [-0.847384,0.0,0.530981],
        [0.0,1.0,0.0],
        [-0.530981,0.0,-0.847384],
        [645.349,2077.68,14620.7]
      ],
      "type": "Point"
    },
    "bdt_t1_bomb_zone_05_aaa_point_02": {
      "objLayer": 0,
      "props": [],
      "tm": [
        [-0.847384,0.0,0.530981],
        [0.0,1.0,0.0],
        [-0.530981,0.0,-0.847384],
        [581.041,2076.78,14796.7]
      ],
      "type": "Point"
    },
    "bdt_t1_bomb_zone_05_aaa_point_03": {
      "objLayer": 0,
      "props": [],
      "tm": [
        [-0.847384,0.0,0.530981],
        [0.0,1.0,0.0],
        [-0.530981,0.0,-0.847384],
        [202.521,2077.99,14966.2]
      ],
      "type": "Point"
    },
    "bdt_t1_bomb_zone_05_aaa_point_04": {
      "objLayer": 0,
      "props": [],
      "tm": [
        [-0.847384,0.0,0.530981],
        [0.0,1.0,0.0],
        [-0.530981,0.0,-0.847384],
        [152.713,2042.67,14736.7]
      ],
      "type": "Point"
    },
    "bdt_t1_bomb_zone_06": {
      "objLayer": 0,
      "props": [],
      "tm": [
        [-375.11,0.0,248.58],
        [0.0,450.0,0.0],
        [-248.58,0.0,-375.11],
        [-5893.96,645.097,12927.0]
      ],
      "type": "Sphere"
    },
    "bdt_t1_bomb_zone_06_aaa_point_01": {
      "objLayer": 0,
      "props": [],
      "tm": [
        [-0.847384,0.0,0.530981],
        [0.0,1.0,0.0],
        [-0.530981,0.0,-0.847384],
        [-5589.95,602.597,13073.2]
      ],
      "type": "Point"
    },
    "bdt_t1_bomb_zone_06_aaa_point_02": {
      "objLayer": 0,
      "props": [],
      "tm": [
        [-0.847384,0.0,0.530981],
        [0.0,1.0,0.0],
        [-0.530981,0.0,-0.847384],
        [-5591.25,639.407,12809.9]
      ],
      "type": "Point"
    },
    "bdt_t1_bomb_zone_06_aaa_point_03": {
      "objLayer": 0,
      "props": [],
      "tm": [
        [-0.847384,0.0,0.530981],
        [0.0,1.0,0.0],
        [-0.530981,0.0,-0.847384],
        [-6066.53,556.167,12670.7]
      ],
      "type": "Point"
    },
    "bdt_t1_bomb_zone_06_aaa_point_04": {
      "objLayer": 0,
      "props": [],
      "tm": [
        [-0.847384,0.0,0.530981],
        [0.0,1.0,0.0],
        [-0.530981,0.0,-0.847384],
        [-6051.42,704.047,13179.8]
      ],
      "type": "Point"
    },
    "bdt_t1_bomb_zone_07": {
      "objLayer": 0,
      "props": [],
      "tm": [
        [-375.11,0.0,248.58],
        [0.0,450.0,0.0],
        [-248.58,0.0,-375.11],
        [-1513.61,386.525,10989.8]
      ],
      "type": "Sphere"
    },
    "bdt_t1_bomb_zone_07_aaa_point_01": {
      "objLayer": 0,
      "props": [],
      "tm": [
        [-0.847384,0.0,0.530981],
        [0.0,1.0,0.0],
        [-0.530981,0.0,-0.847384],
        [-1779.18,359.315,10847.5]
      ],
      "type": "Point"
    },
    "bdt_t1_bomb_zone_07_aaa_point_02": {
      "objLayer": 0,
      "props": [],
      "tm": [
        [-0.847384,0.0,0.530981],
        [0.0,1.0,0.0],
        [-0.530981,0.0,-0.847384],
        [-1203.99,389.504,11150.5]
      ],
      "type": "Point"
    },
    "bdt_t1_bomb_zone_07_aaa_point_03": {
      "objLayer": 0,
      "props": [],
      "tm": [
        [-0.847384,0.0,0.530981],
        [0.0,1.0,0.0],
        [-0.530981,0.0,-0.847384],
        [-1682.97,534.234,11280.0]
      ],
      "type": "Point"
    },
    "bdt_t1_bomb_zone_07_aaa_point_04": {
      "objLayer": 0,
      "props": [],
      "tm": [
        [-0.847384,0.0,0.530981],
        [0.0,1.0,0.0],
        [-0.530981,0.0,-0.847384],
        [-1537.87,379.477,10588.9]
      ],
      "type": "Point"
    },
    "bdt_t1_bomb_zone_08": {
      "objLayer": 0,
      "props": [],
      "tm": [
        [-227.277,0.0,388.387],
        [0.0,450.0,0.0],
        [-388.387,0.0,-227.277],
        [-14300.5,3082.45,-4163.07]
      ],
      "type": "Sphere"
    },
    "bdt_t1_bomb_zone_08_aaa_point_01": {
      "objLayer": 0,
      "props": [],
      "tm": [
        [-0.901045,0.0,0.433722],
        [0.0,1.0,0.0],
        [-0.433722,0.0,-0.901045],
        [-14361.2,3025.27,-4467.73]
      ],
      "type": "Point"
    },
    "bdt_t1_bomb_zone_08_aaa_point_02": {
      "objLayer": 0,
      "props": [],
      "tm": [
        [-0.901045,0.0,0.433722],
        [0.0,1.0,0.0],
        [-0.433722,0.0,-0.901045],
        [-13995.3,3097.36,-4184.26]
      ],
      "type": "Point"
    },
    "bdt_t1_bomb_zone_08_aaa_point_03": {
      "objLayer": 0,
      "props": [],
      "tm": [
        [-0.901045,0.0,0.433722],
        [0.0,1.0,0.0],
        [-0.433722,0.0,-0.901045],
        [-14202.7,3127.13,-3818.77]
      ],
      "type": "Point"
    },
    "bdt_t1_bomb_zone_08_aaa_point_04": {
      "objLayer": 0,
      "props": [],
      "tm": [
        [-0.901045,0.0,0.433722],
        [0.0,1.0,0.0],
        [-0.433722,0.0,-0.901045],
        [-14548.2,3039.47,-4050.21]
      ],
      "type": "Point"
    },
    "bdt_t1_bomb_zone_09": {
      "objLayer": 0,
      "props": [],
      "tm": [
        [-227.277,0.0,388.387],
        [0.0,450.0,0.0],
        [-388.387,0.0,-227.277],
        [-10366.1,599.539,5190.15]
      ],
      "type": "Sphere"
    },
    "bdt_t1_bomb_zone_09_aaa_point_01": {
      "objLayer": 0,
      "props": [],
      "tm": [
        [-0.901045,0.0,0.433722],
        [0.0,1.0,0.0],
        [-0.433722,0.0,-0.901045],
        [-10005.8,522.299,4923.96]
      ],
      "type": "Point"
    },
    "bdt_t1_bomb_zone_09_aaa_point_02": {
      "objLayer": 0,
      "props": [],
      "tm": [
        [-0.901045,0.0,0.433722],
        [0.0,1.0,0.0],
        [-0.433722,0.0,-0.901045],
        [-10024.5,457.929,5417.58]
      ],
      "type": "Point"
    },
    "bdt_t1_bomb_zone_09_aaa_point_03": {
      "objLayer": 0,
      "props": [],
      "tm": [
        [-0.901045,0.0,0.433722],
        [0.0,1.0,0.0],
        [-0.433722,0.0,-0.901045],
        [-10520.9,633.139,4717.28]
      ],
      "type": "Point"
    },
    "bdt_t1_bomb_zone_09_aaa_point_04": {
      "objLayer": 0,
      "props": [],
      "tm": [
        [-0.901045,0.0,0.433722],
        [0.0,1.0,0.0],
        [-0.433722,0.0,-0.901045],
        [-10447.3,494.639,5585.94]
      ],
      "type": "Point"
    },
    "bdt_t1_bomb_zone_10": {
      "objLayer": 0,
      "props": [],
      "tm": [
        [-227.277,0.0,388.387],
        [0.0,450.0,0.0],
        [-388.387,0.0,-227.277],
        [-12903.9,2488.49,-789.833]
      ],
      "type": "Sphere"
    },
    "bdt_t1_bomb_zone_10_aaa_point_01": {
      "objLayer": 0,
      "props": [],
      "tm": [
        [-0.901045,0.0,0.433722],
        [0.0,1.0,0.0],
        [-0.433722,0.0,-0.901045],
        [-12556.6,2372.76,-915.336]
      ],
      "type": "Point"
    },
    "bdt_t1_bomb_zone_10_aaa_point_02": {
      "objLayer": 0,
      "props": [],
      "tm": [
        [-0.901045,0.0,0.433722],
        [0.0,1.0,0.0],
        [-0.433722,0.0,-0.901045],
        [-13050.6,2342.91,-1209.77]
      ],
      "type": "Point"
    },
    "bdt_t1_bomb_zone_10_aaa_point_03": {
      "objLayer": 0,
      "props": [],
      "tm": [
        [-0.901045,0.0,0.433722],
        [0.0,1.0,0.0],
        [-0.433722,0.0,-0.901045],
        [-12822.2,2611.46,-538.578]
      ],
      "type": "Point"
    },
    "bdt_t1_bomb_zone_10_aaa_point_04": {
      "objLayer": 0,
      "props": [],
      "tm": [
        [-0.901045,0.0,0.433722],
        [0.0,1.0,0.0],
        [-0.433722,0.0,-0.901045],
        [-13191.2,2462.47,-646.945]
      ],
      "type": "Point"
    },
    "bdt_t2_bomb_zone_01": {
      "objLayer": 0,
      "props": [],
      "tm": [
        [-38.2926,0.0,448.37],
        [0.0,450.0,0.0],
        [-448.37,0.0,-38.2926],
        [1543.64,602.862,-10978.9]
      ],
      "type": "Sphere"
    },
    "bdt_t2_bomb_zone_01_aaa_point_01": {
      "objLayer": 0,
      "props": [],
      "tm": [
        [-0.627171,0.0,0.77888],
        [0.0,1.0,0.0],
        [-0.77888,0.0,-0.627171],
        [1701.18,515.582,-10817.7]
      ],
      "type": "Point"
    },
    "bdt_t2_bomb_zone_01_aaa_point_02": {
      "objLayer": 0,
      "props": [],
      "tm": [
        [-0.627171,0.0,0.77888],
        [0.0,1.0,0.0],
        [-0.77888,0.0,-0.627171],
        [1428.39,710.572,-11247.5]
      ],
      "type": "Point"
    },
    "bdt_t2_bomb_zone_01_aaa_point_03": {
      "objLayer": 0,
      "props": [],
      "tm": [
        [-0.627171,0.0,0.77888],
        [0.0,1.0,0.0],
        [-0.77888,0.0,-0.627171],
        [1347.62,695.742,-11160.0]
      ],
      "type": "Point"
    },
    "bdt_t2_bomb_zone_01_aaa_point_04": {
      "objLayer": 0,
      "props": [],
      "tm": [
        [-0.627171,0.0,0.77888],
        [0.0,1.0,0.0],
        [-0.77888,0.0,-0.627171],
        [1087.99,516.942,-10875.1]
      ],
      "type": "Point"
    },
    "bdt_t2_bomb_zone_02": {
      "objLayer": 0,
      "props": [],
      "tm": [
        [-87.7843,0.0,441.356],
        [0.0,450.0,0.0],
        [-441.356,0.0,-87.7843],
        [10585.0,2252.63,866.298]
      ],
      "type": "Sphere"
    },
    "bdt_t2_bomb_zone_02_aaa_point_01": {
      "objLayer": 0,
      "props": [],
      "tm": [
        [-0.709686,0.0,0.704516],
        [0.0,1.0,0.0],
        [-0.704516,0.0,-0.709686],
        [10831.2,2249.99,832.29]
      ],
      "type": "Point"
    },
    "bdt_t2_bomb_zone_02_aaa_point_02": {
      "objLayer": 0,
      "props": [],
      "tm": [
        [-0.709686,0.0,0.704516],
        [0.0,1.0,0.0],
        [-0.704516,0.0,-0.709686],
        [10312.8,2251.83,684.524]
      ],
      "type": "Point"
    },
    "bdt_t2_bomb_zone_02_aaa_point_03": {
      "objLayer": 0,
      "props": [],
      "tm": [
        [-0.709686,0.0,0.704516],
        [0.0,1.0,0.0],
        [-0.704516,0.0,-0.709686],
        [10690.3,2235.98,607.277]
      ],
      "type": "Point"
    },
    "bdt_t2_bomb_zone_02_aaa_point_04": {
      "objLayer": 0,
      "props": [],
      "tm": [
        [-0.709686,0.0,0.704516],
        [0.0,1.0,0.0],
        [-0.704516,0.0,-0.709686],
        [10452.1,2249.92,1053.28]
      ],
      "type": "Point"
    },
    "bdt_t2_bomb_zone_03": {
      "objLayer": 0,
      "props": [],
      "tm": [
        [-432.019,0.0,125.93],
        [0.0,450.0,0.0],
        [-125.93,0.0,-432.019],
        [9911.68,2193.14,4999.26]
      ],
      "type": "Sphere"
    },
    "bdt_t2_bomb_zone_03_aaa_point_01": {
      "objLayer": 0,
      "props": [],
      "tm": [
        [-0.709686,0.0,0.704516],
        [0.0,1.0,0.0],
        [-0.704516,0.0,-0.709686],
        [10084.0,2195.94,5242.37]
      ],
      "type": "Point"
    },
    "bdt_t2_bomb_zone_03_aaa_point_02": {
      "objLayer": 0,
      "props": [],
      "tm": [
        [-0.709686,0.0,0.704516],
        [0.0,1.0,0.0],
        [-0.704516,0.0,-0.709686],
        [9642.44,2189.88,4884.66]
      ],
      "type": "Point"
    },
    "bdt_t2_bomb_zone_03_aaa_point_03": {
      "objLayer": 0,
      "props": [],
      "tm": [
        [-0.709686,0.0,0.704516],
        [0.0,1.0,0.0],
        [-0.704516,0.0,-0.709686],
        [9872.89,2190.27,4681.31]
      ],
      "type": "Point"
    },
    "bdt_t2_bomb_zone_03_aaa_point_04": {
      "objLayer": 0,
      "props": [],
      "tm": [
        [-0.709686,0.0,0.704516],
        [0.0,1.0,0.0],
        [-0.704516,0.0,-0.709686],
        [10207.5,2195.8,5048.86]
      ],
      "type": "Point"
    },
    "bdt_t2_bomb_zone_04": {
      "objLayer": 0,
      "props": [],
      "tm": [
        [-288.539,0.0,345.317],
        [0.0,450.0,0.0],
        [-345.317,0.0,-288.539],
        [4158.16,726.517,-13738.5]
      ],
      "type": "Sphere"
    },
    "bdt_t2_bomb_zone_04_aaa_point_01": {
      "objLayer": 0,
      "props": [],
      "tm": [
        [-0.627171,0.0,0.77888],
        [0.0,1.0,0.0],
        [-0.77888,0.0,-0.627171],
        [3828.51,786.197,-13696.7]
      ],
      "type": "Point"
    },
    "bdt_t2_bomb_zone_04_aaa_point_02": {
      "objLayer": 0,
      "props": [],
      "tm": [
        [-0.627171,0.0,0.77888],
        [0.0,1.0,0.0],
        [-0.77888,0.0,-0.627171],
        [4132.08,786.357,-14039.5]
      ],
      "type": "Point"
    },
    "bdt_t2_bomb_zone_04_aaa_point_03": {
      "objLayer": 0,
      "props": [],
      "tm": [
        [-0.627171,0.0,0.77888],
        [0.0,1.0,0.0],
        [-0.77888,0.0,-0.627171],
        [4270.82,594.137,-13496.8]
      ],
      "type": "Point"
    },
    "bdt_t2_bomb_zone_04_aaa_point_04": {
      "objLayer": 0,
      "props": [],
      "tm": [
        [-0.627171,0.0,0.77888],
        [0.0,1.0,0.0],
        [-0.77888,0.0,-0.627171],
        [4402.53,652.887,-13702.7]
      ],
      "type": "Point"
    },
    "bdt_t2_bomb_zone_05": {
      "objLayer": 0,
      "props": [],
      "tm": [
        [-288.539,0.0,345.317],
        [0.0,450.0,0.0],
        [-345.317,0.0,-288.539],
        [-2905.63,2949.14,-14063.2]
      ],
      "type": "Sphere"
    },
    "bdt_t2_bomb_zone_05_aaa_point_01": {
      "objLayer": 0,
      "props": [],
      "tm": [
        [-0.627171,0.0,0.77888],
        [0.0,1.0,0.0],
        [-0.77888,0.0,-0.627171],
        [-2590.67,2948.84,-13917.5]
      ],
      "type": "Point"
    },
    "bdt_t2_bomb_zone_05_aaa_point_02": {
      "objLayer": 0,
      "props": [],
      "tm": [
        [-0.627171,0.0,0.77888],
        [0.0,1.0,0.0],
        [-0.77888,0.0,-0.627171],
        [-3266.04,2951.73,-13958.4]
      ],
      "type": "Point"
    },
    "bdt_t2_bomb_zone_05_aaa_point_03": {
      "objLayer": 0,
      "props": [],
      "tm": [
        [-0.627171,0.0,0.77888],
        [0.0,1.0,0.0],
        [-0.77888,0.0,-0.627171],
        [-3236.71,2950.87,-14162.4]
      ],
      "type": "Point"
    },
    "bdt_t2_bomb_zone_05_aaa_point_04": {
      "objLayer": 0,
      "props": [],
      "tm": [
        [-0.627171,0.0,0.77888],
        [0.0,1.0,0.0],
        [-0.77888,0.0,-0.627171],
        [-2737.17,2948.52,-14342.6]
      ],
      "type": "Point"
    },
    "bdt_t2_bomb_zone_06": {
      "objLayer": 0,
      "props": [],
      "tm": [
        [-416.848,0.0,169.525],
        [0.0,450.0,0.0],
        [-169.525,0.0,-416.848],
        [-4449.38,3121.96,-10779.5]
      ],
      "type": "Sphere"
    },
    "bdt_t2_bomb_zone_06_aaa_point_01": {
      "objLayer": 0,
      "props": [],
      "tm": [
        [-0.919341,0.0,0.393469],
        [0.0,1.0,0.0],
        [-0.393469,0.0,-0.919341],
        [-4116.74,3121.47,-10867.6]
      ],
      "type": "Point"
    },
    "bdt_t2_bomb_zone_06_aaa_point_02": {
      "objLayer": 0,
      "props": [],
      "tm": [
        [-0.919341,0.0,0.393469],
        [0.0,1.0,0.0],
        [-0.393469,0.0,-0.919341],
        [-4880.89,3152.01,-10898.8]
      ],
      "type": "Point"
    },
    "bdt_t2_bomb_zone_06_aaa_point_03": {
      "objLayer": 0,
      "props": [],
      "tm": [
        [-0.919341,0.0,0.393469],
        [0.0,1.0,0.0],
        [-0.393469,0.0,-0.919341],
        [-4881.6,3082.06,-10622.7]
      ],
      "type": "Point"
    },
    "bdt_t2_bomb_zone_06_aaa_point_04": {
      "objLayer": 0,
      "props": [],
      "tm": [
        [-0.919341,0.0,0.393469],
        [0.0,1.0,0.0],
        [-0.393469,0.0,-0.919341],
        [-4497.51,2990.93,-10233.8]
      ],
      "type": "Point"
    },
    "bdt_t2_bomb_zone_07": {
      "objLayer": 0,
      "props": [],
      "tm": [
        [-288.539,0.0,345.317],
        [0.0,450.0,0.0],
        [-345.317,0.0,-288.539],
        [6113.48,691.678,-9226.23]
      ],
      "type": "Sphere"
    },
    "bdt_t2_bomb_zone_07_aaa_point_01": {
      "objLayer": 0,
      "props": [],
      "tm": [
        [-0.627171,0.0,0.77888],
        [0.0,1.0,0.0],
        [-0.77888,0.0,-0.627171],
        [6492.92,575.749,-9032.95]
      ],
      "type": "Point"
    },
    "bdt_t2_bomb_zone_07_aaa_point_02": {
      "objLayer": 0,
      "props": [],
      "tm": [
        [-0.627171,0.0,0.77888],
        [0.0,1.0,0.0],
        [-0.77888,0.0,-0.627171],
        [5694.46,605.768,-9140.08]
      ],
      "type": "Point"
    },
    "bdt_t2_bomb_zone_07_aaa_point_03": {
      "objLayer": 0,
      "props": [],
      "tm": [
        [-0.627171,0.0,0.77888],
        [0.0,1.0,0.0],
        [-0.77888,0.0,-0.627171],
        [5848.21,684.318,-9596.32]
      ],
      "type": "Point"
    },
    "bdt_t2_bomb_zone_07_aaa_point_04": {
      "objLayer": 0,
      "props": [],
      "tm": [
        [-0.627171,0.0,0.77888],
        [0.0,1.0,0.0],
        [-0.77888,0.0,-0.627171],
        [6468.52,518.838,-9416.51]
      ],
      "type": "Point"
    },
    "bdt_t2_bomb_zone_08": {
      "objLayer": 0,
      "props": [],
      "tm": [
        [-432.019,0.0,125.93],
        [0.0,450.0,0.0],
        [-125.93,0.0,-432.019],
        [13651.0,618.639,-2626.88]
      ],
      "type": "Sphere"
    },
    "bdt_t2_bomb_zone_08_aaa_point_01": {
      "objLayer": 0,
      "props": [],
      "tm": [
        [-0.709686,0.0,0.704516],
        [0.0,1.0,0.0],
        [-0.704516,0.0,-0.709686],
        [13528.3,601.619,-2439.03]
      ],
      "type": "Point"
    },
    "bdt_t2_bomb_zone_08_aaa_point_02": {
      "objLayer": 0,
      "props": [],
      "tm": [
        [-0.709686,0.0,0.704516],
        [0.0,1.0,0.0],
        [-0.704516,0.0,-0.709686],
        [13963.2,711.249,-2751.34]
      ],
      "type": "Point"
    },
    "bdt_t2_bomb_zone_08_aaa_point_03": {
      "objLayer": 0,
      "props": [],
      "tm": [
        [-0.709686,0.0,0.704516],
        [0.0,1.0,0.0],
        [-0.704516,0.0,-0.709686],
        [13424.2,656.489,-2866.71]
      ],
      "type": "Point"
    },
    "bdt_t2_bomb_zone_08_aaa_point_04": {
      "objLayer": 0,
      "props": [],
      "tm": [
        [-0.709686,0.0,0.704516],
        [0.0,1.0,0.0],
        [-0.704516,0.0,-0.709686],
        [13776.8,658.989,-2941.44]
      ],
      "type": "Point"
    },
    "bdt_t2_bomb_zone_09": {
      "objLayer": 0,
      "props": [],
      "tm": [
        [-432.019,0.0,125.93],
        [0.0,450.0,0.0],
        [-125.93,0.0,-432.019],
        [13439.0,2220.56,3856.95]
      ],
      "type": "Sphere"
    },
    "bdt_t2_bomb_zone_09_aaa_point_01": {
      "objLayer": 0,
      "props": [],
      "tm": [
        [-0.709686,0.0,0.704516],
        [0.0,1.0,0.0],
        [-0.704516,0.0,-0.709686],
        [13508.9,2052.08,4245.96]
      ],
      "type": "Point"
    },
    "bdt_t2_bomb_zone_09_aaa_point_02": {
      "objLayer": 0,
      "props": [],
      "tm": [
        [-0.709686,0.0,0.704516],
        [0.0,1.0,0.0],
        [-0.704516,0.0,-0.709686],
        [13577.1,2282.91,3593.76]
      ],
      "type": "Point"
    },
    "bdt_t2_bomb_zone_09_aaa_point_03": {
      "objLayer": 0,
      "props": [],
      "tm": [
        [-0.709686,0.0,0.704516],
        [0.0,1.0,0.0],
        [-0.704516,0.0,-0.709686],
        [13081.0,1922.94,3933.99]
      ],
      "type": "Point"
    },
    "bdt_t2_bomb_zone_09_aaa_point_04": {
      "objLayer": 0,
      "props": [],
      "tm": [
        [-0.709686,0.0,0.704516],
        [0.0,1.0,0.0],
        [-0.704516,0.0,-0.709686],
        [13811.5,2079.03,4019.91]
      ],
      "type": "Point"
    },
    "bdt_t2_bomb_zone_10": {
      "objLayer": 0,
      "props": [],
      "tm": [
        [-432.019,0.0,125.93],
        [0.0,450.0,0.0],
        [-125.93,0.0,-432.019],
        [9373.75,594.71,-5951.46]
      ],
      "type": "Sphere"
    },
    "bdt_t2_bomb_zone_10_aaa_point_01": {
      "objLayer": 0,
      "props": [],
      "tm": [
        [-0.709686,0.0,0.704516],
        [0.0,1.0,0.0],
        [-0.704516,0.0,-0.709686],
        [9824.35,586.82,-6054.17]
      ],
      "type": "Point"
    },
    "bdt_t2_bomb_zone_10_aaa_point_02": {
      "objLayer": 0,
      "props": [],
      "tm": [
        [-0.709686,0.0,0.704516],
        [0.0,1.0,0.0],
        [-0.704516,0.0,-0.709686],
        [9022.01,474.33,-5888.3]
      ],
      "type": "Point"
    },
    "bdt_t2_bomb_zone_10_aaa_point_03": {
      "objLayer": 0,
      "props": [],
      "tm": [
        [-0.709686,0.0,0.704516],
        [0.0,1.0,0.0],
        [-0.704516,0.0,-0.709686],
        [9563.26,589.346,-5691.66]
      ],
      "type": "Point"
    },
    "bdt_t2_bomb_zone_10_aaa_point_04": {
      "objLayer": 0,
      "props": [],
      "tm": [
        [-0.709686,0.0,0.704516],
        [0.0,1.0,0.0],
        [-0.704516,0.0,-0.709686],
        [9317.23,560.391,-6301.76]
      ],
      "type": "Point"
    },
    "high_bomb_zones_area_11000": {
      "objLayer": 3,
      "props": [],
      "tm": [
        [-15088.1,0.0,-16011.1],
        [0.0,22000.1,0.0],
        [16011.1,0.0,-15088.1],
        [0.0,2000.0,0.0]
      ],
      "type": "Sphere"
    },
    "high_bomb_zones_area_14000": {
      "objLayer": 3,
      "props": [],
      "tm": [
        [-19203.0,0.0,-20377.7],
        [0.0,28000.0,0.0],
        [20377.7,0.0,-19203.0],
        [0.0,2000.0,0.0]
      ],
      "type": "Sphere"
    }
  },
  "bin_dump_file": "",
  "dialogs": [],
  "effects": [],
  "imports": [],
  "mission_objectives": {
    "isCategory": true,
    "is_enabled": true
  },
  "mission_settings": {
    "mission": {
      "environment": "Day",
      "level": "levels/air_smolensk.bin",
      "optionalTakeOff": false,
      "restoreType": "attempts",
      "type": "domination",
      "weather": "hazy"
    },
    "player": {
      "army": 1
    },
    "player_teamB": {
      "army": 2
    }
  },
  "objLayers": [
    {
      "layer": {
        "enabled": true
      }
    },
    {
      "layer": {
        "enabled": true
      }
    },
    {
      "layer": {
        "enabled": true
      }
    },
    {
      "layer": {
        "enabled": false
      }
    },
    {
      "layer": {
        "enabled": false
      }
    }
  ],
  "selected_tag": "",
  "triggers": {
    "isCategory": true,
    "is_enabled": true
  },
  "units": [
    {
      "objectGroups": {
        "name": "bdt_t2_bomb_object_01",
        "objLayer": 2,
        "props": {
          "active": false,
          "army": 2
        },
        "tm": [
          [-0.0850935,0.0,0.996371],
          [0.0,1.0,0.0],
          [-0.996371,0.0,-0.0850935],
          [1536.81,603.442,-10977.1]
        ],
        "unit_class": "dynBase_hq_camp_square"
      }
    },
    {
      "objectGroups": {
        "name": "bdt_t2_bomb_object_02",
        "objLayer": 2,
        "props": {
          "active": false,
          "army": 2
        },
        "tm": [
          [0.518788,0.0,0.854907],
          [0.0,1.0,0.0],
          [-0.854907,0.0,0.518788],
          [10605.9,2252.31,860.661]
        ],
        "unit_class": "dynBase_fuel_storage_square"
      }
    },
    {
      "objectGroups": {
        "name": "bdt_t2_bomb_object_03",
        "objLayer": 2,
        "props": {
          "active": false,
          "army": 2
        },
        "tm": [
          [-0.960049,0.0,0.279842],
          [0.0,1.0,0.0],
          [-0.279842,0.0,-0.960049],
          [9908.91,2193.19,5008.73]
        ],
        "unit_class": "dynBase_oil_storage_small_square"
      }
    },
    {
      "objectGroups": {
        "name": "bdt_t1_bomb_object_01",
        "objLayer": 2,
        "props": {
          "active": false,
          "army": 1
        },
        "tm": [
          [-0.505065,0.0,0.863081],
          [0.0,1.0,0.0],
          [-0.863081,0.0,-0.505065],
          [-14130.6,2314.36,2562.22]
        ],
        "unit_class": "dynBase_fuel_storage_square"
      }
    },
    {
      "objectGroups": {
        "name": "bdt_t1_bomb_object_02",
        "objLayer": 2,
        "props": {
          "active": false,
          "army": 1
        },
        "tm": [
          [-0.955462,0.0,0.295112],
          [0.0,1.0,0.0],
          [-0.295112,0.0,-0.955462],
          [-10832.4,2735.82,-4538.65]
        ],
        "unit_class": "dynBase_small_factory_square"
      }
    },
    {
      "objectGroups": {
        "name": "bdt_t1_bomb_object_03",
        "objLayer": 2,
        "props": {
          "active": false,
          "army": 1
        },
        "tm": [
          [-0.981071,0.0,0.193645],
          [0.0,1.0,0.0],
          [-0.193645,0.0,-0.981071],
          [-6433.03,712.243,8990.99]
        ],
        "unit_class": "dynBase_oil_storage_small_square"
      }
    },
    {
      "objectGroups": {
        "name": "bdt_t2_bomb_object_04",
        "objLayer": 2,
        "props": {
          "active": false,
          "army": 2
        },
        "tm": [
          [-0.641203,0.0,0.76737],
          [0.0,1.0,0.0],
          [-0.76737,0.0,-0.641203],
          [4161.76,728.697,-13745.5]
        ],
        "unit_class": "dynBase_small_factory_square"
      }
    },
    {
      "objectGroups": {
        "name": "bdt_t1_bomb_object_04",
        "objLayer": 2,
        "props": {
          "active": false,
          "army": 1
        },
        "tm": [
          [-0.851241,0.0,0.524776],
          [0.0,1.0,0.0],
          [-0.524776,0.0,-0.851241],
          [2924.61,2132.12,10919.0]
        ],
        "unit_class": "dynBase_field_camp_square"
      }
    },
    {
      "objectGroups": {
        "name": "bdt_t1_bomb_object_05",
        "objLayer": 2,
        "props": {
          "active": false,
          "army": 1
        },
        "tm": [
          [-0.851241,0.0,0.524776],
          [0.0,1.0,0.0],
          [-0.524776,0.0,-0.851241],
          [429.443,2077.4,14789.8]
        ],
        "unit_class": "dynBase_military_base_square"
      }
    },
    {
      "objectGroups": {
        "name": "bdt_t1_bomb_object_06",
        "objLayer": 2,
        "props": {
          "active": false,
          "army": 1
        },
        "tm": [
          [-0.851241,0.0,0.524776],
          [0.0,1.0,0.0],
          [-0.524776,0.0,-0.851241],
          [-5890.52,646.197,12931.7]
        ],
        "unit_class": "dynBase_oil_storage_large_square"
      }
    },
    {
      "objectGroups": {
        "name": "bdt_t1_bomb_object_07",
        "objLayer": 2,
        "props": {
          "active": false,
          "army": 1
        },
        "tm": [
          [-0.851241,0.0,0.524776],
          [0.0,1.0,0.0],
          [-0.524776,0.0,-0.851241],
          [-1510.07,388.544,10994.5]
        ],
        "unit_class": "dynBase_oil_storage_large_square"
      }
    },
    {
      "objectGroups": {
        "name": "bdt_t1_bomb_object_08",
        "objLayer": 2,
        "props": {
          "active": false,
          "army": 1
        },
        "tm": [
          [-0.505065,0.0,0.863081],
          [0.0,1.0,0.0],
          [-0.863081,0.0,-0.505065],
          [-14291.6,3082.82,-4172.08]
        ],
        "unit_class": "dynBase_small_factory_square"
      }
    },
    {
      "objectGroups": {
        "name": "bdt_t1_bomb_object_09",
        "objLayer": 2,
        "props": {
          "active": false,
          "army": 1
        },
        "tm": [
          [-0.505065,0.0,0.863081],
          [0.0,1.0,0.0],
          [-0.863081,0.0,-0.505065],
          [-10357.4,597.479,5181.23]
        ],
        "unit_class": "dynBase_petrol_camp_square"
      }
    },
    {
      "objectGroups": {
        "name": "bdt_t1_bomb_object_10",
        "objLayer": 2,
        "props": {
          "active": false,
          "army": 1
        },
        "tm": [
          [-0.505065,0.0,0.863081],
          [0.0,1.0,0.0],
          [-0.863081,0.0,-0.505065],
          [-12895.2,2488.26,-798.859]
        ],
        "unit_class": "dynBase_petrol_camp_square"
      }
    },
    {
      "objectGroups": {
        "name": "bdt_t2_bomb_object_05",
        "objLayer": 2,
        "props": {
          "active": false,
          "army": 2
        },
        "tm": [
          [-0.641203,0.0,0.76737],
          [0.0,1.0,0.0],
          [-0.76737,0.0,-0.641203],
          [-2902.34,2949.07,-14070.2]
        ],
        "unit_class": "dynBase_petrol_camp_square"
      }
    },
    {
      "objectGroups": {
        "name": "bdt_t2_bomb_object_06",
        "objLayer": 2,
        "props": {
          "active": false,
          "army": 2
        },
        "tm": [
          [-0.926326,0.0,0.376723],
          [0.0,1.0,0.0],
          [-0.376723,0.0,-0.926326],
          [-4443.1,3124.12,-10784.3]
        ],
        "unit_class": "dynBase_military_base_square"
      }
    },
    {
      "objectGroups": {
        "name": "bdt_t2_bomb_object_07",
        "objLayer": 2,
        "props": {
          "active": false,
          "army": 2
        },
        "tm": [
          [-0.641203,0.0,0.76737],
          [0.0,1.0,0.0],
          [-0.76737,0.0,-0.641203],
          [6116.87,689.678,-9233.36]
        ],
        "unit_class": "dynBase_fuel_storage_square"
      }
    },
    {
      "objectGroups": {
        "name": "bdt_t2_bomb_object_08",
        "objLayer": 2,
        "props": {
          "active": false,
          "army": 2
        },
        "tm": [
          [-0.960049,0.0,0.279842],
          [0.0,1.0,0.0],
          [-0.279842,0.0,-0.960049],
          [13648.3,617.619,-2617.41]
        ],
        "unit_class": "dynBase_ammunition_storage_square"
      }
    },
    {
      "objectGroups": {
        "name": "bdt_t2_bomb_object_09",
        "objLayer": 2,
        "props": {
          "active": false,
          "army": 2
        },
        "tm": [
          [-0.960049,0.0,0.279842],
          [0.0,1.0,0.0],
          [-0.279842,0.0,-0.960049],
          [13436.1,2218.65,3866.31]
        ],
        "unit_class": "dynBase_field_camp_square"
      }
    },
    {
      "objectGroups": {
        "name": "bdt_t2_bomb_object_10",
        "objLayer": 2,
        "props": {
          "active": false,
          "army": 2
        },
        "tm": [
          [-0.960049,0.0,0.279842],
          [0.0,1.0,0.0],
          [-0.279842,0.0,-0.960049],
          [9370.98,592.351,-5942.2]
        ],
        "unit_class": "dynBase_oil_storage_small_square"
      }
    }
  ],
  "variables": [],
  "wayPoints": []
}