{
  "airfields": [
    []
  ],
  "areas": [
    {
      "at_area": [
        {
          "objLayer": [
            0
          ],
          "props": [
            []
          ],
          "tm": [
            [
              [-9404.57,0.0,-12944.3],
              [0.0,16000.0,0.0],
              [12944.3,0.0,-9404.57],
              [-8894.0,500.006,-2818.0]
            ]
          ],
          "type": [
            "Sphere"
          ]
        }
      ],
      "at_t1_spawn_01_01": [
        {
          "objLayer": [
            0
          ],
          "props": [
            []
          ],
          "tm": [
            [
              [-0.795472,0.0,0.605993],
              [0.0,1.0,0.0],
              [-0.605993,0.0,-0.795472],
              [-3861.9,499.996,-9050.15]
            ]
          ],
          "type": [
            "Point"
          ]
        }
      ],
      "at_t1_spawn_01_02": [
        {
          "objLayer": [
            0
          ],
          "props": [
            []
          ],
          "tm": [
            [
              [-0.795472,0.0,0.605993],
              [0.0,1.0,0.0],
              [-0.605993,0.0,-0.795472],
              [-1425.38,499.997,-5685.0]
            ]
          ],
          "type": [
            "Point"
          ]
        }
      ],
      "at_t1_spawn_02_01": [
        {
          "objLayer": [
            0
          ],
          "props": [
            []
          ],
          "tm": [
            [
              [-0.795472,0.0,0.605993],
              [0.0,1.0,0.0],
              [-0.605993,0.0,-0.795472],
              [-5394.21,499.999,-10114.8]
            ]
          ],
          "type": [
            "Point"
          ]
        }
      ],
      "at_t1_spawn_02_02": [
        {
          "objLayer": [
            0
          ],
          "props": [
            []
          ],
          "tm": [
            [
              [-0.795472,0.0,0.605993],
              [0.0,1.0,0.0],
              [-0.605993,0.0,-0.795472],
              [-964.078,499.99,-3719.99]
            ]
          ],
          "type": [
            "Point"
          ]
        }
      ],
      "at_t2_spawn_01_01": [
        {
          "objLayer": [
            0
          ],
          "props": [
            []
          ],
          "tm": [
            [
              [0.795472,0.0,-0.605993],
              [0.0,1.0,0.0],
              [0.605993,0.0,0.795472],
              [-16363.6,500.006,37.2725]
            ]
          ],
          "type": [
            "Point"
          ]
        }
      ],
      "at_t2_spawn_01_02": [
        {
          "objLayer": [
            0
          ],
          "props": [
            []
          ],
          "tm": [
            [
              [0.795472,0.0,-0.605993],
              [0.0,1.0,0.0],
              [0.605993,0.0,0.795472],
              [-13930.8,500.006,3396.39]
            ]
          ],
          "type": [
            "Point"
          ]
        }
      ],
      "at_t2_spawn_02_01": [
        {
          "objLayer": [
            0
          ],
          "props": [
            []
          ],
          "tm": [
            [
              [0.795472,0.0,-0.605993],
              [0.0,1.0,0.0],
              [0.605993,0.0,0.795472],
              [-16856.2,500.005,-1938.33]
            ]
          ],
          "type": [
            "Point"
          ]
        }
      ],
      "at_t2_spawn_02_02": [
        {
          "objLayer": [
            0
          ],
          "props": [
            []
          ],
          "tm": [
            [
              [0.795472,0.0,-0.605993],
              [0.0,1.0,0.0],
              [0.605993,0.0,0.795472],
              [-12135.6,500.013,4491.6]
            ]
          ],
          "type": [
            "Point"
          ]
        }
      ]
    }
  ],
  "bin_dump_file": [
    ""
  ],
  "dialogs": [
    []
  ],
  "effects": [
    []
  ],
  "imports": [
    {
      "import_record": [
        {
          "excludes": [
            []
          ],
          "file": [
            "gameData/missions/templates/air_templates/gs/assaults_gs_template.blk"
          ],
          "importAreas": [
            true
          ],
          "importMissionObjectives": [
            true
          ],
          "importTriggers": [
            true
          ],
          "importUnits": [
            true
          ],
          "importWayPoints": [
            true
          ],
          "showAreas": [
            true
          ],
          "showMissionObjectives": [
            true
          ],
          "showTriggers": [
            true
          ],
          "showUnits": [
            true
          ],
          "showWayPoints": [
            true
          ]
        }
      ]
    }
  ],
  "mission_objectives": [
    {
      "isCategory": [
        true
      ],
      "is_enabled": [
        true
      ]
    }
  ],
  "mission_settings": [
    {
      "mission": [
        {
          "deathPenaltyMulRounds": [
            0.0
          ],
          "environment": [
            "Day"
          ],
          "level": [
            "levels/berlin.bin"
          ],
          "stars": [
            {
              "day": [
                2
              ],
              "latitude": [
                52.5
              ],
              "longitude": [
                13.0
              ],
              "month": [
                4
              ],
              "year": [
                1945
              ]
            }
          ],
          "type": [
            "domination"
          ],
          "weather": [
            "hazy"
          ]
        }
      ],
      "player": [
        {
          "army": [
            1
          ],
          "wing": [
            ""
          ]
        }
      ],
      "player_teamB": [
        {
          "army": [
            2
          ],
          "wing": [
            ""
          ]
        }
      ],
      "spectator_points": [
        []
      ]
    }
  ],
  "objLayers": [
    []
  ],
  "selected_tag": [
    ""
  ],
  "triggers": [
    {
      "isCategory": [
        true
      ],
      "is_enabled": [
        true
      ]
    }
  ],
  "units": [
    []
  ],
  "variables": [
    {
      "ai_assaults_saved": [
        0
      ],
      "ft_helicopters_pad_exclusive": [
        false
      ]
    }
  ],
  "wayPoints": [
    []
  ]
}