{
  "airfields": {},
  "areas": {
    "heli_10000": {
      "objLayer": 4,
      "props": {},
      "tm": [
        [-3502.42,0.0,19691.0],
        [0.0,20000.0,0.0],
        [-19691.0,0.0,-3502.42],
        [-2048.0,181.272,2048.0]
      ],
      "type": "Sphere"
    },
    "heli_4000": {
      "objLayer": 4,
      "props": {},
      "tm": [
        [-1400.97,0.0,7876.37],
        [0.0,8000.0,0.0],
        [-7876.37,0.0,-1400.97],
        [-2048.0,28.2412,2048.0]
      ],
      "type": "Sphere"
    }
  },
  "bin_dump_file": "",
  "dialogs": {},
  "effects": {},
  "imports": {},
  "mission_objectives": {
    "isCategory": true,
    "is_enabled": true
  },
  "mission_settings": {
    "mission": {
      "environment": "Day",
      "level": "levels/water.bin",
      "type": "singleMission",
      "weather": "hazy"
    },
    "player": {
      "army": 1
    },
    "player_teamB": {
      "army": 2
    }
  },
  "objLayers": {
    "layer": [
      {
        "enabled": true
      },
      {
        "enabled": true
      },
      {
        "enabled": true
      },
      {
        "enabled": true
      },
      {
        "enabled": true
      }
    ]
  },
  "selected_tag": "",
  "triggers": {
    "isCategory": true,
    "is_enabled": true
  },
  "units": {
    "air_defence": [
      {
        "bullets0": "",
        "bullets1": "",
        "bullets2": "",
        "bullets3": "",
        "bulletsCount0": 0,
        "bulletsCount1": 0,
        "bulletsCount2": 0,
        "bulletsCount3": 0,
        "closed_waypoints": false,
        "crewSkillK": 0.0,
        "isShipSpline": false,
        "name": "t2_helipad_defence_01",
        "objLayer": 1,
        "props": {
          "army": 2,
          "attack_type": "fire_at_will",
          "count": 1,
          "formation_div": 3,
          "formation_noise": [0.1,0.1],
          "formation_step": [2.5,2.0],
          "formation_type": "rows",
          "uniqueName": ""
        },
        "shipTurnRadius": 100.0,
        "tm": [
          [0.282397,0.0,-0.959298],
          [0.0,1.0,0.0],
          [0.959298,0.0,0.282397],
          [-2024.33,81.9948,5880.67]
        ],
        "unit_class": "germ_20mm_flak38_longrange_helipad",
        "way": {},
        "weapons": ""
      },
      {
        "bullets0": "",
        "bullets1": "",
        "bullets2": "",
        "bullets3": "",
        "bulletsCount0": 0,
        "bulletsCount1": 0,
        "bulletsCount2": 0,
        "bulletsCount3": 0,
        "closed_waypoints": false,
        "crewSkillK": 0.0,
        "isShipSpline": false,
        "name": "t2_helipad_defence_02",
        "objLayer": 1,
        "props": {
          "army": 2,
          "attack_type": "fire_at_will",
          "count": 1,
          "formation_div": 3,
          "formation_noise": [0.1,0.1],
          "formation_step": [2.5,2.0],
          "formation_type": "rows",
          "uniqueName": ""
        },
        "shipTurnRadius": 100.0,
        "tm": [
          [0.282397,0.0,-0.959298],
          [0.0,1.0,0.0],
          [0.959298,0.0,0.282397],
          [-2331.7,81.9948,5851.47]
        ],
        "unit_class": "germ_20mm_flak38_longrange_helipad",
        "way": {},
        "weapons": ""
      },
      {
        "bullets0": "",
        "bullets1": "",
        "bullets2": "",
        "bullets3": "",
        "bulletsCount0": 0,
        "bulletsCount1": 0,
        "bulletsCount2": 0,
        "bulletsCount3": 0,
        "closed_waypoints": false,
        "crewSkillK": 0.0,
        "isShipSpline": false,
        "name": "t2_helipad_defence_03",
        "objLayer": 1,
        "props": {
          "army": 2,
          "attack_type": "fire_at_will",
          "count": 1,
          "formation_div": 3,
          "formation_noise": [0.1,0.1],
          "formation_step": [2.5,2.0],
          "formation_type": "rows",
          "uniqueName": ""
        },
        "shipTurnRadius": 100.0,
        "tm": [
          [0.282397,0.0,-0.959298],
          [0.0,1.0,0.0],
          [0.959298,0.0,0.282397],
          [-2324.1,81.9948,6164.14]
        ],
        "unit_class": "germ_20mm_flak38_helipad",
        "way": {},
        "weapons": ""
      },
      {
        "bullets0": "",
        "bullets1": "",
        "bullets2": "",
        "bullets3": "",
        "bulletsCount0": 0,
        "bulletsCount1": 0,
        "bulletsCount2": 0,
        "bulletsCount3": 0,
        "closed_waypoints": false,
        "crewSkillK": 0.0,
        "isShipSpline": false,
        "name": "t2_helipad_defence_04",
        "objLayer": 1,
        "props": {
          "army": 2,
          "attack_type": "fire_at_will",
          "count": 1,
          "formation_div": 3,
          "formation_noise": [0.1,0.1],
          "formation_step": [2.5,2.0],
          "formation_type": "rows",
          "uniqueName": ""
        },
        "shipTurnRadius": 100.0,
        "tm": [
          [0.282397,0.0,-0.959298],
          [0.0,1.0,0.0],
          [0.959298,0.0,0.282397],
          [-2018.7,81.9948,6163.47]
        ],
        "unit_class": "germ_20mm_flak38_helipad",
        "way": {},
        "weapons": ""
      },
      {
        "bullets0": "",
        "bullets1": "",
        "bullets2": "",
        "bullets3": "",
        "bulletsCount0": 0,
        "bulletsCount1": 0,
        "bulletsCount2": 0,
        "bulletsCount3": 0,
        "closed_waypoints": false,
        "crewSkillK": 0.0,
        "isShipSpline": false,
        "name": "t1_helipad_defence_01",
        "objLayer": 1,
        "props": {
          "army": 1,
          "attack_type": "fire_at_will",
          "count": 1,
          "formation_div": 3,
          "formation_noise": [0.1,0.1],
          "formation_step": [2.5,2.0],
          "formation_type": "rows",
          "uniqueName": ""
        },
        "shipTurnRadius": 100.0,
        "tm": [
          [-0.461633,0.0,0.887071],
          [0.0,1.0,0.0],
          [-0.887071,0.0,-0.461633],
          [-12.85,24.4,-1508.15]
        ],
        "unit_class": "germ_20mm_flak38_longrange_helipad",
        "way": {},
        "weapons": ""
      },
      {
        "bullets0": "",
        "bullets1": "",
        "bullets2": "",
        "bullets3": "",
        "bulletsCount0": 0,
        "bulletsCount1": 0,
        "bulletsCount2": 0,
        "bulletsCount3": 0,
        "closed_waypoints": false,
        "crewSkillK": 0.0,
        "isShipSpline": false,
        "name": "t1_helipad_defence_02",
        "objLayer": 1,
        "props": {
          "army": 1,
          "attack_type": "fire_at_will",
          "count": 1,
          "formation_div": 3,
          "formation_noise": [0.1,0.1],
          "formation_step": [2.5,2.0],
          "formation_type": "rows",
          "uniqueName": ""
        },
        "shipTurnRadius": 100.0,
        "tm": [
          [-0.461633,0.0,0.887071],
          [0.0,1.0,0.0],
          [-0.887071,0.0,-0.461633],
          [-18.4804,24.4,-1790.95]
        ],
        "unit_class": "germ_20mm_flak38_longrange_helipad",
        "way": {},
        "weapons": ""
      },
      {
        "bullets0": "",
        "bullets1": "",
        "bullets2": "",
        "bullets3": "",
        "bulletsCount0": 0,
        "bulletsCount1": 0,
        "bulletsCount2": 0,
        "bulletsCount3": 0,
        "closed_waypoints": false,
        "crewSkillK": 0.0,
        "isShipSpline": false,
        "name": "t1_helipad_defence_03",
        "objLayer": 1,
        "props": {
          "army": 1,
          "attack_type": "fire_at_will",
          "count": 1,
          "formation_div": 3,
          "formation_noise": [0.1,0.1],
          "formation_step": [2.5,2.0],
          "formation_type": "rows",
          "uniqueName": ""
        },
        "shipTurnRadius": 100.0,
        "tm": [
          [-0.461633,0.0,0.887071],
          [0.0,1.0,0.0],
          [-0.887071,0.0,-0.461633],
          [-325.844,24.4,-1820.15]
        ],
        "unit_class": "germ_20mm_flak38_helipad",
        "way": {},
        "weapons": ""
      },
      {
        "bullets0": "",
        "bullets1": "",
        "bullets2": "",
        "bullets3": "",
        "bulletsCount0": 0,
        "bulletsCount1": 0,
        "bulletsCount2": 0,
        "bulletsCount3": 0,
        "closed_waypoints": false,
        "crewSkillK": 0.0,
        "isShipSpline": false,
        "name": "t1_helipad_defence_04",
        "objLayer": 1,
        "props": {
          "army": 1,
          "attack_type": "fire_at_will",
          "count": 1,
          "formation_div": 3,
          "formation_noise": [0.1,0.1],
          "formation_step": [2.5,2.0],
          "formation_type": "rows",
          "uniqueName": ""
        },
        "shipTurnRadius": 100.0,
        "tm": [
          [-0.461633,0.0,0.887071],
          [0.0,1.0,0.0],
          [-0.887071,0.0,-0.461633],
          [-318.253,24.4,-1507.48]
        ],
        "unit_class": "germ_20mm_flak38_helipad",
        "way": {},
        "weapons": ""
      }
    ],
    "objectGroups": [
      {
        "name": "t1_helipad",
        "objLayer": 2,
        "props": {
          "active": true,
          "army": 1,
          "isDelayed": true
        },
        "tm": [
          [0.424736,0.0,-0.905317],
          [0.0,1.0,0.0],
          [0.905317,0.0,0.424736],
          [-176.453,21.7074,-1677.47]
        ],
        "unit_class": "dynHelipad_beton_a_ussr"
      },
      {
        "name": "t1_helipad_farspawn",
        "objLayer": 2,
        "props": {
          "active": true,
          "army": 1,
          "isDelayed": true
        },
        "tm": [
          [0.434406,0.0,-0.900717],
          [0.0,1.0,0.0],
          [0.900717,0.0,0.434406],
          [1427.49,154.187,-6895.78]
        ],
        "unit_class": "dynHelipad_beton_b_ussr"
      },
      {
        "name": "t2_helipad",
        "objLayer": 2,
        "props": {
          "active": true,
          "army": 2,
          "isDelayed": true
        },
        "tm": [
          [0.177149,0.0,0.984184],
          [0.0,1.0,0.0],
          [-0.984184,0.0,0.177149],
          [-2169.91,85.7373,6043.44]
        ],
        "unit_class": "dynHelipad_beton_a_usa"
      },
      {
        "name": "t2_helipad_farspawn",
        "objLayer": 2,
        "props": {
          "active": true,
          "army": 2,
          "isDelayed": true
        },
        "tm": [
          [-0.314176,0.0,0.949365],
          [0.0,1.0,0.0],
          [-0.949365,0.0,-0.314176],
          [-4405.13,256.908,11820.7]
        ],
        "unit_class": "dynHelipad_beton_b_usa"
      }
    ],
    "squad": [
      {
        "name": "t2_helipad_aaa_squad",
        "props": {
          "object_marking": 0,
          "squad_members": [
            "t2_helipad_defence_01",
            "t2_helipad_defence_04",
            "t2_helipad_defence_02",
            "t2_helipad_defence_03"
          ]
        },
        "tm": [
          [0.99995,0.0,-0.00999983],
          [0.0,1.0,0.0],
          [0.00999983,0.0,0.99995],
          [-2174.71,81.9948,6014.94]
        ]
      },
      {
        "name": "t1_helipad_aaa_squad",
        "props": {
          "object_marking": 0,
          "squad_members": [
            "t1_helipad_defence_01",
            "t1_helipad_defence_02",
            "t1_helipad_defence_03",
            "t1_helipad_defence_04"
          ]
        },
        "tm": [
          [1.0,0.0,0.0],
          [0.0,1.0,0.0],
          [0.0,0.0,1.0],
          [-168.857,24.4,-1656.68]
        ]
      }
    ]
  },
  "variables": {},
  "wayPoints": {}
}