{
  "airfields": [
    []
  ],
  "areas": [
    {
      "at_area": [
        {
          "objLayer": [
            0
          ],
          "props": [
            []
          ],
          "tm": [
            [
              [23555.4,0.0,4598.46],
              [0.0,24000.0,0.0],
              [-4598.46,0.0,23555.4],
              [715.0,500.006,-46182.9]
            ]
          ],
          "type": [
            "Sphere"
          ]
        }
      ],
      "at_t1_spawn_01_01": [
        {
          "objLayer": [
            0
          ],
          "props": [
            []
          ],
          "tm": [
            [
              [0.169281,0.0,-0.985569],
              [0.0,1.0,0.0],
              [0.985569,0.0,0.169281],
              [1553.37,499.996,-34160.1]
            ]
          ],
          "type": [
            "Point"
          ]
        }
      ],
      "at_t1_spawn_01_02": [
        {
          "objLayer": [
            0
          ],
          "props": [
            []
          ],
          "tm": [
            [
              [0.169281,0.0,-0.985569],
              [0.0,1.0,0.0],
              [0.985569,0.0,0.169281],
              [-4565.45,499.998,-35357.8]
            ]
          ],
          "type": [
            "Point"
          ]
        }
      ],
      "at_t1_spawn_02_01": [
        {
          "objLayer": [
            0
          ],
          "props": [
            []
          ],
          "tm": [
            [
              [0.169281,0.0,-0.985569],
              [0.0,1.0,0.0],
              [0.985569,0.0,0.169281],
              [-7175.1,499.999,-37080.1]
            ]
          ],
          "type": [
            "Point"
          ]
        }
      ],
      "at_t1_spawn_02_02": [
        {
          "objLayer": [
            0
          ],
          "props": [
            []
          ],
          "tm": [
            [
              [0.169281,0.0,-0.985569],
              [0.0,1.0,0.0],
              [0.985569,0.0,0.169281],
              [4619.65,500.0,-34833.5]
            ]
          ],
          "type": [
            "Point"
          ]
        }
      ],
      "at_t2_spawn_01_01": [
        {
          "objLayer": [
            0
          ],
          "props": [
            []
          ],
          "tm": [
            [
              [-0.169281,0.0,0.985569],
              [0.0,1.0,0.0],
              [-0.985569,0.0,-0.169281],
              [5918.17,500.006,-57007.2]
            ]
          ],
          "type": [
            "Point"
          ]
        }
      ],
      "at_t2_spawn_01_02": [
        {
          "objLayer": [
            0
          ],
          "props": [
            []
          ],
          "tm": [
            [
              [-0.169281,0.0,0.985569],
              [0.0,1.0,0.0],
              [-0.985569,0.0,-0.169281],
              [-61.9146,500.006,-58189.8]
            ]
          ],
          "type": [
            "Point"
          ]
        }
      ],
      "at_t2_spawn_02_01": [
        {
          "objLayer": [
            0
          ],
          "props": [
            []
          ],
          "tm": [
            [
              [-0.169281,0.0,0.985569],
              [0.0,1.0,0.0],
              [-0.985569,0.0,-0.169281],
              [-3086.55,500.012,-57490.2]
            ]
          ],
          "type": [
            "Point"
          ]
        }
      ],
      "at_t2_spawn_02_02": [
        {
          "objLayer": [
            0
          ],
          "props": [
            []
          ],
          "tm": [
            [
              [-0.169281,0.0,0.985569],
              [0.0,1.0,0.0],
              [-0.985569,0.0,-0.169281],
              [8585.6,500.008,-55283.6]
            ]
          ],
          "type": [
            "Point"
          ]
        }
      ]
    }
  ],
  "bin_dump_file": [
    ""
  ],
  "dialogs": [
    []
  ],
  "effects": [
    []
  ],
  "imports": [
    []
  ],
  "mission_objectives": [
    {
      "isCategory": [
        true
      ],
      "is_enabled": [
        true
      ]
    }
  ],
  "mission_settings": [
    {
      "mission": [
        {
          "deathPenaltyMulRounds": [
            0.0
          ],
          "environment": [
            "Day"
          ],
          "level": [
            "levels/berlin.bin"
          ],
          "stars": [
            {
              "day": [
                2
              ],
              "latitude": [
                52.5
              ],
              "longitude": [
                13.0
              ],
              "month": [
                4
              ],
              "year": [
                1945
              ]
            }
          ],
          "type": [
            "domination"
          ],
          "weather": [
            "hazy"
          ]
        }
      ],
      "player": [
        {
          "army": [
            1
          ],
          "wing": [
            ""
          ]
        }
      ],
      "player_teamB": [
        {
          "army": [
            2
          ],
          "wing": [
            ""
          ]
        }
      ],
      "spectator_points": [
        []
      ]
    }
  ],
  "objLayers": [
    []
  ],
  "selected_tag": [
    ""
  ],
  "triggers": [
    {
      "isCategory": [
        true
      ],
      "is_enabled": [
        true
      ]
    }
  ],
  "units": [
    []
  ],
  "variables": [
    []
  ],
  "wayPoints": [
    []
  ]
}