{
  "airfields": [],
  "areas": {
    "bdt_t1_bomb_zone_01": {
      "objLayer": 0,
      "props": [],
      "tm": [
        [427.574,0.0,140.289],
        [0.0,450.0,0.0],
        [-140.289,0.0,427.574],
        [5092.77,16.8792,9812.89]
      ],
      "type": "Sphere"
    },
    "bdt_t1_bomb_zone_01_aaa_point_01": {
      "objLayer": 0,
      "props": [],
      "tm": [
        [0.613937,0.0,0.789355],
        [0.0,1.0,0.0],
        [-0.789355,0.0,0.613937],
        [5241.93,16.8787,10019.4]
      ],
      "type": "Point"
    },
    "bdt_t1_bomb_zone_01_aaa_point_02": {
      "objLayer": 0,
      "props": [],
      "tm": [
        [0.613937,0.0,0.789355],
        [0.0,1.0,0.0],
        [-0.789355,0.0,0.613937],
        [4893.7,16.8798,9656.5]
      ],
      "type": "Point"
    },
    "bdt_t1_bomb_zone_01_aaa_point_03": {
      "objLayer": 0,
      "props": [],
      "tm": [
        [0.613937,0.0,0.789355],
        [0.0,1.0,0.0],
        [-0.789355,0.0,0.613937],
        [5257.56,16.8793,9647.82]
      ],
      "type": "Point"
    },
    "bdt_t1_bomb_zone_01_aaa_point_04": {
      "objLayer": 0,
      "props": [],
      "tm": [
        [0.613937,0.0,0.789355],
        [0.0,1.0,0.0],
        [-0.789355,0.0,0.613937],
        [5042.81,16.8797,9569.7]
      ],
      "type": "Point"
    },
    "bdt_t1_bomb_zone_02": {
      "objLayer": 0,
      "props": [],
      "tm": [
        [300.145,0.0,335.281],
        [0.0,450.0,0.0],
        [-335.281,0.0,300.145],
        [7736.76,16.8834,5353.61]
      ],
      "type": "Sphere"
    },
    "bdt_t1_bomb_zone_02_aaa_point_01": {
      "objLayer": 0,
      "props": [],
      "tm": [
        [0.613937,0.0,0.789355],
        [0.0,1.0,0.0],
        [-0.789355,0.0,0.613937],
        [7716.35,-69.6954,5623.25]
      ],
      "type": "Point"
    },
    "bdt_t1_bomb_zone_02_aaa_point_02": {
      "objLayer": 0,
      "props": [],
      "tm": [
        [0.613937,0.0,0.789355],
        [0.0,1.0,0.0],
        [-0.789355,0.0,0.613937],
        [7487.2,-26.4054,5445.1]
      ],
      "type": "Point"
    },
    "bdt_t1_bomb_zone_02_aaa_point_03": {
      "objLayer": 0,
      "props": [],
      "tm": [
        [0.613937,0.0,0.789355],
        [0.0,1.0,0.0],
        [-0.789355,0.0,0.613937],
        [8049.33,138.382,5029.17]
      ],
      "type": "Point"
    },
    "bdt_t1_bomb_zone_02_aaa_point_04": {
      "objLayer": 0,
      "props": [],
      "tm": [
        [0.613937,0.0,0.789355],
        [0.0,1.0,0.0],
        [-0.789355,0.0,0.613937],
        [7507.25,-32.8615,5117.67]
      ],
      "type": "Point"
    },
    "bdt_t1_bomb_zone_03": {
      "objLayer": 0,
      "props": [],
      "tm": [
        [322.075,0.0,314.272],
        [0.0,450.0,0.0],
        [-314.272,0.0,322.075],
        [7855.06,46.5986,-836.513]
      ],
      "type": "Sphere"
    },
    "bdt_t1_bomb_zone_03_aaa_point_01": {
      "objLayer": 0,
      "props": [],
      "tm": [
        [0.697695,0.0,0.716394],
        [0.0,1.0,0.0],
        [-0.716394,0.0,0.697695],
        [7880.04,56.2706,-1143.24]
      ],
      "type": "Point"
    },
    "bdt_t1_bomb_zone_03_aaa_point_02": {
      "objLayer": 0,
      "props": [],
      "tm": [
        [0.697695,0.0,0.716394],
        [0.0,1.0,0.0],
        [-0.716394,0.0,0.697695],
        [7820.71,51.6546,-596.814]
      ],
      "type": "Point"
    },
    "bdt_t1_bomb_zone_03_aaa_point_03": {
      "objLayer": 0,
      "props": [],
      "tm": [
        [0.697695,0.0,0.716394],
        [0.0,1.0,0.0],
        [-0.716394,0.0,0.697695],
        [7583.25,87.9286,-745.024]
      ],
      "type": "Point"
    },
    "bdt_t1_bomb_zone_03_aaa_point_04": {
      "objLayer": 0,
      "props": [],
      "tm": [
        [0.697695,0.0,0.716394],
        [0.0,1.0,0.0],
        [-0.716394,0.0,0.697695],
        [8115.69,51.8756,-824.804]
      ],
      "type": "Point"
    },
    "bdt_t1_bomb_zone_04": {
      "objLayer": 0,
      "props": [],
      "tm": [
        [322.075,0.0,314.272],
        [0.0,450.0,0.0],
        [-314.272,0.0,322.075],
        [6300.32,50.7606,-4173.35]
      ],
      "type": "Sphere"
    },
    "bdt_t1_bomb_zone_04_aaa_point_01": {
      "objLayer": 0,
      "props": [],
      "tm": [
        [0.697695,0.0,0.716394],
        [0.0,1.0,0.0],
        [-0.716394,0.0,0.697695],
        [6596.65,51.9664,-4061.22]
      ],
      "type": "Point"
    },
    "bdt_t1_bomb_zone_04_aaa_point_02": {
      "objLayer": 0,
      "props": [],
      "tm": [
        [0.697695,0.0,0.716394],
        [0.0,1.0,0.0],
        [-0.716394,0.0,0.697695],
        [6307.86,52.4169,-3920.73]
      ],
      "type": "Point"
    },
    "bdt_t1_bomb_zone_04_aaa_point_03": {
      "objLayer": 0,
      "props": [],
      "tm": [
        [0.697695,0.0,0.716394],
        [0.0,1.0,0.0],
        [-0.716394,0.0,0.697695],
        [6504.46,51.4883,-4380.58]
      ],
      "type": "Point"
    },
    "bdt_t1_bomb_zone_04_aaa_point_04": {
      "objLayer": 0,
      "props": [],
      "tm": [
        [0.697695,0.0,0.716394],
        [0.0,1.0,0.0],
        [-0.716394,0.0,0.697695],
        [5996.27,51.149,-4095.42]
      ],
      "type": "Point"
    },
    "bdt_t1_bomb_zone_05": {
      "objLayer": 0,
      "props": [],
      "tm": [
        [322.075,0.0,314.272],
        [0.0,450.0,0.0],
        [-314.272,0.0,322.075],
        [7886.36,87.6707,-5146.32]
      ],
      "type": "Sphere"
    },
    "bdt_t1_bomb_zone_05_aaa_point_01": {
      "objLayer": 0,
      "props": [],
      "tm": [
        [0.697695,0.0,0.716394],
        [0.0,1.0,0.0],
        [-0.716394,0.0,0.697695],
        [7679.49,79.1555,-5326.04]
      ],
      "type": "Point"
    },
    "bdt_t1_bomb_zone_05_aaa_point_02": {
      "objLayer": 0,
      "props": [],
      "tm": [
        [0.697695,0.0,0.716394],
        [0.0,1.0,0.0],
        [-0.716394,0.0,0.697695],
        [7865.14,97.9832,-5300.29]
      ],
      "type": "Point"
    },
    "bdt_t1_bomb_zone_05_aaa_point_03": {
      "objLayer": 0,
      "props": [],
      "tm": [
        [0.697695,0.0,0.716394],
        [0.0,1.0,0.0],
        [-0.716394,0.0,0.697695],
        [8110.57,83.8644,-4965.99]
      ],
      "type": "Point"
    },
    "bdt_t1_bomb_zone_05_aaa_point_04": {
      "objLayer": 0,
      "props": [],
      "tm": [
        [0.697695,0.0,0.716394],
        [0.0,1.0,0.0],
        [-0.716394,0.0,0.697695],
        [7896.87,192.508,-4868.97]
      ],
      "type": "Point"
    },
    "bdt_t1_bomb_zone_06": {
      "objLayer": 0,
      "props": [],
      "tm": [
        [322.075,0.0,314.272],
        [0.0,450.0,0.0],
        [-314.272,0.0,322.075],
        [9349.2,58.1292,-1760.45]
      ],
      "type": "Sphere"
    },
    "bdt_t1_bomb_zone_06_aaa_point_01": {
      "objLayer": 0,
      "props": [],
      "tm": [
        [0.697695,0.0,0.716394],
        [0.0,1.0,0.0],
        [-0.716394,0.0,0.697695],
        [9427.92,28.3872,-2088.44]
      ],
      "type": "Point"
    },
    "bdt_t1_bomb_zone_06_aaa_point_02": {
      "objLayer": 0,
      "props": [],
      "tm": [
        [0.697695,0.0,0.716394],
        [0.0,1.0,0.0],
        [-0.716394,0.0,0.697695],
        [9170.7,53.2852,-2031.62]
      ],
      "type": "Point"
    },
    "bdt_t1_bomb_zone_06_aaa_point_03": {
      "objLayer": 0,
      "props": [],
      "tm": [
        [0.697695,0.0,0.716394],
        [0.0,1.0,0.0],
        [-0.716394,0.0,0.697695],
        [9134.91,120.835,-1537.62]
      ],
      "type": "Point"
    },
    "bdt_t1_bomb_zone_06_aaa_point_04": {
      "objLayer": 0,
      "props": [],
      "tm": [
        [0.697695,0.0,0.716394],
        [0.0,1.0,0.0],
        [-0.716394,0.0,0.697695],
        [9629.34,117.598,-1659.73]
      ],
      "type": "Point"
    },
    "bdt_t1_bomb_zone_07": {
      "objLayer": 0,
      "props": [],
      "tm": [
        [322.075,0.0,314.272],
        [0.0,450.0,0.0],
        [-314.272,0.0,322.075],
        [9302.58,53.6104,396.2]
      ],
      "type": "Sphere"
    },
    "bdt_t1_bomb_zone_07_aaa_point_01": {
      "objLayer": 0,
      "props": [],
      "tm": [
        [0.697695,0.0,0.716394],
        [0.0,1.0,0.0],
        [-0.716394,0.0,0.697695],
        [9219.42,19.1454,685.763]
      ],
      "type": "Point"
    },
    "bdt_t1_bomb_zone_07_aaa_point_02": {
      "objLayer": 0,
      "props": [],
      "tm": [
        [0.697695,0.0,0.716394],
        [0.0,1.0,0.0],
        [-0.716394,0.0,0.697695],
        [9394.38,85.7751,59.6509]
      ],
      "type": "Point"
    },
    "bdt_t1_bomb_zone_07_aaa_point_03": {
      "objLayer": 0,
      "props": [],
      "tm": [
        [0.697695,0.0,0.716394],
        [0.0,1.0,0.0],
        [-0.716394,0.0,0.697695],
        [9622.01,75.6241,500.484]
      ],
      "type": "Point"
    },
    "bdt_t1_bomb_zone_07_aaa_point_04": {
      "objLayer": 0,
      "props": [],
      "tm": [
        [0.697695,0.0,0.716394],
        [0.0,1.0,0.0],
        [-0.716394,0.0,0.697695],
        [8915.71,62.6313,504.466]
      ],
      "type": "Point"
    },
    "bdt_t1_bomb_zone_08": {
      "objLayer": 0,
      "props": [],
      "tm": [
        [427.574,0.0,140.289],
        [0.0,450.0,0.0],
        [-140.289,0.0,427.574],
        [3847.19,16.8793,9468.1]
      ],
      "type": "Sphere"
    },
    "bdt_t1_bomb_zone_08_aaa_point_01": {
      "objLayer": 0,
      "props": [],
      "tm": [
        [0.613937,0.0,0.789355],
        [0.0,1.0,0.0],
        [-0.789355,0.0,0.613937],
        [3562.08,16.8788,9591.72]
      ],
      "type": "Point"
    },
    "bdt_t1_bomb_zone_08_aaa_point_02": {
      "objLayer": 0,
      "props": [],
      "tm": [
        [0.613937,0.0,0.789355],
        [0.0,1.0,0.0],
        [-0.789355,0.0,0.613937],
        [3762.03,16.8794,9174.26]
      ],
      "type": "Point"
    },
    "bdt_t1_bomb_zone_08_aaa_point_03": {
      "objLayer": 0,
      "props": [],
      "tm": [
        [0.613937,0.0,0.789355],
        [0.0,1.0,0.0],
        [-0.789355,0.0,0.613937],
        [4163.08,16.88,9299.95]
      ],
      "type": "Point"
    },
    "bdt_t1_bomb_zone_08_aaa_point_04": {
      "objLayer": 0,
      "props": [],
      "tm": [
        [0.613937,0.0,0.789355],
        [0.0,1.0,0.0],
        [-0.789355,0.0,0.613937],
        [4009.64,16.8794,9686.45]
      ],
      "type": "Point"
    },
    "bdt_t1_bomb_zone_09": {
      "objLayer": 0,
      "props": [],
      "tm": [
        [427.574,0.0,140.289],
        [0.0,450.0,0.0],
        [-140.289,0.0,427.574],
        [5295.4,16.8834,6769.08]
      ],
      "type": "Sphere"
    },
    "bdt_t1_bomb_zone_09_aaa_point_01": {
      "objLayer": 0,
      "props": [],
      "tm": [
        [0.613937,0.0,0.789355],
        [0.0,1.0,0.0],
        [-0.789355,0.0,0.613937],
        [4959.21,16.8831,6472.98]
      ],
      "type": "Point"
    },
    "bdt_t1_bomb_zone_09_aaa_point_02": {
      "objLayer": 0,
      "props": [],
      "tm": [
        [0.613937,0.0,0.789355],
        [0.0,1.0,0.0],
        [-0.789355,0.0,0.613937],
        [5445.71,16.8839,6387.29]
      ],
      "type": "Point"
    },
    "bdt_t1_bomb_zone_09_aaa_point_03": {
      "objLayer": 0,
      "props": [],
      "tm": [
        [0.613937,0.0,0.789355],
        [0.0,1.0,0.0],
        [-0.789355,0.0,0.613937],
        [4821.73,16.8824,7057.66]
      ],
      "type": "Point"
    },
    "bdt_t1_bomb_zone_09_aaa_point_04": {
      "objLayer": 0,
      "props": [],
      "tm": [
        [0.613937,0.0,0.789355],
        [0.0,1.0,0.0],
        [-0.789355,0.0,0.613937],
        [5699.38,16.8838,6765.09]
      ],
      "type": "Point"
    },
    "bdt_t1_bomb_zone_10": {
      "objLayer": 0,
      "props": [],
      "tm": [
        [427.574,0.0,140.289],
        [0.0,450.0,0.0],
        [-140.289,0.0,427.574],
        [9087.88,16.8822,4990.44]
      ],
      "type": "Sphere"
    },
    "bdt_t1_bomb_zone_10_aaa_point_01": {
      "objLayer": 0,
      "props": [],
      "tm": [
        [0.613937,0.0,0.789355],
        [0.0,1.0,0.0],
        [-0.789355,0.0,0.613937],
        [8891.94,73.3538,4677.19]
      ],
      "type": "Point"
    },
    "bdt_t1_bomb_zone_10_aaa_point_02": {
      "objLayer": 0,
      "props": [],
      "tm": [
        [0.613937,0.0,0.789355],
        [0.0,1.0,0.0],
        [-0.789355,0.0,0.613937],
        [8708.25,41.0009,5222.2]
      ],
      "type": "Point"
    },
    "bdt_t1_bomb_zone_10_aaa_point_03": {
      "objLayer": 0,
      "props": [],
      "tm": [
        [0.613937,0.0,0.789355],
        [0.0,1.0,0.0],
        [-0.789355,0.0,0.613937],
        [9316.16,50.4508,4857.38]
      ],
      "type": "Point"
    },
    "bdt_t1_bomb_zone_10_aaa_point_04": {
      "objLayer": 0,
      "props": [],
      "tm": [
        [0.613937,0.0,0.789355],
        [0.0,1.0,0.0],
        [-0.789355,0.0,0.613937],
        [9287.9,61.5388,5240.91]
      ],
      "type": "Point"
    },
    "bdt_t2_bomb_zone_01": {
      "objLayer": 0,
      "props": [],
      "tm": [
        [446.364,0.0,-57.0946],
        [0.0,450.0,0.0],
        [57.0946,0.0,446.364],
        [-8407.5,57.0408,609.076]
      ],
      "type": "Sphere"
    },
    "bdt_t2_bomb_zone_01_aaa_point_01": {
      "objLayer": 0,
      "props": [],
      "tm": [
        [0.893596,0.0,0.448868],
        [0.0,1.0,0.0],
        [-0.448868,0.0,0.893596],
        [-8283.03,41.3558,421.115]
      ],
      "type": "Point"
    },
    "bdt_t2_bomb_zone_01_aaa_point_02": {
      "objLayer": 0,
      "props": [],
      "tm": [
        [0.893596,0.0,0.448868],
        [0.0,1.0,0.0],
        [-0.448868,0.0,0.893596],
        [-8645.67,52.4958,778.453]
      ],
      "type": "Point"
    },
    "bdt_t2_bomb_zone_01_aaa_point_03": {
      "objLayer": 0,
      "props": [],
      "tm": [
        [0.893596,0.0,0.448868],
        [0.0,1.0,0.0],
        [-0.448868,0.0,0.893596],
        [-8543.16,44.9388,838.943]
      ],
      "type": "Point"
    },
    "bdt_t2_bomb_zone_01_aaa_point_04": {
      "objLayer": 0,
      "props": [],
      "tm": [
        [0.893596,0.0,0.448868],
        [0.0,1.0,0.0],
        [-0.448868,0.0,0.893596],
        [-8209.86,45.7548,1032.69]
      ],
      "type": "Point"
    },
    "bdt_t2_bomb_zone_02": {
      "objLayer": 0,
      "props": [],
      "tm": [
        [449.943,0.0,-7.23696],
        [0.0,450.0,0.0],
        [7.23696,0.0,449.943],
        [-2370.41,63.3233,-7920.66]
      ],
      "type": "Sphere"
    },
    "bdt_t2_bomb_zone_02_aaa_point_01": {
      "objLayer": 0,
      "props": [],
      "tm": [
        [0.838299,0.0,0.545207],
        [0.0,1.0,0.0],
        [-0.545207,0.0,0.838299],
        [-2455.52,65.7696,-8154.22]
      ],
      "type": "Point"
    },
    "bdt_t2_bomb_zone_02_aaa_point_02": {
      "objLayer": 0,
      "props": [],
      "tm": [
        [0.838299,0.0,0.545207],
        [0.0,1.0,0.0],
        [-0.545207,0.0,0.838299],
        [-2490.66,63.2892,-7616.25]
      ],
      "type": "Point"
    },
    "bdt_t2_bomb_zone_02_aaa_point_03": {
      "objLayer": 0,
      "props": [],
      "tm": [
        [0.838299,0.0,0.545207],
        [0.0,1.0,0.0],
        [-0.545207,0.0,0.838299],
        [-2645.78,61.7178,-7969.11]
      ],
      "type": "Point"
    },
    "bdt_t2_bomb_zone_02_aaa_point_04": {
      "objLayer": 0,
      "props": [],
      "tm": [
        [0.838299,0.0,0.545207],
        [0.0,1.0,0.0],
        [-0.545207,0.0,0.838299],
        [-2159.63,62.1204,-7830.25]
      ],
      "type": "Point"
    },
    "bdt_t2_bomb_zone_03": {
      "objLayer": 0,
      "props": [],
      "tm": [
        [214.18,0.0,395.761],
        [0.0,450.0,0.0],
        [-395.761,0.0,214.18],
        [-694.785,53.8212,-8583.69]
      ],
      "type": "Sphere"
    },
    "bdt_t2_bomb_zone_03_aaa_point_01": {
      "objLayer": 0,
      "props": [],
      "tm": [
        [0.838299,0.0,0.545207],
        [0.0,1.0,0.0],
        [-0.545207,0.0,0.838299],
        [-248.115,63.9784,-8658.08]
      ],
      "type": "Point"
    },
    "bdt_t2_bomb_zone_03_aaa_point_02": {
      "objLayer": 0,
      "props": [],
      "tm": [
        [0.838299,0.0,0.545207],
        [0.0,1.0,0.0],
        [-0.545207,0.0,0.838299],
        [-750.083,52.3826,-8296.39]
      ],
      "type": "Point"
    },
    "bdt_t2_bomb_zone_03_aaa_point_03": {
      "objLayer": 0,
      "props": [],
      "tm": [
        [0.838299,0.0,0.545207],
        [0.0,1.0,0.0],
        [-0.545207,0.0,0.838299],
        [-997.432,51.3972,-8478.72]
      ],
      "type": "Point"
    },
    "bdt_t2_bomb_zone_03_aaa_point_04": {
      "objLayer": 0,
      "props": [],
      "tm": [
        [0.838299,0.0,0.545207],
        [0.0,1.0,0.0],
        [-0.545207,0.0,0.838299],
        [-708.67,57.1009,-8883.38]
      ],
      "type": "Point"
    },
    "bdt_t2_bomb_zone_04": {
      "objLayer": 0,
      "props": [],
      "tm": [
        [398.387,0.0,209.254],
        [0.0,450.0,0.0],
        [-209.254,0.0,398.387],
        [-6915.25,16.897,4841.74]
      ],
      "type": "Sphere"
    },
    "bdt_t2_bomb_zone_04_aaa_point_01": {
      "objLayer": 0,
      "props": [],
      "tm": [
        [0.893596,0.0,0.448868],
        [0.0,1.0,0.0],
        [-0.448868,0.0,0.893596],
        [-6804.97,92.955,5155.23]
      ],
      "type": "Point"
    },
    "bdt_t2_bomb_zone_04_aaa_point_02": {
      "objLayer": 0,
      "props": [],
      "tm": [
        [0.893596,0.0,0.448868],
        [0.0,1.0,0.0],
        [-0.448868,0.0,0.893596],
        [-7203.96,91.121,4930.76]
      ],
      "type": "Point"
    },
    "bdt_t2_bomb_zone_04_aaa_point_03": {
      "objLayer": 0,
      "props": [],
      "tm": [
        [0.893596,0.0,0.448868],
        [0.0,1.0,0.0],
        [-0.448868,0.0,0.893596],
        [-6702.79,92.529,4680.74]
      ],
      "type": "Point"
    },
    "bdt_t2_bomb_zone_04_aaa_point_04": {
      "objLayer": 0,
      "props": [],
      "tm": [
        [0.893596,0.0,0.448868],
        [0.0,1.0,0.0],
        [-0.448868,0.0,0.893596],
        [-6931.71,91.726,4595.4]
      ],
      "type": "Point"
    },
    "bdt_t2_bomb_zone_05": {
      "objLayer": 0,
      "props": [],
      "tm": [
        [398.387,0.0,209.254],
        [0.0,450.0,0.0],
        [-209.254,0.0,398.387],
        [-7474.42,16.8784,5943.47]
      ],
      "type": "Sphere"
    },
    "bdt_t2_bomb_zone_05_aaa_point_01": {
      "objLayer": 0,
      "props": [],
      "tm": [
        [0.893596,0.0,0.448868],
        [0.0,1.0,0.0],
        [-0.448868,0.0,0.893596],
        [-7398.31,83.3585,5604.87]
      ],
      "type": "Point"
    },
    "bdt_t2_bomb_zone_05_aaa_point_02": {
      "objLayer": 0,
      "props": [],
      "tm": [
        [0.893596,0.0,0.448868],
        [0.0,1.0,0.0],
        [-0.448868,0.0,0.893596],
        [-7296.05,83.7484,6273.76]
      ],
      "type": "Point"
    },
    "bdt_t2_bomb_zone_05_aaa_point_03": {
      "objLayer": 0,
      "props": [],
      "tm": [
        [0.893596,0.0,0.448868],
        [0.0,1.0,0.0],
        [-0.448868,0.0,0.893596],
        [-7501.56,83.3154,6288.11]
      ],
      "type": "Point"
    },
    "bdt_t2_bomb_zone_05_aaa_point_04": {
      "objLayer": 0,
      "props": [],
      "tm": [
        [0.893596,0.0,0.448868],
        [0.0,1.0,0.0],
        [-0.448868,0.0,0.893596],
        [-7783.18,82.7764,5837.69]
      ],
      "type": "Point"
    },
    "bdt_t2_bomb_zone_06": {
      "objLayer": 0,
      "props": [],
      "tm": [
        [253.596,0.0,371.738],
        [0.0,450.0,0.0],
        [-371.738,0.0,253.596],
        [-8823.64,84.9143,3409.63]
      ],
      "type": "Sphere"
    },
    "bdt_t2_bomb_zone_06_aaa_point_01": {
      "objLayer": 0,
      "props": [],
      "tm": [
        [0.578445,0.0,0.815724],
        [0.0,1.0,0.0],
        [-0.815724,0.0,0.578445],
        [-8979.8,45.4333,3103.02]
      ],
      "type": "Point"
    },
    "bdt_t2_bomb_zone_06_aaa_point_02": {
      "objLayer": 0,
      "props": [],
      "tm": [
        [0.578445,0.0,0.815724],
        [0.0,1.0,0.0],
        [-0.815724,0.0,0.578445],
        [-8849.1,36.1693,3856.59]
      ],
      "type": "Point"
    },
    "bdt_t2_bomb_zone_06_aaa_point_03": {
      "objLayer": 0,
      "props": [],
      "tm": [
        [0.578445,0.0,0.815724],
        [0.0,1.0,0.0],
        [-0.815724,0.0,0.578445],
        [-8567.72,39.2233,3691.61]
      ],
      "type": "Point"
    },
    "bdt_t2_bomb_zone_06_aaa_point_04": {
      "objLayer": 0,
      "props": [],
      "tm": [
        [0.578445,0.0,0.815724],
        [0.0,1.0,0.0],
        [-0.815724,0.0,0.578445],
        [-8279.94,57.3643,3341.53]
      ],
      "type": "Point"
    },
    "bdt_t2_bomb_zone_07": {
      "objLayer": 0,
      "props": [],
      "tm": [
        [398.387,0.0,209.254],
        [0.0,450.0,0.0],
        [-209.254,0.0,398.387],
        [-9863.83,56.8844,579.851]
      ],
      "type": "Sphere"
    },
    "bdt_t2_bomb_zone_07_aaa_point_01": {
      "objLayer": 0,
      "props": [],
      "tm": [
        [0.893596,0.0,0.448868],
        [0.0,1.0,0.0],
        [-0.448868,0.0,0.893596],
        [-9754.92,29.5492,168.172]
      ],
      "type": "Point"
    },
    "bdt_t2_bomb_zone_07_aaa_point_02": {
      "objLayer": 0,
      "props": [],
      "tm": [
        [0.893596,0.0,0.448868],
        [0.0,1.0,0.0],
        [-0.448868,0.0,0.893596],
        [-9691.37,66.1082,971.252]
      ],
      "type": "Point"
    },
    "bdt_t2_bomb_zone_07_aaa_point_03": {
      "objLayer": 0,
      "props": [],
      "tm": [
        [0.893596,0.0,0.448868],
        [0.0,1.0,0.0],
        [-0.448868,0.0,0.893596],
        [-10169.7,41.3702,917.112]
      ],
      "type": "Point"
    },
    "bdt_t2_bomb_zone_07_aaa_point_04": {
      "objLayer": 0,
      "props": [],
      "tm": [
        [0.893596,0.0,0.448868],
        [0.0,1.0,0.0],
        [-0.448868,0.0,0.893596],
        [-10124.7,64.0511,272.901]
      ],
      "type": "Point"
    },
    "bdt_t2_bomb_zone_08": {
      "objLayer": 0,
      "props": [],
      "tm": [
        [214.18,0.0,395.761],
        [0.0,450.0,0.0],
        [-395.761,0.0,214.18],
        [1003.75,38.1639,-9201.83]
      ],
      "type": "Sphere"
    },
    "bdt_t2_bomb_zone_08_aaa_point_01": {
      "objLayer": 0,
      "props": [],
      "tm": [
        [0.838299,0.0,0.545207],
        [0.0,1.0,0.0],
        [-0.545207,0.0,0.838299],
        [1213.21,36.5494,-9121.5]
      ],
      "type": "Point"
    },
    "bdt_t2_bomb_zone_08_aaa_point_02": {
      "objLayer": 0,
      "props": [],
      "tm": [
        [0.838299,0.0,0.545207],
        [0.0,1.0,0.0],
        [-0.545207,0.0,0.838299],
        [816.378,37.807,-9480.61]
      ],
      "type": "Point"
    },
    "bdt_t2_bomb_zone_08_aaa_point_03": {
      "objLayer": 0,
      "props": [],
      "tm": [
        [0.838299,0.0,0.545207],
        [0.0,1.0,0.0],
        [-0.545207,0.0,0.838299],
        [817.12,48.6294,-8929.56]
      ],
      "type": "Point"
    },
    "bdt_t2_bomb_zone_08_aaa_point_04": {
      "objLayer": 0,
      "props": [],
      "tm": [
        [0.838299,0.0,0.545207],
        [0.0,1.0,0.0],
        [-0.545207,0.0,0.838299],
        [669.713,44.9847,-9258.58]
      ],
      "type": "Point"
    },
    "bdt_t2_bomb_zone_09": {
      "objLayer": 0,
      "props": [],
      "tm": [
        [214.18,0.0,395.761],
        [0.0,450.0,0.0],
        [-395.761,0.0,214.18],
        [-3317.27,64.6051,-9211.13]
      ],
      "type": "Sphere"
    },
    "bdt_t2_bomb_zone_09_aaa_point_01": {
      "objLayer": 0,
      "props": [],
      "tm": [
        [0.838299,0.0,0.545207],
        [0.0,1.0,0.0],
        [-0.545207,0.0,0.838299],
        [-2951.59,65.2053,-9361.45]
      ],
      "type": "Point"
    },
    "bdt_t2_bomb_zone_09_aaa_point_02": {
      "objLayer": 0,
      "props": [],
      "tm": [
        [0.838299,0.0,0.545207],
        [0.0,1.0,0.0],
        [-0.545207,0.0,0.838299],
        [-3603.65,60.1407,-9290.57]
      ],
      "type": "Point"
    },
    "bdt_t2_bomb_zone_09_aaa_point_03": {
      "objLayer": 0,
      "props": [],
      "tm": [
        [0.838299,0.0,0.545207],
        [0.0,1.0,0.0],
        [-0.545207,0.0,0.838299],
        [-3389.55,56.2499,-8955.27]
      ],
      "type": "Point"
    },
    "bdt_t2_bomb_zone_09_aaa_point_04": {
      "objLayer": 0,
      "props": [],
      "tm": [
        [0.838299,0.0,0.545207],
        [0.0,1.0,0.0],
        [-0.545207,0.0,0.838299],
        [-3236.51,62.1358,-9609.62]
      ],
      "type": "Point"
    },
    "bdt_t2_bomb_zone_10": {
      "objLayer": 0,
      "props": [],
      "tm": [
        [214.18,0.0,395.761],
        [0.0,450.0,0.0],
        [-395.761,0.0,214.18],
        [-4421.43,48.5252,-7684.04]
      ],
      "type": "Sphere"
    },
    "bdt_t2_bomb_zone_10_aaa_point_01": {
      "objLayer": 0,
      "props": [],
      "tm": [
        [0.838299,0.0,0.545207],
        [0.0,1.0,0.0],
        [-0.545207,0.0,0.838299],
        [-4178.42,49.276,-7607.21]
      ],
      "type": "Point"
    },
    "bdt_t2_bomb_zone_10_aaa_point_02": {
      "objLayer": 0,
      "props": [],
      "tm": [
        [0.838299,0.0,0.545207],
        [0.0,1.0,0.0],
        [-0.545207,0.0,0.838299],
        [-4285.57,-184.912,-7353.55]
      ],
      "type": "Point"
    },
    "bdt_t2_bomb_zone_10_aaa_point_03": {
      "objLayer": 0,
      "props": [],
      "tm": [
        [0.838299,0.0,0.545207],
        [0.0,1.0,0.0],
        [-0.545207,0.0,0.838299],
        [-4610.89,356.473,-7949.11]
      ],
      "type": "Point"
    },
    "bdt_t2_bomb_zone_10_aaa_point_04": {
      "objLayer": 0,
      "props": [],
      "tm": [
        [0.838299,0.0,0.545207],
        [0.0,1.0,0.0],
        [-0.545207,0.0,0.838299],
        [-4751.91,-84.0998,-7554.95]
      ],
      "type": "Point"
    },
    "bomb_zones_area": {
      "objLayer": 3,
      "props": [],
      "tm": [
        [17493.9,0.0,-4237.71],
        [0.0,18000.0,0.0],
        [4237.71,0.0,17493.9],
        [0.0,369.01,0.0]
      ],
      "type": "Sphere"
    }
  },
  "bin_dump_file": "",
  "dialogs": [],
  "effects": [],
  "imports": {
    "import_record": {
      "excludes": [],
      "file": "gameData/missions/templates/air_templates/jip/air_bdt_bases_destroy_template.blk",
      "importAreas": true,
      "importMissionObjectives": true,
      "importTriggers": true,
      "importUnits": true,
      "importWayPoints": true,
      "showAreas": true,
      "showMissionObjectives": true,
      "showTriggers": true,
      "showUnits": true,
      "showWayPoints": true
    }
  },
  "mission_objectives": {
    "isCategory": true,
    "is_enabled": true
  },
  "mission_settings": {
    "mission": {
      "environment": "Day",
      "level": "levels/air_smolensk.bin",
      "optionalTakeOff": false,
      "restoreType": "attempts",
      "type": "domination",
      "weather": "hazy"
    },
    "player": {
      "army": 1
    },
    "player_teamB": {
      "army": 2
    }
  },
  "objLayers": [
    {
      "layer": {
        "enabled": true
      }
    },
    {
      "layer": {
        "enabled": true
      }
    },
    {
      "layer": {
        "enabled": true
      }
    },
    {
      "layer": {
        "enabled": false
      }
    },
    {
      "layer": {
        "enabled": false
      }
    }
  ],
  "selected_tag": "",
  "triggers": {
    "isCategory": true,
    "is_enabled": true
  },
  "units": [
    {
      "objectGroups": {
        "name": "bdt_t2_bomb_object_01",
        "objLayer": 2,
        "props": {
          "active": true,
          "army": 2
        },
        "tm": [
          [0.991917,0.0,-0.126878],
          [0.0,1.0,0.0],
          [0.126878,0.0,0.991917],
          [-8404.18,69.6938,615.428]
        ],
        "unit_class": "dynBase_hq_camp_square"
      }
    },
    {
      "objectGroups": {
        "name": "bdt_t2_bomb_object_02",
        "objLayer": 2,
        "props": {
          "active": true,
          "army": 2
        },
        "tm": [
          [0.726319,0.0,-0.687361],
          [0.0,1.0,0.0],
          [0.687361,0.0,0.726319],
          [-2380.21,64.0591,-7939.96]
        ],
        "unit_class": "dynBase_fuel_storage_square"
      }
    },
    {
      "objectGroups": {
        "name": "bdt_t2_bomb_object_03",
        "objLayer": 2,
        "props": {
          "active": true,
          "army": 2
        },
        "tm": [
          [0.475953,0.0,0.879472],
          [0.0,1.0,0.0],
          [-0.879472,0.0,0.475953],
          [-685.02,53.9042,-8583.01]
        ],
        "unit_class": "dynBase_oil_storage_small_square"
      }
    },
    {
      "objectGroups": {
        "name": "bdt_t1_bomb_object_01",
        "objLayer": 2,
        "props": {
          "active": true,
          "army": 1
        },
        "tm": [
          [0.950161,0.0,0.311754],
          [0.0,1.0,0.0],
          [-0.311754,0.0,0.950161],
          [5081.99,16.8793,9806.12]
        ],
        "unit_class": "dynBase_fuel_storage_square"
      }
    },
    {
      "objectGroups": {
        "name": "bdt_t1_bomb_object_02",
        "objLayer": 2,
        "props": {
          "active": false,
          "army": 1
        },
        "tm": [
          [0.489914,0.0,0.871769],
          [0.0,1.0,0.0],
          [-0.871769,0.0,0.489914],
          [7735.45,16.8834,5349.03]
        ],
        "unit_class": "dynBase_oil_storage_small_square"
      }
    },
    {
      "objectGroups": {
        "name": "bdt_t1_bomb_object_03",
        "objLayer": 2,
        "props": {
          "active": false,
          "army": 1
        },
        "tm": [
          [0.396127,0.0,0.918196],
          [0.0,1.0,0.0],
          [-0.918196,0.0,0.396127],
          [7851.4,53.5686,-840.887]
        ],
        "unit_class": "dynBase_oil_storage_small_square"
      }
    },
    {
      "objectGroups": {
        "name": "bdt_t2_bomb_object_04",
        "objLayer": 2,
        "props": {
          "active": true,
          "army": 2
        },
        "tm": [
          [0.885305,0.0,0.46501],
          [0.0,1.0,0.0],
          [-0.46501,0.0,0.885305],
          [-6922.93,16.8965,4839.83]
        ],
        "unit_class": "dynBase_ammunition_storage_square"
      }
    },
    {
      "objectGroups": {
        "name": "bdt_t1_bomb_object_04",
        "objLayer": 2,
        "props": {
          "active": false,
          "army": 1
        },
        "tm": [
          [0.692442,0.0,0.721474],
          [0.0,1.0,0.0],
          [-0.721474,0.0,0.692442],
          [6304.15,50.7334,-4177.67]
        ],
        "unit_class": "dynBase_field_camp_square"
      }
    },
    {
      "objectGroups": {
        "name": "bdt_t1_bomb_object_05",
        "objLayer": 2,
        "props": {
          "active": false,
          "army": 1
        },
        "tm": [
          [0.692442,0.0,0.721474],
          [0.0,1.0,0.0],
          [-0.721474,0.0,0.692442],
          [7890.28,87.8186,-5150.62]
        ],
        "unit_class": "dynBase_military_base_square"
      }
    },
    {
      "objectGroups": {
        "name": "bdt_t1_bomb_object_06",
        "objLayer": 2,
        "props": {
          "active": false,
          "army": 1
        },
        "tm": [
          [0.692442,0.0,0.721474],
          [0.0,1.0,0.0],
          [-0.721474,0.0,0.692442],
          [9353.01,57.5122,-1764.77]
        ],
        "unit_class": "dynBase_oil_storage_large_square"
      }
    },
    {
      "objectGroups": {
        "name": "bdt_t1_bomb_object_07",
        "objLayer": 2,
        "props": {
          "active": false,
          "army": 1
        },
        "tm": [
          [0.692442,0.0,0.721474],
          [0.0,1.0,0.0],
          [-0.721474,0.0,0.692442],
          [9306.45,54.3456,391.793]
        ],
        "unit_class": "dynBase_oil_storage_large_square"
      }
    },
    {
      "objectGroups": {
        "name": "bdt_t1_bomb_object_08",
        "objLayer": 2,
        "props": {
          "active": true,
          "army": 1
        },
        "tm": [
          [0.950161,0.0,0.311754],
          [0.0,1.0,0.0],
          [-0.311754,0.0,0.950161],
          [3836.42,16.8793,9461.33]
        ],
        "unit_class": "dynBase_ammunition_storage_square"
      }
    },
    {
      "objectGroups": {
        "name": "bdt_t1_bomb_object_09",
        "objLayer": 2,
        "props": {
          "active": true,
          "army": 1
        },
        "tm": [
          [0.950161,0.0,0.311754],
          [0.0,1.0,0.0],
          [-0.311754,0.0,0.950161],
          [5284.83,16.8834,6762.41]
        ],
        "unit_class": "dynBase_oil_storage_small_square"
      }
    },
    {
      "objectGroups": {
        "name": "bdt_t1_bomb_object_10",
        "objLayer": 2,
        "props": {
          "active": true,
          "army": 1
        },
        "tm": [
          [0.950161,0.0,0.311754],
          [0.0,1.0,0.0],
          [-0.311754,0.0,0.950161],
          [9077.12,16.8822,4983.67]
        ],
        "unit_class": "dynBase_military_base_square"
      }
    },
    {
      "objectGroups": {
        "name": "bdt_t2_bomb_object_05",
        "objLayer": 2,
        "props": {
          "active": true,
          "army": 2
        },
        "tm": [
          [0.885305,0.0,0.46501],
          [0.0,1.0,0.0],
          [-0.46501,0.0,0.885305],
          [-7481.97,16.8784,5941.71]
        ],
        "unit_class": "dynBase_oil_storage_small_square"
      }
    },
    {
      "objectGroups": {
        "name": "bdt_t2_bomb_object_06",
        "objLayer": 2,
        "props": {
          "active": true,
          "army": 2
        },
        "tm": [
          [0.563548,0.0,0.826084],
          [0.0,1.0,0.0],
          [-0.826084,0.0,0.563548],
          [-8829.68,84.7273,3404.41]
        ],
        "unit_class": "dynBase_military_base_square"
      }
    },
    {
      "objectGroups": {
        "name": "bdt_t2_bomb_object_07",
        "objLayer": 2,
        "props": {
          "active": true,
          "army": 2
        },
        "tm": [
          [0.885305,0.0,0.46501],
          [0.0,1.0,0.0],
          [-0.46501,0.0,0.885305],
          [-9871.58,68.9202,578.119]
        ],
        "unit_class": "dynBase_fuel_storage_square"
      }
    },
    {
      "objectGroups": {
        "name": "bdt_t2_bomb_object_08",
        "objLayer": 2,
        "props": {
          "active": true,
          "army": 2
        },
        "tm": [
          [0.475953,0.0,0.879472],
          [0.0,1.0,0.0],
          [-0.879472,0.0,0.475953],
          [1013.48,38.0863,-9201.28]
        ],
        "unit_class": "dynBase_ammunition_storage_square"
      }
    },
    {
      "objectGroups": {
        "name": "bdt_t2_bomb_object_09",
        "objLayer": 2,
        "props": {
          "active": true,
          "army": 2
        },
        "tm": [
          [0.475953,0.0,0.879472],
          [0.0,1.0,0.0],
          [-0.879472,0.0,0.475953],
          [-3307.37,64.6281,-9210.3]
        ],
        "unit_class": "dynBase_field_camp_square"
      }
    },
    {
      "objectGroups": {
        "name": "bdt_t2_bomb_object_10",
        "objLayer": 2,
        "props": {
          "active": true,
          "army": 2
        },
        "tm": [
          [0.475953,0.0,0.879472],
          [0.0,1.0,0.0],
          [-0.879472,0.0,0.475953],
          [-4411.87,44.9252,-7683.37]
        ],
        "unit_class": "dynBase_oil_storage_small_square"
      }
    },
    {
      "structures": {
        "applyAllMods": false,
        "bullets0": "",
        "bullets1": "",
        "bullets2": "",
        "bullets3": "",
        "bulletsCount0": 0,
        "bulletsCount1": 0,
        "bulletsCount2": 0,
        "bulletsCount3": 0,
        "closed_waypoints": false,
        "crewSkillK": 0.0,
        "isShipSpline": false,
        "name": "bdt_t2_bomb_zone_01_bomb_target",
        "objLayer": 2,
        "props": {
          "army": 2,
          "attack_type": "fire_at_will",
          "count": 1,
          "formation_div": 3,
          "formation_noise": [0.1,0.1],
          "formation_step": [2.5,2.0],
          "formation_type": "rows",
          "isDelayed": false,
          "setStealth": true,
          "stealthRadius": 0.0,
          "targetableByAi": false,
          "uniqueName": ""
        },
        "shipTurnRadius": 100.0,
        "tm": [
          [0.991917,0.0,-0.126878],
          [0.0,1.0,0.0],
          [0.126878,0.0,0.991917],
          [-8404.18,69.6938,615.428]
        ],
        "unit_class": "dummy_immortal",
        "way": [],
        "weapons": ""
      }
    },
    {
      "structures": {
        "applyAllMods": false,
        "bullets0": "",
        "bullets1": "",
        "bullets2": "",
        "bullets3": "",
        "bulletsCount0": 0,
        "bulletsCount1": 0,
        "bulletsCount2": 0,
        "bulletsCount3": 0,
        "closed_waypoints": false,
        "crewSkillK": 0.0,
        "isShipSpline": false,
        "name": "bdt_t2_bomb_zone_02_bomb_target",
        "objLayer": 2,
        "props": {
          "army": 2,
          "attack_type": "fire_at_will",
          "count": 1,
          "formation_div": 3,
          "formation_noise": [0.1,0.1],
          "formation_step": [2.5,2.0],
          "formation_type": "rows",
          "isDelayed": false,
          "setStealth": true,
          "stealthRadius": 0.0,
          "targetableByAi": false,
          "uniqueName": ""
        },
        "shipTurnRadius": 100.0,
        "tm": [
          [0.726319,0.0,-0.687361],
          [0.0,1.0,0.0],
          [0.687361,0.0,0.726319],
          [-2380.21,64.0591,-7939.96]
        ],
        "unit_class": "dummy_immortal",
        "way": [],
        "weapons": ""
      }
    },
    {
      "structures": {
        "applyAllMods": false,
        "bullets0": "",
        "bullets1": "",
        "bullets2": "",
        "bullets3": "",
        "bulletsCount0": 0,
        "bulletsCount1": 0,
        "bulletsCount2": 0,
        "bulletsCount3": 0,
        "closed_waypoints": false,
        "crewSkillK": 0.0,
        "isShipSpline": false,
        "name": "bdt_t2_bomb_zone_03_bomb_target",
        "objLayer": 2,
        "props": {
          "army": 2,
          "attack_type": "fire_at_will",
          "count": 1,
          "formation_div": 3,
          "formation_noise": [0.1,0.1],
          "formation_step": [2.5,2.0],
          "formation_type": "rows",
          "isDelayed": false,
          "setStealth": true,
          "stealthRadius": 0.0,
          "targetableByAi": false,
          "uniqueName": ""
        },
        "shipTurnRadius": 100.0,
        "tm": [
          [0.475953,0.0,0.879472],
          [0.0,1.0,0.0],
          [-0.879472,0.0,0.475953],
          [-685.02,53.9042,-8583.01]
        ],
        "unit_class": "dummy_immortal",
        "way": [],
        "weapons": ""
      }
    },
    {
      "structures": {
        "applyAllMods": false,
        "bullets0": "",
        "bullets1": "",
        "bullets2": "",
        "bullets3": "",
        "bulletsCount0": 0,
        "bulletsCount1": 0,
        "bulletsCount2": 0,
        "bulletsCount3": 0,
        "closed_waypoints": false,
        "crewSkillK": 0.0,
        "isShipSpline": false,
        "name": "bdt_t2_bomb_zone_04_bomb_target",
        "objLayer": 2,
        "props": {
          "army": 2,
          "attack_type": "fire_at_will",
          "count": 1,
          "formation_div": 3,
          "formation_noise": [0.1,0.1],
          "formation_step": [2.5,2.0],
          "formation_type": "rows",
          "isDelayed": false,
          "setStealth": true,
          "stealthRadius": 0.0,
          "targetableByAi": false,
          "uniqueName": ""
        },
        "shipTurnRadius": 100.0,
        "tm": [
          [0.885305,0.0,0.46501],
          [0.0,1.0,0.0],
          [-0.46501,0.0,0.885305],
          [-6922.93,16.8965,4839.83]
        ],
        "unit_class": "dummy_immortal",
        "way": [],
        "weapons": ""
      }
    },
    {
      "structures": {
        "applyAllMods": false,
        "bullets0": "",
        "bullets1": "",
        "bullets2": "",
        "bullets3": "",
        "bulletsCount0": 0,
        "bulletsCount1": 0,
        "bulletsCount2": 0,
