{
  "airfields": [
    []
  ],
  "areas": [
    {
      "bdt_border": [
        {
          "objLayer": [
            4
          ],
          "props": [
            []
          ],
          "tm": [
            [
              [120000.0,0.0,0.0],
              [0.0,161.742,0.0],
              [0.0,0.0,120000.0],
              [0.0,123.264,0.0]
            ]
          ],
          "type": [
            "Box"
          ]
        }
      ],
      "bdt_t1_bomb_zone_01": [
        {
          "objLayer": [
            0
          ],
          "props": [
            []
          ],
          "tm": [
            [
              [449.429,0.0,-22.6552],
              [0.0,450.0,0.0],
              [22.6552,0.0,449.429],
              [20316.5,42.0254,-46536.0]
            ]
          ],
          "type": [
            "Sphere"
          ]
        }
      ],
      "bdt_t1_bomb_zone_01_aaa_point_01": [
        {
          "objLayer": [
            0
          ],
          "props": [
            []
          ],
          "tm": [
            [
              [0.856496,0.0,0.516153],
              [0.0,1.0,0.0],
              [-0.516153,0.0,0.856496],
              [20542.8,42.1544,-46488.9]
            ]
          ],
          "type": [
            "Point"
          ]
        }
      ],
      "bdt_t1_bomb_zone_01_aaa_point_02": [
        {
          "objLayer": [
            0
          ],
          "props": [
            []
          ],
          "tm": [
            [
              [0.856496,0.0,0.516153],
              [0.0,1.0,0.0],
              [-0.516153,0.0,0.856496],
              [20087.4,40.7076,-46702.6]
            ]
          ],
          "type": [
            "Point"
          ]
        }
      ],
      "bdt_t1_bomb_zone_01_aaa_point_03": [
        {
          "objLayer": [
            0
          ],
          "props": [
            []
          ],
          "tm": [
            [
              [0.856496,0.0,0.516153],
              [0.0,1.0,0.0],
              [-0.516153,0.0,0.856496],
              [20423.8,43.2429,-46841.3]
            ]
          ],
          "type": [
            "Point"
          ]
        }
      ],
      "bdt_t1_bomb_zone_01_aaa_point_04": [
        {
          "objLayer": [
            0
          ],
          "props": [
            []
          ],
          "tm": [
            [
              [0.856496,0.0,0.516153],
              [0.0,1.0,0.0],
              [-0.516153,0.0,0.856496],
              [20195.4,42.5729,-46837.1]
            ]
          ],
          "type": [
            "Point"
          ]
        }
      ],
      "bdt_t1_bomb_zone_02": [
        {
          "objLayer": [
            0
          ],
          "props": [
            []
          ],
          "tm": [
            [
              [400.545,0.0,205.095],
              [0.0,450.0,0.0],
              [-205.095,0.0,400.545],
              [23724.3,36.8234,-48410.7]
            ]
          ],
          "type": [
            "Sphere"
          ]
        }
      ],
      "bdt_t1_bomb_zone_02_aaa_point_01": [
        {
          "objLayer": [
            0
          ],
          "props": [
            []
          ],
          "tm": [
            [
              [0.856496,0.0,0.516153],
              [0.0,1.0,0.0],
              [-0.516153,0.0,0.856496],
              [23870.7,38.601,-48006.8]
            ]
          ],
          "type": [
            "Point"
          ]
        }
      ],
      "bdt_t1_bomb_zone_02_aaa_point_02": [
        {
          "objLayer": [
            0
          ],
          "props": [
            []
          ],
          "tm": [
            [
              [0.856496,0.0,0.516153],
              [0.0,1.0,0.0],
              [-0.516153,0.0,0.856496],
              [23592.9,42.341,-48090.8]
            ]
          ],
          "type": [
            "Point"
          ]
        }
      ],
      "bdt_t1_bomb_zone_02_aaa_point_03": [
        {
          "objLayer": [
            0
          ],
          "props": [
            []
          ],
          "tm": [
            [
              [0.856496,0.0,0.516153],
              [0.0,1.0,0.0],
              [-0.516153,0.0,0.856496],
              [23968.2,41.4429,-48680.9]
            ]
          ],
          "type": [
            "Point"
          ]
        }
      ],
      "bdt_t1_bomb_zone_02_aaa_point_04": [
        {
          "objLayer": [
            0
          ],
          "props": [
            []
          ],
          "tm": [
            [
              [0.856496,0.0,0.516153],
              [0.0,1.0,0.0],
              [-0.516153,0.0,0.856496],
              [23494.0,42.6285,-48403.6]
            ]
          ],
          "type": [
            "Point"
          ]
        }
      ],
      "bdt_t1_bomb_zone_03": [
        {
          "objLayer": [
            0
          ],
          "props": [
            []
          ],
          "tm": [
            [
              [391.217,0.0,222.373],
              [0.0,450.0,0.0],
              [-222.373,0.0,391.217],
              [25190.4,52.7763,-56111.3]
            ]
          ],
          "type": [
            "Sphere"
          ]
        }
      ],
      "bdt_t1_bomb_zone_03_aaa_point_01": [
        {
          "objLayer": [
            0
          ],
          "props": [
            []
          ],
          "tm": [
            [
              [0.856496,0.0,0.516153],
              [0.0,1.0,0.0],
              [-0.516153,0.0,0.856496],
              [25136.8,47.5125,-56414.4]
            ]
          ],
          "type": [
            "Point"
          ]
        }
      ],
      "bdt_t1_bomb_zone_03_aaa_point_02": [
        {
          "objLayer": [
            0
          ],
          "props": [
            []
          ],
          "tm": [
            [
              [0.856496,0.0,0.516153],
              [0.0,1.0,0.0],
              [-0.516153,0.0,0.856496],
              [25217.9,64.7047,-55870.8]
            ]
          ],
          "type": [
            "Point"
          ]
        }
      ],
      "bdt_t1_bomb_zone_03_aaa_point_03": [
        {
          "objLayer": [
            0
          ],
          "props": [
            []
          ],
          "tm": [
            [
              [0.856496,0.0,0.516153],
              [0.0,1.0,0.0],
              [-0.516153,0.0,0.856496],
              [24950.6,51.6151,-55953.9]
            ]
          ],
          "type": [
            "Point"
          ]
        }
      ],
      "bdt_t1_bomb_zone_03_aaa_point_04": [
        {
          "objLayer": [
            0
          ],
          "props": [
            []
          ],
          "tm": [
            [
              [0.856496,0.0,0.516153],
              [0.0,1.0,0.0],
              [-0.516153,0.0,0.856496],
              [25445.5,57.5432,-56166.1]
            ]
          ],
          "type": [
            "Point"
          ]
        }
      ],
      "bdt_t1_bomb_zone_04": [
        {
          "objLayer": [
            0
          ],
          "props": [
            []
          ],
          "tm": [
            [
              [391.217,0.0,222.373],
              [0.0,450.0,0.0],
              [-222.373,0.0,391.217],
              [23451.2,129.69,-58679.5]
            ]
          ],
          "type": [
            "Sphere"
          ]
        }
      ],
      "bdt_t1_bomb_zone_04_aaa_point_01": [
        {
          "objLayer": [
            0
          ],
          "props": [
            []
          ],
          "tm": [
            [
              [0.856496,0.0,0.516153],
              [0.0,1.0,0.0],
              [-0.516153,0.0,0.856496],
              [23766.3,113.629,-58646.1]
            ]
          ],
          "type": [
            "Point"
          ]
        }
      ],
      "bdt_t1_bomb_zone_04_aaa_point_02": [
        {
          "objLayer": [
            0
          ],
          "props": [
            []
          ],
          "tm": [
            [
              [0.856496,0.0,0.516153],
              [0.0,1.0,0.0],
              [-0.516153,0.0,0.856496],
              [23522.6,119.836,-58437.0]
            ]
          ],
          "type": [
            "Point"
          ]
        }
      ],
      "bdt_t1_bomb_zone_04_aaa_point_03": [
        {
          "objLayer": [
            0
          ],
          "props": [
            []
          ],
          "tm": [
            [
              [0.856496,0.0,0.516153],
              [0.0,1.0,0.0],
              [-0.516153,0.0,0.856496],
              [23596.2,129.377,-58931.7]
            ]
          ],
          "type": [
            "Point"
          ]
        }
      ],
      "bdt_t1_bomb_zone_04_aaa_point_04": [
        {
          "objLayer": [
            0
          ],
          "props": [
            []
          ],
          "tm": [
            [
              [0.856496,0.0,0.516153],
              [0.0,1.0,0.0],
              [-0.516153,0.0,0.856496],
              [23176.9,138.869,-58527.0]
            ]
          ],
          "type": [
            "Point"
          ]
        }
      ],
      "bdt_t1_bomb_zone_05": [
        {
          "objLayer": [
            0
          ],
          "props": [
            []
          ],
          "tm": [
            [
              [391.217,0.0,222.373],
              [0.0,450.0,0.0],
              [-222.373,0.0,391.217],
              [25319.7,49.2232,-59460.0]
            ]
          ],
          "type": [
            "Sphere"
          ]
        }
      ],
      "bdt_t1_bomb_zone_05_aaa_point_01": [
        {
          "objLayer": [
            0
          ],
          "props": [
            []
          ],
          "tm": [
            [
              [0.856496,0.0,0.516153],
              [0.0,1.0,0.0],
              [-0.516153,0.0,0.856496],
              [25074.0,52.9933,-59581.4]
            ]
          ],
          "type": [
            "Point"
          ]
        }
      ],
      "bdt_t1_bomb_zone_05_aaa_point_02": [
        {
          "objLayer": [
            0
          ],
          "props": [
            []
          ],
          "tm": [
            [
              [0.856496,0.0,0.516153],
              [0.0,1.0,0.0],
              [-0.516153,0.0,0.856496],
              [25434.4,61.5175,-59732.3]
            ]
          ],
          "type": [
            "Point"
          ]
        }
      ],
      "bdt_t1_bomb_zone_05_aaa_point_03": [
        {
          "objLayer": [
            0
          ],
          "props": [
            []
          ],
          "tm": [
            [
              [0.856496,0.0,0.516153],
              [0.0,1.0,0.0],
              [-0.516153,0.0,0.856496],
              [25747.7,46.1091,-59325.6]
            ]
          ],
          "type": [
            "Point"
          ]
        }
      ],
      "bdt_t1_bomb_zone_05_aaa_point_04": [
        {
          "objLayer": [
            0
          ],
          "props": [
            []
          ],
          "tm": [
            [
              [0.856496,0.0,0.516153],
              [0.0,1.0,0.0],
              [-0.516153,0.0,0.856496],
              [25400.1,44.4156,-59194.4]
            ]
          ],
          "type": [
            "Point"
          ]
        }
      ],
      "bdt_t1_bomb_zone_06": [
        {
          "objLayer": [
            0
          ],
          "props": [
            []
          ],
          "tm": [
            [
              [391.217,0.0,222.373],
              [0.0,450.0,0.0],
              [-222.373,0.0,391.217],
              [26127.8,90.9449,-57205.3]
            ]
          ],
          "type": [
            "Sphere"
          ]
        }
      ],
      "bdt_t1_bomb_zone_06_aaa_point_01": [
        {
          "objLayer": [
            0
          ],
          "props": [
            []
          ],
          "tm": [
            [
              [0.856496,0.0,0.516153],
              [0.0,1.0,0.0],
              [-0.516153,0.0,0.856496],
              [26120.9,86.1333,-57542.5]
            ]
          ],
          "type": [
            "Point"
          ]
        }
      ],
      "bdt_t1_bomb_zone_06_aaa_point_02": [
        {
          "objLayer": [
            0
          ],
          "props": [
            []
          ],
          "tm": [
            [
              [0.856496,0.0,0.516153],
              [0.0,1.0,0.0],
              [-0.516153,0.0,0.856496],
              [25886.4,62.8278,-57422.3]
            ]
          ],
          "type": [
            "Point"
          ]
        }
      ],
      "bdt_t1_bomb_zone_06_aaa_point_03": [
        {
          "objLayer": [
            0
          ],
          "props": [
            []
          ],
          "tm": [
            [
              [0.856496,0.0,0.516153],
              [0.0,1.0,0.0],
              [-0.516153,0.0,0.856496],
              [25977.0,90.8984,-56935.4]
            ]
          ],
          "type": [
            "Point"
          ]
        }
      ],
      "bdt_t1_bomb_zone_06_aaa_point_04": [
        {
          "objLayer": [
            0
          ],
          "props": [
            []
          ],
          "tm": [
            [
              [0.856496,0.0,0.516153],
              [0.0,1.0,0.0],
              [-0.516153,0.0,0.856496],
              [26424.3,126.805,-57178.8]
            ]
          ],
          "type": [
            "Point"
          ]
        }
      ],
      "bdt_t1_bomb_zone_07": [
        {
          "objLayer": [
            0
          ],
          "props": [
            []
          ],
          "tm": [
            [
              [391.217,0.0,222.373],
              [0.0,450.0,0.0],
              [-222.373,0.0,391.217],
              [27036.2,110.742,-55456.4]
            ]
          ],
          "type": [
            "Sphere"
          ]
        }
      ],
      "bdt_t1_bomb_zone_07_aaa_point_01": [
        {
          "objLayer": [
            0
          ],
          "props": [
            []
          ],
          "tm": [
            [
              [0.856496,0.0,0.516153],
              [0.0,1.0,0.0],
              [-0.516153,0.0,0.856496],
              [27029.2,126.443,-55155.2]
            ]
          ],
          "type": [
            "Point"
          ]
        }
      ],
      "bdt_t1_bomb_zone_07_aaa_point_02": [
        {
          "objLayer": [
            0
          ],
          "props": [
            []
          ],
          "tm": [
            [
              [0.856496,0.0,0.516153],
              [0.0,1.0,0.0],
              [-0.516153,0.0,0.856496],
              [27039.7,93.3212,-55805.1]
            ]
          ],
          "type": [
            "Point"
          ]
        }
      ],
      "bdt_t1_bomb_zone_07_aaa_point_03": [
        {
          "objLayer": [
            0
          ],
          "props": [
            []
          ],
          "tm": [
            [
              [0.856496,0.0,0.516153],
              [0.0,1.0,0.0],
              [-0.516153,0.0,0.856496],
              [27371.7,112.134,-55436.4]
            ]
          ],
          "type": [
            "Point"
          ]
        }
      ],
      "bdt_t1_bomb_zone_07_aaa_point_04": [
        {
          "objLayer": [
            0
          ],
          "props": [
            []
          ],
          "tm": [
            [
              [0.856496,0.0,0.516153],
              [0.0,1.0,0.0],
              [-0.516153,0.0,0.856496],
              [26689.4,120.963,-55253.5]
            ]
          ],
          "type": [
            "Point"
          ]
        }
      ],
      "bdt_t1_bomb_zone_08": [
        {
          "objLayer": [
            0
          ],
          "props": [
            []
          ],
          "tm": [
            [
              [449.429,0.0,-22.6552],
              [0.0,450.0,0.0],
              [22.6552,0.0,449.429],
              [21495.1,43.5962,-44754.8]
            ]
          ],
          "type": [
            "Sphere"
          ]
        }
      ],
      "bdt_t1_bomb_zone_08_aaa_point_01": [
        {
          "objLayer": [
            0
          ],
          "props": [
            []
          ],
          "tm": [
            [
              [0.856496,0.0,0.516153],
              [0.0,1.0,0.0],
              [-0.516153,0.0,0.856496],
              [21121.4,28.952,-44467.5]
            ]
          ],
          "type": [
            "Point"
          ]
        }
      ],
      "bdt_t1_bomb_zone_08_aaa_point_02": [
        {
          "objLayer": [
            0
          ],
          "props": [
            []
          ],
          "tm": [
            [
              [0.856496,0.0,0.516153],
              [0.0,1.0,0.0],
              [-0.516153,0.0,0.856496],
              [21303.1,61.114,-45038.5]
            ]
          ],
          "type": [
            "Point"
          ]
        }
      ],
      "bdt_t1_bomb_zone_08_aaa_point_03": [
        {
          "objLayer": [
            0
          ],
          "props": [
            []
          ],
          "tm": [
            [
              [0.856496,0.0,0.516153],
              [0.0,1.0,0.0],
              [-0.516153,0.0,0.856496],
              [21577.4,46.0372,-44955.6]
            ]
          ],
          "type": [
            "Point"
          ]
        }
      ],
      "bdt_t1_bomb_zone_08_aaa_point_04": [
        {
          "objLayer": [
            0
          ],
          "props": [
            []
          ],
          "tm": [
            [
              [0.856496,0.0,0.516153],
              [0.0,1.0,0.0],
              [-0.516153,0.0,0.856496],
              [21573.2,45.3754,-44539.8]
            ]
          ],
          "type": [
            "Point"
          ]
        }
      ],
      "bdt_t1_bomb_zone_09": [
        {
          "objLayer": [
            0
          ],
          "props": [
            []
          ],
          "tm": [
            [
              [449.429,0.0,-22.6552],
              [0.0,450.0,0.0],
              [22.6552,0.0,449.429],
              [23901.2,44.9426,-45869.7]
            ]
          ],
          "type": [
            "Sphere"
          ]
        }
      ],
      "bdt_t1_bomb_zone_09_aaa_point_01": [
        {
          "objLayer": [
            0
          ],
          "props": [
            []
          ],
          "tm": [
            [
              [0.856496,0.0,0.516153],
              [0.0,1.0,0.0],
              [-0.516153,0.0,0.856496],
              [23706.9,40.7264,-46025.1]
            ]
          ],
          "type": [
            "Point"
          ]
        }
      ],
      "bdt_t1_bomb_zone_09_aaa_point_02": [
        {
          "objLayer": [
            0
          ],
          "props": [
            []
          ],
          "tm": [
            [
              [0.856496,0.0,0.516153],
              [0.0,1.0,0.0],
              [-0.516153,0.0,0.856496],
              [24130.2,44.9095,-46279.8]
            ]
          ],
          "type": [
            "Point"
          ]
        }
      ],
      "bdt_t1_bomb_zone_09_aaa_point_03": [
        {
          "objLayer": [
            0
          ],
          "props": [
            []
          ],
          "tm": [
            [
              [0.856496,0.0,0.516153],
              [0.0,1.0,0.0],
              [-0.516153,0.0,0.856496],
              [23788.6,44.898,-45429.9]
            ]
          ],
          "type": [
            "Point"
          ]
        }
      ],
      "bdt_t1_bomb_zone_09_aaa_point_04": [
        {
          "objLayer": [
            0
          ],
          "props": [
            []
          ],
          "tm": [
            [
              [0.856496,0.0,0.516153],
              [0.0,1.0,0.0],
              [-0.516153,0.0,0.856496],
              [24502.6,44.8408,-46018.3]
            ]
          ],
          "type": [
            "Point"
          ]
        }
      ],
      "bdt_t1_bomb_zone_10": [
        {
          "objLayer": [
            0
          ],
          "props": [
            []
          ],
          "tm": [
            [
              [449.429,0.0,-22.6552],
              [0.0,450.0,0.0],
              [22.6552,0.0,449.429],
              [24966.4,45.0621,-47605.2]
            ]
          ],
          "type": [
            "Sphere"
          ]
        }
      ],
      "bdt_t1_bomb_zone_10_aaa_point_01": [
        {
          "objLayer": [
            0
          ],
          "props": [
            []
          ],
          "tm": [
            [
              [0.856496,0.0,0.516153],
              [0.0,1.0,0.0],
              [-0.516153,0.0,0.856496],
              [24671.0,44.8134,-47827.2]
            ]
          ],
          "type": [
            "Point"
          ]
        }
      ],
      "bdt_t1_bomb_zone_10_aaa_point_02": [
        {
          "objLayer": [
            0
          ],
          "props": [
            []
          ],
          "tm": [
            [
              [0.856496,0.0,0.516153],
              [0.0,1.0,0.0],
              [-0.516153,0.0,0.856496],
              [24695.4,44.8336,-47252.6]
            ]
          ],
          "type": [
            "Point"
          ]
        }
      ],
      "bdt_t1_bomb_zone_10_aaa_point_03": [
        {
          "objLayer": [
            0
          ],
          "props": [
            []
          ],
          "tm": [
            [
              [0.856496,0.0,0.516153],
              [0.0,1.0,0.0],
              [-0.516153,0.0,0.856496],
              [25131.7,44.7381,-47811.4]
            ]
          ],
          "type": [
            "Point"
          ]
        }
      ],
      "bdt_t1_bomb_zone_10_aaa_point_04": [
        {
          "objLayer": [
            0
          ],
          "props": [
            []
          ],
          "tm": [
            [
              [0.856496,0.0,0.516153],
              [0.0,1.0,0.0],
              [-0.516153,0.0,0.856496],
              [25243.1,45.1179,-47443.3]
            ]
          ],
          "type": [
            "Point"
          ]
        }
      ],
      "bdt_t2_bomb_zone_01": [
        {
          "objLayer": [
            0
          ],
          "props": [
            []
          ],
          "tm": [
            [
              [417.316,0.0,-168.371],
              [0.0,450.0,0.0],
              [168.371,0.0,417.316],
              [10634.1,43.4958,-50263.1]
            ]
          ],
          "type": [
            "Sphere"
          ]
        }
      ],
      "bdt_t2_bomb_zone_01_aaa_point_01": [
        {
          "objLayer": [
            0
          ],
          "props": [
            []
          ],
          "tm": [
            [
              [0.978189,0.0,0.207709],
              [0.0,1.0,0.0],
              [-0.207709,0.0,0.978189],
              [10682.8,43.2969,-50617.5]
            ]
          ],
          "type": [
            "Point"
          ]
        }
      ],
      "bdt_t2_bomb_zone_01_aaa_point_02": [
        {
          "objLayer": [
            0
          ],
          "props": [
            []
          ],
          "tm": [
            [
              [0.978189,0.0,0.207709],
              [0.0,1.0,0.0],
              [-0.207709,0.0,0.978189],
              [10422.5,43.5217,-50179.9]
            ]
          ],
          "type": [
            "Point"
          ]
        }
      ],
      "bdt_t2_bomb_zone_01_aaa_point_03": [
        {
          "objLayer": [
            0
          ],
          "props": [
            []
          ],
          "tm": [
            [
              [0.978189,0.0,0.207709],
              [0.0,1.0,0.0],
              [-0.207709,0.0,0.978189],
              [10537.0,43.5523,-50147.4]
            ]
          ],
          "type": [
            "Point"
          ]
        }
      ],
      "bdt_t2_bomb_zone_01_aaa_point_04": [
        {
          "objLayer": [
            0
          ],
          "props": [
            []
          ],
          "tm": [
            [
              [0.978189,0.0,0.207709],
              [0.0,1.0,0.0],
              [-0.207709,0.0,0.978189],
              [10908.6,43.6496,-50044.4]
            ]
          ],
          "type": [
            "Point"
          ]
        }
      ],
      "bdt_t2_bomb_zone_02": [
        {
          "objLayer": [
            0
          ],
          "props": [
            []
          ],
          "tm": [
            [
              [417.316,0.0,-168.371],
              [0.0,450.0,0.0],
              [168.371,0.0,417.316],
              [10761.8,77.8912,-56859.3]
            ]
          ],
          "type": [
            "Sphere"
          ]
        }
      ],
      "bdt_t2_bomb_zone_02_aaa_point_01": [
        {
          "objLayer": [
            0
          ],
          "props": [
            []
          ],
          "tm": [
            [
              [0.978189,0.0,0.207709],
              [0.0,1.0,0.0],
              [-0.207709,0.0,0.978189],
              [10622.1,68.7672,-57041.4]
            ]
          ],
          "type": [
            "Point"
          ]
        }
      ],
      "bdt_t2_bomb_zone_02_aaa_point_02": [
        {
          "objLayer": [
            0
          ],
          "props": [
            []
          ],
          "tm": [
            [
              [0.978189,0.0,0.207709],
              [0.0,1.0,0.0],
              [-0.207709,0.0,0.978189],
              [10782.6,91.7099,-56526.8]
            ]
          ],
          "type": [
            "Point"
          ]
        }
      ],
      "bdt_t2_bomb_zone_02_aaa_point_03": [
        {
          "objLayer": [
            0
          ],
          "props": [
            []
          ],
          "tm": [
            [
              [0.978189,0.0,0.207709],
              [0.0,1.0,0.0],
              [-0.207709,0.0,0.978189],
              [10511.0,77.2569,-56800.3]
            ]
          ],
          "type": [
            "Point"
          ]
        }
      ],
      "bdt_t2_bomb_zone_02_aaa_point_04": [
        {
          "objLayer": [
            0
          ],
          "props": [
            []
          ],
          "tm": [
            [
              [0.978189,0.0,0.207709],
              [0.0,1.0,0.0],
              [-0.207709,0.0,0.978189],
              [11014.6,81.5282,-56845.3]
            ]
          ],
          "type": [
            "Point"
          ]
        }
      ],
      "bdt_t2_bomb_zone_03": [
        {
          "objLayer": [
            0
          ],
          "props": [
            []
          ],
          "tm": [
            [
              [342.042,0.0,292.417],
              [0.0,450.0,0.0],
              [-292.417,0.0,342.042],
              [12057.7,42.7332,-58958.8]
            ]
          ],
          "type": [
            "Sphere"
          ]
        }
      ],
      "bdt_t2_bomb_zone_03_aaa_point_01": [
        {
          "objLayer": [
            0
          ],
          "props": [
            []
          ],
          "tm": [
            [
              [0.978189,0.0,0.207709],
              [0.0,1.0,0.0],
              [-0.207709,0.0,0.978189],
              [12447.8,43.1494,-59188.7]
            ]
          ],
          "type": [
            "Point"
          ]
        }
      ],
      "bdt_t2_bomb_zone_03_aaa_point_02": [
        {
          "objLayer": [
            0
          ],
          "props": [
            []
          ],
          "tm": [
            [
              [0.978189,0.0,0.207709],
              [0.0,1.0,0.0],
              [-0.207709,0.0,0.978189],
              [12109.3,42.9946,-58670.8]
            ]
          ],
          "type": [
            "Point"
          ]
        }
      ],
      "bdt_t2_bomb_zone_03_aaa_point_03": [
        {
          "objLayer": [
            0
          ],
          "props": [
            []
          ],
          "tm": [
            [
              [0.978189,0.0,0.207709],
              [0.0,1.0,0.0],
              [-0.207709,0.0,0.978189],
              [11812.9,42.5293,-58752.1]
            ]
          ],
          "type": [
            "Point"
          ]
        }
      ],
      "bdt_t2_bomb_zone_03_aaa_point_04": [
        {
          "objLayer": [
            0
          ],
          "props": [
            []
          ],
          "tm": [
            [
              [0.978189,0.0,0.207709],
              [0.0,1.0,0.0],
              [-0.207709,0.0,0.978189],
              [11841.1,41.9441,-59213.0]
            ]
          ],
          "type": [
            "Point"
          ]
        }
      ],
      "bdt_t2_bomb_zone_04": [
        {
          "objLayer": [
            0
          ],
          "props": [
            []
          ],
          "tm": [
            [
              [438.416,0.0,101.441],
              [0.0,450.0,0.0],
              [-101.441,0.0,438.416],
              [12476.7,47.6848,-47891.1]
            ]
          ],
          "type": [
            "Sphere"
          ]
        }
      ],
      "bdt_t2_bomb_zone_04_aaa_point_01": [
        {
          "objLayer": [
            0
          ],
          "props": [
            []
          ],
          "tm": [
            [
              [0.978189,0.0,0.207709],
              [0.0,1.0,0.0],
              [-0.207709,0.0,0.978189],
              [12662.9,49.9231,-47615.8]
            ]
          ],
          "type": [
            "Point"
          ]
        }
      ],
      "bdt_t2_bomb_zone_04_aaa_point_02": [
        {
          "objLayer": [
            0
          ],
          "props": [
            []
          ],
          "tm": [
            [
              [0.978189,0.0,0.207709],
              [0.0,1.0,0.0],
              [-0.207709,0.0,0.978189],
              [12220.0,51.2325,-47731.7]
            ]
          ],
          "type": [
            "Point"
          ]
        }
      ],
      "bdt_t2_bomb_zone_04_aaa_point_03": [
        {
          "objLayer": [
            0
          ],
          "props": [
            []
          ],
          "tm": [
            [
              [0.978189,0.0,0.207709],
              [0.0,1.0,0.0],
              [-0.207709,0.0,0.978189],
              [12641.4,44.1529,-48100.7]
            ]
          ],
          "type": [
            "Point"
          ]
        }
      ],
      "bdt_t2_bomb_zone_04_aaa_point_04": [
        {
          "objLayer": [
            0
          ],
          "props": [
            []
          ],
          "tm": [
            [
              [0.978189,0.0,0.207709],
              [0.0,1.0,0.0],
              [-0.207709,0.0,0.978189],
              [12398.3,45.2879,-48125.2]
            ]
          ],
          "type": [
            "Point"
          ]
        }
      ],
      "bdt_t2_bomb_zone_05": [
        {
          "objLayer": [
            0
          ],
          "props": [
            []
          ],
          "tm": [
            [
              [438.416,0.0,101.441],
              [0.0,450.0,0.0],
              [-101.441,0.0,438.416],
              [12129.1,67.4782,-46457.4]
            ]
          ],
          "type": [
            "Sphere"
          ]
        }
      ],
      "bdt_t2_bomb_zone_05_aaa_point_01": [
        {
          "objLayer": [
            0
          ],
          "props": [
            []
          ],
          "tm": [
            [
              [0.978189,0.0,0.207709],
              [0.0,1.0,0.0],
              [-0.207709,0.0,0.978189],
              [12116.9,63.2839,-46804.3]
            ]
          ],
          "type": [
            "Point"
          ]
        }
      ],
      "bdt_t2_bomb_zone_05_aaa_point_02": [
        {
          "objLayer": [
            0
          ],
          "props": [
            []
          ],
          "tm": [
            [
              [0.978189,0.0,0.207709],
              [0.0,1.0,0.0],
              [-0.207709,0.0,0.978189],
              [12385.4,69.2698,-46183.2]
            ]
          ],
          "type": [
            "Point"
          ]
        }
      ],
      "bdt_t2_bomb_zone_05_aaa_point_03": [
        {
          "objLayer": [
            0
          ],
          "props": [
            []
          ],
          "tm": [
            [
              [0.978189,0.0,0.207709],
              [0.0,1.0,0.0],
              [-0.207709,0.0,0.978189],
              [12190.2,71.2892,-46117.1]
            ]
          ],
          "type": [
            "Point"
          ]
        }
      ],
      "bdt_t2_bomb_zone_05_aaa_point_04": [
        {
          "objLayer": [
            0
          ],
          "props": [
            []
          ],
          "tm": [
            [
              [0.978189,0.0,0.207709],
              [0.0,1.0,0.0],
              [-0.207709,0.0,0.978189],
              [11803.6,69.1923,-46481.5]
            ]
          ],
          "type": [
            "Point"
          ]
        }
      ],
      "bdt_t2_bomb_zone_06": [
        {
          "objLayer": [
            0
          ],
          "props": [
            []
          ],
          "tm": [
            [
              [339.539,0.0,295.32],
              [0.0,450.0,0.0],
              [-295.32,0.0,339.539],
              [10704.4,56.0436,-48099.9]
            ]
          ],
          "type": [
            "Sphere"
          ]
        }
      ],
      "bdt_t2_bomb_zone_06_aaa_point_01": [
        {
          "objLayer": [
            0
          ],
          "props": [
            []
          ],
          "tm": [
            [
              [0.766316,0.0,0.642466],
              [0.0,1.0,0.0],
              [-0.642466,0.0,0.766316],
              [10475.6,44.5256,-48357.0]
            ]
          ],
          "type": [
            "Point"
          ]
        }
      ],
      "bdt_t2_bomb_zone_06_aaa_point_02": [
        {
          "objLayer": [
            0
          ],
          "props": [
            []
          ],
          "tm": [
            [
              [0.766316,0.0,0.642466],
              [0.0,1.0,0.0],
              [-0.642466,0.0,0.766316],
              [10793.0,60.9164,-47661.1]
            ]
          ],
          "type": [
            "Point"
          ]
        }
      ],
      "bdt_t2_bomb_zone_06_aaa_point_03": [
        {
          "objLayer": [
            0
          ],
          "props": [
            []
          ],
          "tm": [
            [
              [0.766316,0.0,0.642466],
              [0.0,1.0,0.0],
              [-0.642466,0.0,0.766316],
              [11023.4,56.65,-47892.1]
            ]
          ],
          "type": [
            "Point"
          ]
        }
      ],
      "bdt_t2_bomb_zone_06_aaa_point_04": [
        {
          "objLayer": [
            0
          ],
          "props": [
            []
          ],
          "tm": [
            [
              [0.766316,0.0,0.642466],
              [0.0,1.0,0.0],
              [-0.642466,0.0,0.766316],
              [11213.1,50.4134,-48303.6]
            ]
          ],
          "type": [
            "Point"
          ]
        }
      ],
      "bdt_t2_bomb_zone_07": [
        {
          "objLayer": [
            0
          ],
          "props": [
            []
          ],
          "tm": [
            [
              [438.416,0.0,101.441],
              [0.0,450.0,0.0],
              [-101.441,0.0,438.416],
              [9072.9,44.5218,-50160.2]
            ]
          ],
          "type": [
            "Sphere"
          ]
        }
      ],
      "bdt_t2_bomb_zone_07_aaa_point_01": [
        {
          "objLayer": [
            0
          ],
          "props": [
            []
          ],
          "tm": [
            [
              [0.978189,0.0,0.207709],
              [0.0,1.0,0.0],
              [-0.207709,0.0,0.978189],
              [9073.9,44.0045,-50586.1]
            ]
          ],
          "type": [
            "Point"
          ]
        }
      ],
      "bdt_t2_bomb_zone_07_aaa_point_02": [
        {
          "objLayer": [
            0
          ],
          "props": [
            []
          ],
          "tm": [
            [
              [0.978189,0.0,0.207709],
              [0.0,1.0,0.0],
              [-0.207709,0.0,0.978189],
              [9339.0,44.6593,-49825.4]
            ]
          ],
          "type": [
            "Point"
          ]
        }
      ],
      "bdt_t2_bomb_zone_07_aaa_point_03": [
        {
          "objLayer": [
            0
          ],
          "props": [
            []
          ],
          "tm": [
            [
              [0.978189,0.0,0.207709],
              [0.0,1.0,0.0],
              [-0.207709,0.0,0.978189],
              [8862.6,44.3921,-49756.5]
            ]
          ],
          "type": [
            "Point"
          ]
        }
      ],
      "bdt_t2_bomb_zone_07_aaa_point_04": [
        {
          "objLayer": [
            0
          ],
          "props": [
            []
          ],
          "tm": [
            [
              [0.978189,0.0,0.207709],
              [0.0,1.0,0.0],
              [-0.207709,0.0,0.978189],
              [8742.7,44.575,-50391.0]
            ]
          ],
          "type": [
            "Point"
          ]
        }
      ],
      "bdt_t2_bomb_zone_08": [
        {
          "objLayer": [
            0
          ],
          "props": [
            []
          ],
          "tm": [
            [
              [342.042,0.0,292.417],
              [0.0,450.0,0.0],
              [-292.417,0.0,342.042],
              [11209.3,67.8947,-59691.7]
            ]
          ],
          "type": [
            "Sphere"
          ]
        }
      ],
      "bdt_t2_bomb_zone_08_aaa_point_01": [
        {
          "objLayer": [
            0
          ],
          "props": [
            []
          ],
          "tm": [
            [
              [0.978189,0.0,0.207709],
              [0.0,1.0,0.0],
              [-0.207709,0.0,0.978189],
              [12106.8,58.8922,-60266.2]
            ]
          ],
          "type": [
            "Point"
          ]
        }
      ],
      "bdt_t2_bomb_zone_08_aaa_point_02": [
        {
          "objLayer": [
            0
          ],
          "props": [
            []
          ],
          "tm": [
            [
              [0.978189,0.0,0.207709],
              [0.0,1.0,0.0],
              [-0.207709,0.0,0.978189],
              [11515.8,75.483,-60565.1]
            ]
          ],
          "type": [
            "Point"
          ]
        }
      ],
      "bdt_t2_bomb_zone_08_aaa_point_03": [
        {
          "objLayer": [
            0
          ],
          "props": [
            []
          ],
          "tm": [
            [
              [0.978189,0.0,0.207709],
              [0.0,1.0,0.0],
              [-0.207709,0.0,0.978189],
              [11677.8,62.6322,-60047.6]
            ]
          ],
          "type": [
            "Point"
          ]
        }
      ],
      "bdt_t2_bomb_zone_08_aaa_point_04": [
        {
          "objLayer": [
            0
          ],
          "props": [
            []
          ],
          "tm": [
            [
              [0.978189,0.0,0.207709],
              [0.0,1.0,0.0],
              [-0.207709,0.0,0.978189],
              [11394.8,69.8411,-60129.3]
            ]
          ],
          "type": [
            "Point"
          ]
        }
      ],
      "bdt_t2_bomb_zone_09": [
        {
          "objLayer": [
            0
          ],
          "props": [
            []
          ],
          "tm": [
            [
              [342.042,0.0,292.417],
              [0.0,450.0,0.0],
              [-292.417,0.0,342.042],
              [10154.7,112.284,-58680.9]
            ]
          ],
          "type": [
            "Sphere"
          ]
        }
      ],
      "bdt_t2_bomb_zone_09_aaa_point_01": [
        {
          "objLayer": [
            0
          ],
          "props": [
            []
          ],
          "tm": [
            [
              [0.978189,0.0,0.207709],
              [0.0,1.0,0.0],
              [-0.207709,0.0,0.978189],
              [10442.0,85.6893,-58952.5]
            ]
          ],
          "type": [
            "Point"
          ]
        }
      ],
