{
  "airfields": [],
  "areas": {
    "heli_4000": {
      "objLayer": 4,
      "props": [],
      "tm": [
        [508.877,0.0,7983.79],
        [0.0,8000.0,0.0],
        [-7983.79,0.0,508.877],
        [0.0,213.438,0.0]
      ],
      "type": "Sphere"
    },
    "heli_7200": {
      "objLayer": 4,
      "props": [],
      "tm": [
        [915.982,0.0,14370.8],
        [0.0,14400.0,0.0],
        [-14370.8,0.0,915.982],
        [0.0,309.515,0.0]
      ],
      "type": "Sphere"
    }
  },
  "bin_dump_file": "",
  "dialogs": [],
  "effects": [],
  "imports": [],
  "mission_objectives": {
    "isCategory": true,
    "is_enabled": true
  },
  "mission_settings": {
    "mission": {
      "environment": "Day",
      "level": "levels/water.bin",
      "type": "singleMission",
      "weather": "hazy"
    },
    "player": {
      "army": 1
    },
    "player_teamB": {
      "army": 2
    }
  },
  "objLayers": [
    {
      "layer": {
        "enabled": true
      }
    },
    {
      "layer": {
        "enabled": true
      }
    },
    {
      "layer": {
        "enabled": true
      }
    },
    {
      "layer": {
        "enabled": true
      }
    },
    {
      "layer": {
        "enabled": true
      }
    }
  ],
  "selected_tag": "",
  "triggers": {
    "isCategory": true,
    "is_enabled": true
  },
  "units": [
    {
      "objectGroups": {
        "name": "t1_helipad",
        "objLayer": 2,
        "props": {
          "active": true,
          "army": 1,
          "isDelayed": true
        },
        "tm": [
          [0.973631,0.0,0.228126],
          [0.0,1.0,0.0],
          [-0.228126,0.0,0.973631],
          [4060.16,67.3992,983.597]
        ],
        "unit_class": "dynHelipad_beton_a_ussr"
      }
    },
    {
      "objectGroups": {
        "name": "t1_helipad_farspawn",
        "objLayer": 2,
        "props": {
          "active": true,
          "army": 1,
          "isDelayed": true
        },
        "tm": [
          [0.940311,0.0,0.340315],
          [0.0,1.0,0.0],
          [-0.340315,0.0,0.940311],
          [6717.7,81.2,2067.15]
        ],
        "unit_class": "dynHelipad_beton_b_ussr"
      }
    },
    {
      "objectGroups": {
        "name": "t2_helipad",
        "objLayer": 2,
        "props": {
          "active": true,
          "army": 2,
          "isDelayed": true
        },
        "tm": [
          [-0.76852,0.0,-0.639824],
          [0.0,1.0,0.0],
          [0.639824,0.0,-0.76852],
          [-2884.23,12.936,-2794.41]
        ],
        "unit_class": "dynHelipad_beton_a_usa"
      }
    },
    {
      "objectGroups": {
        "name": "t2_helipad_farspawn",
        "objLayer": 2,
        "props": {
          "active": true,
          "army": 2,
          "isDelayed": true
        },
        "tm": [
          [-0.370422,0.0,-0.928864],
          [0.0,1.0,0.0],
          [0.928864,0.0,-0.370422],
          [-2952.01,1.05933,-6578.6]
        ],
        "unit_class": "dynHelipad_beton_b_usa"
      }
    },
    {
      "air_defence": {
        "applyAllMods": false,
        "bullets0": "",
        "bullets1": "",
        "bullets2": "",
        "bullets3": "",
        "bulletsCount0": 0,
        "bulletsCount1": 0,
        "bulletsCount2": 0,
        "bulletsCount3": 0,
        "closed_waypoints": false,
        "crewSkillK": 0.0,
        "isShipSpline": false,
        "name": "t2_helipad_defence_01",
        "objLayer": 1,
        "props": {
          "army": 2,
          "attack_type": "fire_at_will",
          "count": 1,
          "formation_div": 3,
          "formation_noise": [0.1,0.1],
          "formation_step": [2.5,2.0],
          "formation_type": "rows",
          "uniqueName": ""
        },
        "shipTurnRadius": 100.0,
        "tm": [
          [-0.461476,0.0,-0.887153],
          [0.0,1.0,0.0],
          [0.887153,0.0,-0.461476],
          [-2848.33,8.73595,-3134.01]
        ],
        "unit_class": "germ_20mm_flak38_longrange_helipad",
        "way": [],
        "weapons": ""
      }
    },
    {
      "air_defence": {
        "applyAllMods": false,
        "bullets0": "",
        "bullets1": "",
        "bullets2": "",
        "bullets3": "",
        "bulletsCount0": 0,
        "bulletsCount1": 0,
        "bulletsCount2": 0,
        "bulletsCount3": 0,
        "closed_waypoints": false,
        "crewSkillK": 0.0,
        "isShipSpline": false,
        "name": "t2_helipad_defence_02",
        "objLayer": 1,
        "props": {
          "army": 2,
          "attack_type": "fire_at_will",
          "count": 1,
          "formation_div": 3,
          "formation_noise": [0.1,0.1],
          "formation_step": [2.5,2.0],
          "formation_type": "rows",
          "uniqueName": ""
        },
        "shipTurnRadius": 100.0,
        "tm": [
          [-0.461476,0.0,-0.887153],
          [0.0,1.0,0.0],
          [0.887153,0.0,-0.461476],
          [-2597.53,14.036,-2834.11]
        ],
        "unit_class": "germ_20mm_flak38_longrange_helipad",
        "way": [],
        "weapons": ""
      }
    },
    {
      "air_defence": {
        "applyAllMods": false,
        "bullets0": "",
        "bullets1": "",
        "bullets2": "",
        "bullets3": "",
        "bulletsCount0": 0,
        "bulletsCount1": 0,
        "bulletsCount2": 0,
        "bulletsCount3": 0,
        "closed_waypoints": false,
        "crewSkillK": 0.0,
        "isShipSpline": false,
        "name": "t2_helipad_defence_03",
        "objLayer": 1,
        "props": {
          "army": 2,
          "attack_type": "fire_at_will",
          "count": 1,
          "formation_div": 3,
          "formation_noise": [0.1,0.1],
          "formation_step": [2.5,2.0],
          "formation_type": "rows",
          "uniqueName": ""
        },
        "shipTurnRadius": 100.0,
        "tm": [
          [-0.461476,0.0,-0.887153],
          [0.0,1.0,0.0],
          [0.887153,0.0,-0.461476],
          [-3148.73,24.636,-2790.41]
        ],
        "unit_class": "germ_20mm_flak38_helipad",
        "way": [],
        "weapons": ""
      }
    },
    {
      "air_defence": {
        "applyAllMods": false,
        "bullets0": "",
        "bullets1": "",
        "bullets2": "",
        "bullets3": "",
        "bulletsCount0": 0,
        "bulletsCount1": 0,
        "bulletsCount2": 0,
        "bulletsCount3": 0,
        "closed_waypoints": false,
        "crewSkillK": 0.0,
        "isShipSpline": false,
        "name": "t2_helipad_defence_04",
        "objLayer": 1,
        "props": {
          "army": 2,
          "attack_type": "fire_at_will",
          "count": 1,
          "formation_div": 3,
          "formation_noise": [0.1,0.1],
          "formation_step": [2.5,2.0],
          "formation_type": "rows",
          "uniqueName": ""
        },
        "shipTurnRadius": 100.0,
        "tm": [
          [-0.461476,0.0,-0.887153],
          [0.0,1.0,0.0],
          [0.887153,0.0,-0.461476],
          [-2866.83,22.836,-2543.61]
        ],
        "unit_class": "germ_20mm_flak38_helipad",
        "way": [],
        "weapons": ""
      }
    },
    {
      "air_defence": {
        "applyAllMods": false,
        "bullets0": "",
        "bullets1": "",
        "bullets2": "",
        "bullets3": "",
        "bulletsCount0": 0,
        "bulletsCount1": 0,
        "bulletsCount2": 0,
        "bulletsCount3": 0,
        "closed_waypoints": false,
        "crewSkillK": 0.0,
        "isShipSpline": false,
        "name": "t1_helipad_defence_01",
        "objLayer": 1,
        "props": {
          "army": 1,
          "attack_type": "fire_at_will",
          "count": 1,
          "formation_div": 3,
          "formation_noise": [0.1,0.1],
          "formation_step": [2.5,2.0],
          "formation_type": "rows",
          "uniqueName": ""
        },
        "shipTurnRadius": 100.0,
        "tm": [
          [0.880996,0.0,0.473125],
          [0.0,1.0,0.0],
          [-0.473125,0.0,0.880996],
          [3892.23,67.2832,744.109]
        ],
        "unit_class": "germ_20mm_flak38_longrange_helipad",
        "way": [],
        "weapons": ""
      }
    },
    {
      "air_defence": {
        "applyAllMods": false,
        "bullets0": "",
        "bullets1": "",
        "bullets2": "",
        "bullets3": "",
        "bulletsCount0": 0,
        "bulletsCount1": 0,
        "bulletsCount2": 0,
        "bulletsCount3": 0,
        "closed_waypoints": false,
        "crewSkillK": 0.0,
        "isShipSpline": false,
        "name": "t1_helipad_defence_02",
        "objLayer": 1,
        "props": {
          "army": 1,
          "attack_type": "fire_at_will",
          "count": 1,
          "formation_div": 3,
          "formation_noise": [0.1,0.1],
          "formation_step": [2.5,2.0],
          "formation_type": "rows",
          "uniqueName": ""
        },
        "shipTurnRadius": 100.0,
        "tm": [
          [0.880996,0.0,0.473125],
          [0.0,1.0,0.0],
          [-0.473125,0.0,0.880996],
          [3882.97,67.3612,1200.42]
        ],
        "unit_class": "germ_20mm_flak38_longrange_helipad",
        "way": [],
        "weapons": ""
      }
    },
    {
      "air_defence": {
        "applyAllMods": false,
        "bullets0": "",
        "bullets1": "",
        "bullets2": "",
        "bullets3": "",
        "bulletsCount0": 0,
        "bulletsCount1": 0,
        "bulletsCount2": 0,
        "bulletsCount3": 0,
        "closed_waypoints": false,
        "crewSkillK": 0.0,
        "isShipSpline": false,
        "name": "t1_helipad_defence_03",
        "objLayer": 1,
        "props": {
          "army": 1,
          "attack_type": "fire_at_will",
          "count": 1,
          "formation_div": 3,
          "formation_noise": [0.1,0.1],
          "formation_step": [2.5,2.0],
          "formation_type": "rows",
          "uniqueName": ""
        },
        "shipTurnRadius": 100.0,
        "tm": [
          [0.880996,0.0,0.473125],
          [0.0,1.0,0.0],
          [-0.473125,0.0,0.880996],
          [4257.49,67.4842,1208.34]
        ],
        "unit_class": "germ_20mm_flak38_helipad",
        "way": [],
        "weapons": ""
      }
    },
    {
      "air_defence": {
        "applyAllMods": false,
        "bullets0": "",
        "bullets1": "",
        "bullets2": "",
        "bullets3": "",
        "bulletsCount0": 0,
        "bulletsCount1": 0,
        "bulletsCount2": 0,
        "bulletsCount3": 0,
        "closed_waypoints": false,
        "crewSkillK": 0.0,
        "isShipSpline": false,
        "name": "t1_helipad_defence_04",
        "objLayer": 1,
        "props": {
          "army": 1,
          "attack_type": "fire_at_will",
          "count": 1,
          "formation_div": 3,
          "formation_noise": [0.1,0.1],
          "formation_step": [2.5,2.0],
          "formation_type": "rows",
          "uniqueName": ""
        },
        "shipTurnRadius": 100.0,
        "tm": [
          [0.880996,0.0,0.473125],
          [0.0,1.0,0.0],
          [-0.473125,0.0,0.880996],
          [4276.99,67.2932,812.623]
        ],
        "unit_class": "germ_20mm_flak38_helipad",
        "way": [],
        "weapons": ""
      }
    },
    {
      "squad": {
        "name": "t2_helipad_aaa_squad",
        "props": [
          {
            "squad_members": "t2_helipad_defence_01"
          },
          {
            "squad_members": "t2_helipad_defence_02"
          },
          {
            "squad_members": "t2_helipad_defence_03"
          },
          {
            "squad_members": "t2_helipad_defence_04"
          },
          {
            "object_marking": 0
          }
        ],
        "tm": [
          [0.140056,0.0,-0.990144],
          [0.0,1.0,0.0],
          [0.990144,0.0,0.140056],
          [-2865.33,24.0359,-2825.51]
        ]
      }
    },
    {
      "squad": {
        "name": "t1_helipad_aaa_squad",
        "props": [
          {
            "squad_members": "t1_helipad_defence_02"
          },
          {
            "squad_members": "t1_helipad_defence_04"
          },
          {
            "squad_members": "t1_helipad_defence_03"
          },
          {
            "squad_members": "t1_helipad_defence_01"
          },
          {
            "object_marking": 0
          }
        ],
        "tm": [
          [-0.529163,0.0,-0.848521],
          [0.0,1.0,0.0],
          [0.848521,0.0,-0.529163],
          [4071.31,67.3992,890.597]
        ]
      }
    }
  ],
  "variables": [],
  "wayPoints": []
}