{
  "airfields": [
    []
  ],
  "areas": [
    {
      "bdt_t1_bomb_zone_01": [
        {
          "objLayer": [
            0
          ],
          "props": [
            []
          ],
          "tm": [
            [
              [-126.786,0.0,-431.769],
              [0.0,450.0,0.0],
              [431.769,0.0,-126.786],
              [3035.81,676.632,-9957.92]
            ]
          ],
          "type": [
            "Sphere"
          ]
        }
      ],
      "bdt_t1_bomb_zone_01_aaa_point_01": [
        {
          "objLayer": [
            0
          ],
          "props": [
            []
          ],
          "tm": [
            [
              [0.302304,0.0,-0.95321],
              [0.0,1.0,0.0],
              [0.95321,0.0,0.302304],
              [3121.31,680.014,-10197.7]
            ]
          ],
          "type": [
            "Point"
          ]
        }
      ],
      "bdt_t1_bomb_zone_01_aaa_point_02": [
        {
          "objLayer": [
            0
          ],
          "props": [
            []
          ],
          "tm": [
            [
              [0.302304,0.0,-0.95321],
              [0.0,1.0,0.0],
              [0.95321,0.0,0.302304],
              [3019.71,673.961,-9705.22]
            ]
          ],
          "type": [
            "Point"
          ]
        }
      ],
      "bdt_t1_bomb_zone_01_aaa_point_03": [
        {
          "objLayer": [
            0
          ],
          "props": [
            []
          ],
          "tm": [
            [
              [0.302304,0.0,-0.95321],
              [0.0,1.0,0.0],
              [0.95321,0.0,0.302304],
              [2806.41,689.493,-10000.1]
            ]
          ],
          "type": [
            "Point"
          ]
        }
      ],
      "bdt_t1_bomb_zone_01_aaa_point_04": [
        {
          "objLayer": [
            0
          ],
          "props": [
            []
          ],
          "tm": [
            [
              [0.302304,0.0,-0.95321],
              [0.0,1.0,0.0],
              [0.95321,0.0,0.302304],
              [2863.71,682.731,-9778.92]
            ]
          ],
          "type": [
            "Point"
          ]
        }
      ],
      "bdt_t1_bomb_zone_02": [
        {
          "objLayer": [
            0
          ],
          "props": [
            []
          ],
          "tm": [
            [
              [106.087,0.0,-437.316],
              [0.0,450.0,0.0],
              [437.316,0.0,106.087],
              [5225.24,513.036,-2592.9]
            ]
          ],
          "type": [
            "Sphere"
          ]
        }
      ],
      "bdt_t1_bomb_zone_02_aaa_point_01": [
        {
          "objLayer": [
            0
          ],
          "props": [
            []
          ],
          "tm": [
            [
              [0.302304,0.0,-0.95321],
              [0.0,1.0,0.0],
              [0.95321,0.0,0.302304],
              [5458.94,536.416,-2729.0]
            ]
          ],
          "type": [
            "Point"
          ]
        }
      ],
      "bdt_t1_bomb_zone_02_aaa_point_02": [
        {
          "objLayer": [
            0
          ],
          "props": [
            []
          ],
          "tm": [
            [
              [0.302304,0.0,-0.95321],
              [0.0,1.0,0.0],
              [0.95321,0.0,0.302304],
              [5587.44,605.977,-2478.25]
            ]
          ],
          "type": [
            "Point"
          ]
        }
      ],
      "bdt_t1_bomb_zone_02_aaa_point_03": [
        {
          "objLayer": [
            0
          ],
          "props": [
            []
          ],
          "tm": [
            [
              [0.302304,0.0,-0.95321],
              [0.0,1.0,0.0],
              [0.95321,0.0,0.302304],
              [5316.74,541.459,-2715.96]
            ]
          ],
          "type": [
            "Point"
          ]
        }
      ],
      "bdt_t1_bomb_zone_02_aaa_point_04": [
        {
          "objLayer": [
            0
          ],
          "props": [
            []
          ],
          "tm": [
            [
              [0.302304,0.0,-0.95321],
              [0.0,1.0,0.0],
              [0.95321,0.0,0.302304],
              [5274.34,589.109,-2578.2]
            ]
          ],
          "type": [
            "Point"
          ]
        }
      ],
      "bdt_t1_bomb_zone_03": [
        {
          "objLayer": [
            0
          ],
          "props": [
            []
          ],
          "tm": [
            [
              [76.3484,0.0,-443.475],
              [0.0,450.0,0.0],
              [443.475,0.0,76.3484],
              [-6798.47,158.108,-8583.2]
            ]
          ],
          "type": [
            "Sphere"
          ]
        }
      ],
      "bdt_t1_bomb_zone_03_aaa_point_01": [
        {
          "objLayer": [
            0
          ],
          "props": [
            []
          ],
          "tm": [
            [
              [0.194719,0.0,-0.980858],
              [0.0,1.0,0.0],
              [0.980858,0.0,0.194719],
              [-6872.07,162.479,-8379.5]
            ]
          ],
          "type": [
            "Point"
          ]
        }
      ],
      "bdt_t1_bomb_zone_03_aaa_point_02": [
        {
          "objLayer": [
            0
          ],
          "props": [
            []
          ],
          "tm": [
            [
              [0.194719,0.0,-0.980858],
              [0.0,1.0,0.0],
              [0.980858,0.0,0.194719],
              [-6581.47,155.161,-8690.7]
            ]
          ],
          "type": [
            "Point"
          ]
        }
      ],
      "bdt_t1_bomb_zone_03_aaa_point_03": [
        {
          "objLayer": [
            0
          ],
          "props": [
            []
          ],
          "tm": [
            [
              [0.194719,0.0,-0.980858],
              [0.0,1.0,0.0],
              [0.980858,0.0,0.194719],
              [-6568.97,161.928,-8411.1]
            ]
          ],
          "type": [
            "Point"
          ]
        }
      ],
      "bdt_t1_bomb_zone_03_aaa_point_04": [
        {
          "objLayer": [
            0
          ],
          "props": [
            []
          ],
          "tm": [
            [
              [0.194719,0.0,-0.980858],
              [0.0,1.0,0.0],
              [0.980858,0.0,0.194719],
              [-6982.57,159.722,-8651.5]
            ]
          ],
          "type": [
            "Point"
          ]
        }
      ],
      "bdt_t1_bomb_zone_04": [
        {
          "objLayer": [
            0
          ],
          "props": [
            []
          ],
          "tm": [
            [
              [76.3484,0.0,-443.475],
              [0.0,450.0,0.0],
              [443.475,0.0,76.3484],
              [-15346.3,24.3303,-3586.7]
            ]
          ],
          "type": [
            "Sphere"
          ]
        }
      ],
      "bdt_t1_bomb_zone_04_aaa_point_01": [
        {
          "objLayer": [
            0
          ],
          "props": [
            []
          ],
          "tm": [
            [
              [0.194719,0.0,-0.980858],
              [0.0,1.0,0.0],
              [0.980858,0.0,0.194719],
              [-15421.9,26.5204,-3894.39]
            ]
          ],
          "type": [
            "Point"
          ]
        }
      ],
      "bdt_t1_bomb_zone_04_aaa_point_02": [
        {
          "objLayer": [
            0
          ],
          "props": [
            []
          ],
          "tm": [
            [
              [0.194719,0.0,-0.980858],
              [0.0,1.0,0.0],
              [0.980858,0.0,0.194719],
              [-15142.5,24.4475,-3736.13]
            ]
          ],
          "type": [
            "Point"
          ]
        }
      ],
      "bdt_t1_bomb_zone_04_aaa_point_03": [
        {
          "objLayer": [
            0
          ],
          "props": [
            []
          ],
          "tm": [
            [
              [0.194719,0.0,-0.980858],
              [0.0,1.0,0.0],
              [0.980858,0.0,0.194719],
              [-15632.8,25.3754,-3637.43]
            ]
          ],
          "type": [
            "Point"
          ]
        }
      ],
      "bdt_t1_bomb_zone_04_aaa_point_04": [
        {
          "objLayer": [
            0
          ],
          "props": [
            []
          ],
          "tm": [
            [
              [0.194719,0.0,-0.980858],
              [0.0,1.0,0.0],
              [0.980858,0.0,0.194719],
              [-15109.8,23.7885,-3380.41]
            ]
          ],
          "type": [
            "Point"
          ]
        }
      ],
      "bdt_t1_bomb_zone_05": [
        {
          "objLayer": [
            0
          ],
          "props": [
            []
          ],
          "tm": [
            [
              [76.3484,0.0,-443.475],
              [0.0,450.0,0.0],
              [443.475,0.0,76.3484],
              [-14282.4,41.5305,-7972.85]
            ]
          ],
          "type": [
            "Sphere"
          ]
        }
      ],
      "bdt_t1_bomb_zone_05_aaa_point_01": [
        {
          "objLayer": [
            0
          ],
          "props": [
            []
          ],
          "tm": [
            [
              [0.194719,0.0,-0.980858],
              [0.0,1.0,0.0],
              [0.980858,0.0,0.194719],
              [-14313.2,41.7885,-7700.54]
            ]
          ],
          "type": [
            "Point"
          ]
        }
      ],
      "bdt_t1_bomb_zone_05_aaa_point_02": [
        {
          "objLayer": [
            0
          ],
          "props": [
            []
          ],
          "tm": [
            [
              [0.194719,0.0,-0.980858],
              [0.0,1.0,0.0],
              [0.980858,0.0,0.194719],
              [-14397.3,40.8875,-7868.1]
            ]
          ],
          "type": [
            "Point"
          ]
        }
      ],
      "bdt_t1_bomb_zone_05_aaa_point_03": [
        {
          "objLayer": [
            0
          ],
          "props": [
            []
          ],
          "tm": [
            [
              [0.194719,0.0,-0.980858],
              [0.0,1.0,0.0],
              [0.980858,0.0,0.194719],
              [-14261.0,42.0975,-8259.78]
            ]
          ],
          "type": [
            "Point"
          ]
        }
      ],
      "bdt_t1_bomb_zone_05_aaa_point_04": [
        {
          "objLayer": [
            0
          ],
          "props": [
            []
          ],
          "tm": [
            [
              [0.194719,0.0,-0.980858],
              [0.0,1.0,0.0],
              [0.980858,0.0,0.194719],
              [-14059.8,42.7995,-8138.71]
            ]
          ],
          "type": [
            "Point"
          ]
        }
      ],
      "bdt_t1_bomb_zone_06": [
        {
          "objLayer": [
            0
          ],
          "props": [
            []
          ],
          "tm": [
            [
              [76.3484,0.0,-443.475],
              [0.0,450.0,0.0],
              [443.475,0.0,76.3484],
              [-10525.3,92.6042,-10554.2]
            ]
          ],
          "type": [
            "Sphere"
          ]
        }
      ],
      "bdt_t1_bomb_zone_06_aaa_point_01": [
        {
          "objLayer": [
            0
          ],
          "props": [
            []
          ],
          "tm": [
            [
              [0.194719,0.0,-0.980858],
              [0.0,1.0,0.0],
              [0.980858,0.0,0.194719],
              [-10840.2,87.8963,-10433.2]
            ]
          ],
          "type": [
            "Point"
          ]
        }
      ],
      "bdt_t1_bomb_zone_06_aaa_point_02": [
        {
          "objLayer": [
            0
          ],
          "props": [
            []
          ],
          "tm": [
            [
              [0.194719,0.0,-0.980858],
              [0.0,1.0,0.0],
              [0.980858,0.0,0.194719],
              [-10647.6,90.1543,-10253.4]
            ]
          ],
          "type": [
            "Point"
          ]
        }
      ],
      "bdt_t1_bomb_zone_06_aaa_point_03": [
        {
          "objLayer": [
            0
          ],
          "props": [
            []
          ],
          "tm": [
            [
              [0.194719,0.0,-0.980858],
              [0.0,1.0,0.0],
              [0.980858,0.0,0.194719],
              [-10220.4,94.1298,-10503.9]
            ]
          ],
          "type": [
            "Point"
          ]
        }
      ],
      "bdt_t1_bomb_zone_06_aaa_point_04": [
        {
          "objLayer": [
            0
          ],
          "props": [
            []
          ],
          "tm": [
            [
              [0.194719,0.0,-0.980858],
              [0.0,1.0,0.0],
              [0.980858,0.0,0.194719],
              [-10601.2,89.9033,-10842.0]
            ]
          ],
          "type": [
            "Point"
          ]
        }
      ],
      "bdt_t1_bomb_zone_07": [
        {
          "objLayer": [
            0
          ],
          "props": [
            []
          ],
          "tm": [
            [
              [76.3484,0.0,-443.475],
              [0.0,450.0,0.0],
              [443.475,0.0,76.3484],
              [-11845.2,117.304,-6803.69]
            ]
          ],
          "type": [
            "Sphere"
          ]
        }
      ],
      "bdt_t1_bomb_zone_07_aaa_point_01": [
        {
          "objLayer": [
            0
          ],
          "props": [
            []
          ],
          "tm": [
            [
              [0.194719,0.0,-0.980858],
              [0.0,1.0,0.0],
              [0.980858,0.0,0.194719],
              [-11559.5,118.606,-6899.34]
            ]
          ],
          "type": [
            "Point"
          ]
        }
      ],
      "bdt_t1_bomb_zone_07_aaa_point_02": [
        {
          "objLayer": [
            0
          ],
          "props": [
            []
          ],
          "tm": [
            [
              [0.194719,0.0,-0.980858],
              [0.0,1.0,0.0],
              [0.980858,0.0,0.194719],
              [-12174.4,111.31,-6688.56]
            ]
          ],
          "type": [
            "Point"
          ]
        }
      ],
      "bdt_t1_bomb_zone_07_aaa_point_03": [
        {
          "objLayer": [
            0
          ],
          "props": [
            []
          ],
          "tm": [
            [
              [0.194719,0.0,-0.980858],
              [0.0,1.0,0.0],
              [0.980858,0.0,0.194719],
              [-11940.2,106.447,-7125.94]
            ]
          ],
          "type": [
            "Point"
          ]
        }
      ],
      "bdt_t1_bomb_zone_07_aaa_point_04": [
        {
          "objLayer": [
            0
          ],
          "props": [
            []
          ],
          "tm": [
            [
              [0.194719,0.0,-0.980858],
              [0.0,1.0,0.0],
              [0.980858,0.0,0.194719],
              [-11536.7,115.875,-6546.35]
            ]
          ],
          "type": [
            "Point"
          ]
        }
      ],
      "bdt_t1_bomb_zone_08": [
        {
          "objLayer": [
            0
          ],
          "props": [
            []
          ],
          "tm": [
            [
              [-126.786,0.0,-431.769],
              [0.0,450.0,0.0],
              [431.769,0.0,-126.786],
              [5851.13,568.61,-6129.96]
            ]
          ],
          "type": [
            "Sphere"
          ]
        }
      ],
      "bdt_t1_bomb_zone_08_aaa_point_01": [
        {
          "objLayer": [
            0
          ],
          "props": [
            []
          ],
          "tm": [
            [
              [0.302304,0.0,-0.95321],
              [0.0,1.0,0.0],
              [0.95321,0.0,0.302304],
              [6114.53,512.454,-5965.13]
            ]
          ],
          "type": [
            "Point"
          ]
        }
      ],
      "bdt_t1_bomb_zone_08_aaa_point_02": [
        {
          "objLayer": [
            0
          ],
          "props": [
            []
          ],
          "tm": [
            [
              [0.302304,0.0,-0.95321],
              [0.0,1.0,0.0],
              [0.95321,0.0,0.302304],
              [5610.63,569.813,-6021.31]
            ]
          ],
          "type": [
            "Point"
          ]
        }
      ],
      "bdt_t1_bomb_zone_08_aaa_point_03": [
        {
          "objLayer": [
            0
          ],
          "props": [
            []
          ],
          "tm": [
            [
              [0.302304,0.0,-0.95321],
              [0.0,1.0,0.0],
              [0.95321,0.0,0.302304],
              [5707.43,567.385,-6345.95]
            ]
          ],
          "type": [
            "Point"
          ]
        }
      ],
      "bdt_t1_bomb_zone_08_aaa_point_04": [
        {
          "objLayer": [
            0
          ],
          "props": [
            []
          ],
          "tm": [
            [
              [0.302304,0.0,-0.95321],
              [0.0,1.0,0.0],
              [0.95321,0.0,0.302304],
              [5938.93,570.501,-6387.56]
            ]
          ],
          "type": [
            "Point"
          ]
        }
      ],
      "bdt_t1_bomb_zone_09": [
        {
          "objLayer": [
            0
          ],
          "props": [
            []
          ],
          "tm": [
            [
              [-126.786,0.0,-431.769],
              [0.0,450.0,0.0],
              [431.769,0.0,-126.786],
              [-1753.44,140.917,-7897.93]
            ]
          ],
          "type": [
            "Sphere"
          ]
        }
      ],
      "bdt_t1_bomb_zone_09_aaa_point_01": [
        {
          "objLayer": [
            0
          ],
          "props": [
            []
          ],
          "tm": [
            [
              [0.302304,0.0,-0.95321],
              [0.0,1.0,0.0],
              [0.95321,0.0,0.302304],
              [-1646.82,140.608,-7470.03]
            ]
          ],
          "type": [
            "Point"
          ]
        }
      ],
      "bdt_t1_bomb_zone_09_aaa_point_02": [
        {
          "objLayer": [
            0
          ],
          "props": [
            []
          ],
          "tm": [
            [
              [0.302304,0.0,-0.95321],
              [0.0,1.0,0.0],
              [0.95321,0.0,0.302304],
              [-2078.74,132.096,-8016.63]
            ]
          ],
          "type": [
            "Point"
          ]
        }
      ],
      "bdt_t1_bomb_zone_09_aaa_point_03": [
        {
          "objLayer": [
            0
          ],
          "props": [
            []
          ],
          "tm": [
            [
              [0.302304,0.0,-0.95321],
              [0.0,1.0,0.0],
              [0.95321,0.0,0.302304],
              [-1303.03,146.303,-7686.43]
            ]
          ],
          "type": [
            "Point"
          ]
        }
      ],
      "bdt_t1_bomb_zone_09_aaa_point_04": [
        {
          "objLayer": [
            0
          ],
          "props": [
            []
          ],
          "tm": [
            [
              [0.302304,0.0,-0.95321],
              [0.0,1.0,0.0],
              [0.95321,0.0,0.302304],
              [-1985.69,132.69,-8228.53]
            ]
          ],
          "type": [
            "Point"
          ]
        }
      ],
      "bdt_t1_bomb_zone_10": [
        {
          "objLayer": [
            0
          ],
          "props": [
            []
          ],
          "tm": [
            [
              [-126.786,0.0,-431.769],
              [0.0,450.0,0.0],
              [431.769,0.0,-126.786],
              [1888.25,317.941,-6001.21]
            ]
          ],
          "type": [
            "Sphere"
          ]
        }
      ],
      "bdt_t1_bomb_zone_10_aaa_point_01": [
        {
          "objLayer": [
            0
          ],
          "props": [
            []
          ],
          "tm": [
            [
              [0.302304,0.0,-0.95321],
              [0.0,1.0,0.0],
              [0.95321,0.0,0.302304],
              [1741.35,308.601,-5662.31]
            ]
          ],
          "type": [
            "Point"
          ]
        }
      ],
      "bdt_t1_bomb_zone_10_aaa_point_02": [
        {
          "objLayer": [
            0
          ],
          "props": [
            []
          ],
          "tm": [
            [
              [0.302304,0.0,-0.95321],
              [0.0,1.0,0.0],
              [0.95321,0.0,0.302304],
              [2116.04,303.849,-5805.83]
            ]
          ],
          "type": [
            "Point"
          ]
        }
      ],
      "bdt_t1_bomb_zone_10_aaa_point_03": [
        {
          "objLayer": [
            0
          ],
          "props": [
            []
          ],
          "tm": [
            [
              [0.302304,0.0,-0.95321],
              [0.0,1.0,0.0],
              [0.95321,0.0,0.302304],
              [1649.35,294.895,-6113.96]
            ]
          ],
          "type": [
            "Point"
          ]
        }
      ],
      "bdt_t1_bomb_zone_10_aaa_point_04": [
        {
          "objLayer": [
            0
          ],
          "props": [
            []
          ],
          "tm": [
            [
              [0.302304,0.0,-0.95321],
              [0.0,1.0,0.0],
              [0.95321,0.0,0.302304],
              [1981.35,334.948,-6308.1]
            ]
          ],
          "type": [
            "Point"
          ]
        }
      ],
      "bdt_t2_bomb_zone_01": [
        {
          "objLayer": [
            0
          ],
          "props": [
            []
          ],
          "tm": [
            [
              [-300.049,0.0,-335.369],
              [0.0,450.0,0.0],
              [335.369,0.0,-300.049],
              [1898.53,804.649,11107.4]
            ]
          ],
          "type": [
            "Sphere"
          ]
        }
      ],
      "bdt_t2_bomb_zone_01_aaa_point_01": [
        {
          "objLayer": [
            0
          ],
          "props": [
            []
          ],
          "tm": [
            [
              [-0.136721,0.0,-0.990608],
              [0.0,1.0,0.0],
              [0.990608,0.0,-0.136721],
              [1673.13,806.782,11111.5]
            ]
          ],
          "type": [
            "Point"
          ]
        }
      ],
      "bdt_t2_bomb_zone_01_aaa_point_02": [
        {
          "objLayer": [
            0
          ],
          "props": [
            []
          ],
          "tm": [
            [
              [-0.136721,0.0,-0.990608],
              [0.0,1.0,0.0],
              [0.990608,0.0,-0.136721],
              [2173.03,806.408,11207.7]
            ]
          ],
          "type": [
            "Point"
          ]
        }
      ],
      "bdt_t2_bomb_zone_01_aaa_point_03": [
        {
          "objLayer": [
            0
          ],
          "props": [
            []
          ],
          "tm": [
            [
              [-0.136721,0.0,-0.990608],
              [0.0,1.0,0.0],
              [0.990608,0.0,-0.136721],
              [2164.83,804.99,11089.0]
            ]
          ],
          "type": [
            "Point"
          ]
        }
      ],
      "bdt_t2_bomb_zone_01_aaa_point_04": [
        {
          "objLayer": [
            0
          ],
          "props": [
            []
          ],
          "tm": [
            [
              [-0.136721,0.0,-0.990608],
              [0.0,1.0,0.0],
              [0.990608,0.0,-0.136721],
              [2135.53,801.252,10704.6]
            ]
          ],
          "type": [
            "Point"
          ]
        }
      ],
      "bdt_t2_bomb_zone_02": [
        {
          "objLayer": [
            0
          ],
          "props": [
            []
          ],
          "tm": [
            [
              [-261.002,0.0,-366.578],
              [0.0,450.0,0.0],
              [366.578,0.0,-261.002],
              [-11026.1,358.195,12141.8]
            ]
          ],
          "type": [
            "Sphere"
          ]
        }
      ],
      "bdt_t2_bomb_zone_02_aaa_point_01": [
        {
          "objLayer": [
            0
          ],
          "props": [
            []
          ],
          "tm": [
            [
              [-0.0260099,0.0,-0.99966],
              [0.0,1.0,0.0],
              [0.99966,0.0,-0.0260099],
              [-11170.3,355.555,12344.2]
            ]
          ],
          "type": [
            "Point"
          ]
        }
      ],
      "bdt_t2_bomb_zone_02_aaa_point_02": [
        {
          "objLayer": [
            0
          ],
          "props": [
            []
          ],
          "tm": [
            [
              [-0.0260099,0.0,-0.99966],
              [0.0,1.0,0.0],
              [0.99966,0.0,-0.0260099],
              [-10707.2,357.396,12068.3]
            ]
          ],
          "type": [
            "Point"
          ]
        }
      ],
      "bdt_t2_bomb_zone_02_aaa_point_03": [
        {
          "objLayer": [
            0
          ],
          "props": [
            []
          ],
          "tm": [
            [
              [-0.0260099,0.0,-0.99966],
              [0.0,1.0,0.0],
              [0.99966,0.0,-0.0260099],
              [-10909.9,361.206,12396.0]
            ]
          ],
          "type": [
            "Point"
          ]
        }
      ],
      "bdt_t2_bomb_zone_02_aaa_point_04": [
        {
          "objLayer": [
            0
          ],
          "props": [
            []
          ],
          "tm": [
            [
              [-0.0260099,0.0,-0.99966],
              [0.0,1.0,0.0],
              [0.99966,0.0,-0.0260099],
              [-11071.1,355.485,11916.8]
            ]
          ],
          "type": [
            "Point"
          ]
        }
      ],
      "bdt_t2_bomb_zone_03": [
        {
          "objLayer": [
            0
          ],
          "props": [
            []
          ],
          "tm": [
            [
              [204.639,0.0,-400.777],
              [0.0,450.0,0.0],
              [400.777,0.0,204.639],
              [-15450.9,29.1027,8365.88]
            ]
          ],
          "type": [
            "Sphere"
          ]
        }
      ],
      "bdt_t2_bomb_zone_03_aaa_point_01": [
        {
          "objLayer": [
            0
          ],
          "props": [
            []
          ],
          "tm": [
            [
              [-0.0260099,0.0,-0.99966],
              [0.0,1.0,0.0],
              [0.99966,0.0,-0.0260099],
              [-15746.0,31.9027,8324.67]
            ]
          ],
          "type": [
            "Point"
          ]
        }
      ],
      "bdt_t2_bomb_zone_03_aaa_point_02": [
        {
          "objLayer": [
            0
          ],
          "props": [
            []
          ],
          "tm": [
            [
              [-0.0260099,0.0,-0.99966],
              [0.0,1.0,0.0],
              [0.99966,0.0,-0.0260099],
              [-15182.8,25.8427,8248.48]
            ]
          ],
          "type": [
            "Point"
          ]
        }
      ],
      "bdt_t2_bomb_zone_03_aaa_point_03": [
        {
          "objLayer": [
            0
          ],
          "props": [
            []
          ],
          "tm": [
            [
              [-0.0260099,0.0,-0.99966],
              [0.0,1.0,0.0],
              [0.99966,0.0,-0.0260099],
              [-15192.9,26.2327,8555.78]
            ]
          ],
          "type": [
            "Point"
          ]
        }
      ],
      "bdt_t2_bomb_zone_03_aaa_point_04": [
        {
          "objLayer": [
            0
          ],
          "props": [
            []
          ],
          "tm": [
            [
              [-0.0260099,0.0,-0.99966],
              [0.0,1.0,0.0],
              [0.99966,0.0,-0.0260099],
              [-15689.9,31.7627,8547.17]
            ]
          ],
          "type": [
            "Point"
          ]
        }
      ],
      "bdt_t2_bomb_zone_04": [
        {
          "objLayer": [
            0
          ],
          "props": [
            []
          ],
          "tm": [
            [
              [-53.4256,0.0,-446.816],
              [0.0,450.0,0.0],
              [446.816,0.0,-53.4256],
              [2162.83,1364.92,14898.1]
            ]
          ],
          "type": [
            "Sphere"
          ]
        }
      ],
      "bdt_t2_bomb_zone_04_aaa_point_01": [
        {
          "objLayer": [
            0
          ],
          "props": [
            []
          ],
          "tm": [
            [
              [-0.136721,0.0,-0.990608],
              [0.0,1.0,0.0],
              [0.990608,0.0,-0.136721],
              [2358.53,1360.77,14629.6]
            ]
          ],
          "type": [
            "Point"
          ]
        }
      ],
      "bdt_t2_bomb_zone_04_aaa_point_02": [
        {
          "objLayer": [
            0
          ],
          "props": [
            []
          ],
          "tm": [
            [
              [-0.136721,0.0,-0.990608],
              [0.0,1.0,0.0],
              [0.990608,0.0,-0.136721],
              [2399.73,1360.53,15085.6]
            ]
          ],
          "type": [
            "Point"
          ]
        }
      ],
      "bdt_t2_bomb_zone_04_aaa_point_03": [
        {
          "objLayer": [
            0
          ],
          "props": [
            []
          ],
          "tm": [
            [
              [-0.136721,0.0,-0.990608],
              [0.0,1.0,0.0],
              [0.990608,0.0,-0.136721],
              [1909.63,1360.37,14814.3]
            ]
          ],
          "type": [
            "Point"
          ]
        }
      ],
      "bdt_t2_bomb_zone_04_aaa_point_04": [
        {
          "objLayer": [
            0
          ],
          "props": [
            []
          ],
          "tm": [
            [
              [-0.136721,0.0,-0.990608],
              [0.0,1.0,0.0],
              [0.990608,0.0,-0.136721],
              [1969.13,1320.63,15051.3]
            ]
          ],
          "type": [
            "Point"
          ]
        }
      ],
      "bdt_t2_bomb_zone_05": [
        {
          "objLayer": [
            0
          ],
          "props": [
            []
          ],
          "tm": [
            [
              [-53.4256,0.0,-446.816],
              [0.0,450.0,0.0],
              [446.816,0.0,-53.4256],
              [6802.46,1278.11,11559.8]
            ]
          ],
          "type": [
            "Sphere"
          ]
        }
      ],
      "bdt_t2_bomb_zone_05_aaa_point_01": [
        {
          "objLayer": [
            0
          ],
          "props": [
            []
          ],
          "tm": [
            [
              [-0.136721,0.0,-0.990608],
              [0.0,1.0,0.0],
              [0.990608,0.0,-0.136721],
              [6480.46,1277.8,11689.1]
            ]
          ],
          "type": [
            "Point"
          ]
        }
      ],
      "bdt_t2_bomb_zone_05_aaa_point_02": [
        {
          "objLayer": [
            0
          ],
          "props": [
            []
          ],
          "tm": [
            [
              [-0.136721,0.0,-0.990608],
              [0.0,1.0,0.0],
              [0.990608,0.0,-0.136721],
              [6973.46,1280.69,11225.6]
            ]
          ],
          "type": [
            "Point"
          ]
        }
      ],
      "bdt_t2_bomb_zone_05_aaa_point_03": [
        {
          "objLayer": [
            0
          ],
          "props": [
            []
          ],
          "tm": [
            [
              [-0.136721,0.0,-0.990608],
              [0.0,1.0,0.0],
              [0.990608,0.0,-0.136721],
              [7101.75,1279.84,11386.8]
            ]
          ],
          "type": [
            "Point"
          ]
        }
      ],
      "bdt_t2_bomb_zone_05_aaa_point_04": [
        {
          "objLayer": [
            0
          ],
          "props": [
            []
          ],
          "tm": [
            [
              [-0.136721,0.0,-0.990608],
              [0.0,1.0,0.0],
              [0.990608,0.0,-0.136721],
              [6890.36,1277.49,11874.0]
            ]
          ],
          "type": [
            "Point"
          ]
        }
      ],
      "bdt_t2_bomb_zone_06": [
        {
          "objLayer": [
            0
          ],
          "props": [
            []
          ],
          "tm": [
            [
              [162.507,0.0,-419.634],
              [0.0,450.0,0.0],
              [419.634,0.0,162.507],
              [6299.39,1444.27,6798.36]
            ]
          ],
          "type": [
            "Sphere"
          ]
        }
      ],
      "bdt_t2_bomb_zone_06_aaa_point_01": [
        {
          "objLayer": [
            0
          ],
          "props": [
            []
          ],
          "tm": [
            [
              [0.344146,0.0,-0.938919],
              [0.0,1.0,0.0],
              [0.938919,0.0,0.344146],
              [6135.39,1496.06,7100.76]
            ]
          ],
          "type": [
            "Point"
          ]
        }
      ],
      "bdt_t2_bomb_zone_06_aaa_point_02": [
        {
          "objLayer": [
            0
          ],
          "props": [
            []
          ],
          "tm": [
            [
              [0.344146,0.0,-0.938919],
              [0.0,1.0,0.0],
              [0.938919,0.0,0.344146],
              [6682.19,1490.17,6566.06]
            ]
          ],
          "type": [
            "Point"
          ]
        }
      ],
      "bdt_t2_bomb_zone_06_aaa_point_03": [
        {
          "objLayer": [
            0
          ],
          "props": [
            []
          ],
          "tm": [
            [
              [0.344146,0.0,-0.938919],
              [0.0,1.0,0.0],
              [0.938919,0.0,0.344146],
              [6481.69,1406.9,6376.16]
            ]
          ],
          "type": [
            "Point"
          ]
        }
      ],
      "bdt_t2_bomb_zone_06_aaa_point_04": [
        {
          "objLayer": [
            0
          ],
          "props": [
            []
          ],
          "tm": [
            [
              [0.344146,0.0,-0.938919],
              [0.0,1.0,0.0],
              [0.938919,0.0,0.344146],
              [5935.19,1489.78,6389.06]
            ]
          ],
          "type": [
            "Point"
          ]
        }
      ],
      "bdt_t2_bomb_zone_07": [
        {
          "objLayer": [
            0
          ],
          "props": [
            []
          ],
          "tm": [
            [
              [-53.4256,0.0,-446.816],
              [0.0,450.0,0.0],
              [446.816,0.0,-53.4256],
              [-2534.03,1500.84,13939.3]
            ]
          ],
          "type": [
            "Sphere"
          ]
        }
      ],
      "bdt_t2_bomb_zone_07_aaa_point_01": [
        {
          "objLayer": [
            0
          ],
          "props": [
            []
          ],
          "tm": [
            [
              [-0.136721,0.0,-0.990608],
              [0.0,1.0,0.0],
              [0.990608,0.0,-0.136721],
              [-2934.91,1451.3,14082.9]
            ]
          ],
          "type": [
            "Point"
          ]
        }
      ],
      "bdt_t2_bomb_zone_07_aaa_point_02": [
        {
          "objLayer": [
            0
          ],
          "props": [
            []
          ],
          "tm": [
            [
              [-0.136721,0.0,-0.990608],
              [0.0,1.0,0.0],
              [0.990608,0.0,-0.136721],
              [-2309.36,1496.7,13575.2]
            ]
          ],
          "type": [
            "Point"
          ]
        }
      ],
      "bdt_t2_bomb_zone_07_aaa_point_03": [
        {
          "objLayer": [
            0
          ],
          "props": [
            []
          ],
          "tm": [
            [
              [-0.136721,0.0,-0.990608],
              [0.0,1.0,0.0],
              [0.990608,0.0,-0.136721],
              [-2082.76,1503.04,14000.0]
            ]
          ],
          "type": [
            "Point"
          ]
        }
      ],
      "bdt_t2_bomb_zone_07_aaa_point_04": [
        {
          "objLayer": [
            0
          ],
          "props": [
            []
          ],
          "tm": [
            [
              [-0.136721,0.0,-0.990608],
              [0.0,1.0,0.0],
              [0.990608,0.0,-0.136721],
              [-2639.04,1511.46,14328.0]
            ]
          ],
          "type": [
            "Point"
          ]
        }
      ],
      "bdt_t2_bomb_zone_08": [
        {
          "objLayer": [
            0
          ],
          "props": [
            []
          ],
          "tm": [
            [
              [204.639,0.0,-400.777],
              [0.0,450.0,0.0],
              [400.777,0.0,204.639],
              [-12289.2,157.495,14965.8]
            ]
          ],
          "type": [
            "Sphere"
          ]
        }
      ],
      "bdt_t2_bomb_zone_08_aaa_point_01": [
        {
          "objLayer": [
            0
          ],
          "props": [
            []
          ],
          "tm": [
            [
              [-0.0260099,0.0,-0.99966],
              [0.0,1.0,0.0],
              [0.99966,0.0,-0.0260099],
              [-12341.8,158.266,14747.7]
            ]
          ],
          "type": [
            "Point"
          ]
        }
      ],
      "bdt_t2_bomb_zone_08_aaa_point_02": [
        {
          "objLayer": [
            0
          ],
          "props": [
            []
          ],
          "tm": [
            [
              [-0.0260099,0.0,-0.99966],
              [0.0,1.0,0.0],
              [0.99966,0.0,-0.0260099],
              [-12449.8,155.712,15186.3]
            ]
          ],
          "type": [
            "Point"
          ]
        }
      ],
      "bdt_t2_bomb_zone_08_aaa_point_03": [
        {
          "objLayer": [
            0
          ],
          "props": [
            []
          ],
          "tm": [
            [
              [-0.0260099,0.0,-0.99966],
              [0.0,1.0,0.0],
              [0.99966,0.0,-0.0260099],
              [-11959.2,156.485,14965.2]
            ]
          ],
          "type": [
            "Point"
          ]
        }
      ],
      "bdt_t2_bomb_zone_08_aaa_point_04": [
        {
          "objLayer": [
            0
          ],
          "props": [
            []
          ],
          "tm": [
            [
              [-0.0260099,0.0,-0.99966],
              [0.0,1.0,0.0],
              [0.99966,0.0,-0.0260099],
              [-12150.8,155.938,15188.0]
            ]
          ],
          "type": [
            "Point"
          ]
        }
      ],
      "bdt_t2_bomb_zone_09": [
        {
          "objLayer": [
            0
          ],
          "props": [
            []
          ],
          "tm": [
            [
              [204.639,0.0,-400.777],
              [0.0,450.0,0.0],
              [400.777,0.0,204.639],
              [-17243.8,78.8731,11464.8]
            ]
          ],
          "type": [
            "Sphere"
          ]
        }
      ],
      "bdt_t2_bomb_zone_09_aaa_point_01": [
        {
          "objLayer": [
            0
          ],
          "props": [
            []
          ],
          "tm": [
            [
              [-0.0260099,0.0,-0.99966],
              [0.0,1.0,0.0],
              [0.99966,0.0,-0.0260099],
              [-17575.1,93.4311,11248.8]
            ]
          ],
          "type": [
            "Point"
          ]
        }
      ],
      "bdt_t2_bomb_zone_09_aaa_point_02": [
        {
          "objLayer": [
            0
          ],
          "props": [
            []
          ],
          "tm": [
            [
              [-0.0260099,0.0,-0.99966],
              [0.0,1.0,0.0],
              [0.99966,0.0,-0.0260099],
              [-17147.1,88.5211,11745.9]
            ]
