{
  "airfields": [
    []
  ],
  "areas": [
    {
      "bdt_t1_bomb_zone_01": [
        {
          "objLayer": [
            0
          ],
          "props": [
            []
          ],
          "tm": [
            [
              [-126.785,0.0,-431.769],
              [0.0,450.0,0.0],
              [431.769,0.0,-126.785],
              [834.064,127.715,-8772.16]
            ]
          ],
          "type": [
            "Sphere"
          ]
        }
      ],
      "bdt_t1_bomb_zone_01_aaa_point_01": [
        {
          "objLayer": [
            0
          ],
          "props": [
            []
          ],
          "tm": [
            [
              [0.302305,0.0,-0.953211],
              [0.0,1.0,0.0],
              [0.953211,0.0,0.302305],
              [919.564,131.097,-9011.96]
            ]
          ],
          "type": [
            "Point"
          ]
        }
      ],
      "bdt_t1_bomb_zone_01_aaa_point_02": [
        {
          "objLayer": [
            0
          ],
          "props": [
            []
          ],
          "tm": [
            [
              [0.302305,0.0,-0.953211],
              [0.0,1.0,0.0],
              [0.953211,0.0,0.302305],
              [818.064,125.044,-8519.46]
            ]
          ],
          "type": [
            "Point"
          ]
        }
      ],
      "bdt_t1_bomb_zone_01_aaa_point_03": [
        {
          "objLayer": [
            0
          ],
          "props": [
            []
          ],
          "tm": [
            [
              [0.302305,0.0,-0.953211],
              [0.0,1.0,0.0],
              [0.953211,0.0,0.302305],
              [604.665,140.576,-8814.36]
            ]
          ],
          "type": [
            "Point"
          ]
        }
      ],
      "bdt_t1_bomb_zone_01_aaa_point_04": [
        {
          "objLayer": [
            0
          ],
          "props": [
            []
          ],
          "tm": [
            [
              [0.302305,0.0,-0.953211],
              [0.0,1.0,0.0],
              [0.953211,0.0,0.302305],
              [661.965,133.814,-8593.16]
            ]
          ],
          "type": [
            "Point"
          ]
        }
      ],
      "bdt_t1_bomb_zone_02": [
        {
          "objLayer": [
            0
          ],
          "props": [
            []
          ],
          "tm": [
            [
              [106.087,0.0,-437.316],
              [0.0,450.0,0.0],
              [437.316,0.0,106.087],
              [3743.85,314.158,-869.07]
            ]
          ],
          "type": [
            "Sphere"
          ]
        }
      ],
      "bdt_t1_bomb_zone_02_aaa_point_01": [
        {
          "objLayer": [
            0
          ],
          "props": [
            []
          ],
          "tm": [
            [
              [0.302305,0.0,-0.953211],
              [0.0,1.0,0.0],
              [0.953211,0.0,0.302305],
              [4008.95,311.899,-891.69]
            ]
          ],
          "type": [
            "Point"
          ]
        }
      ],
      "bdt_t1_bomb_zone_02_aaa_point_02": [
        {
          "objLayer": [
            0
          ],
          "props": [
            []
          ],
          "tm": [
            [
              [0.302305,0.0,-0.953211],
              [0.0,1.0,0.0],
              [0.953211,0.0,0.302305],
              [3840.85,381.459,-669.23]
            ]
          ],
          "type": [
            "Point"
          ]
        }
      ],
      "bdt_t1_bomb_zone_02_aaa_point_03": [
        {
          "objLayer": [
            0
          ],
          "props": [
            []
          ],
          "tm": [
            [
              [0.302305,0.0,-0.953211],
              [0.0,1.0,0.0],
              [0.953211,0.0,0.302305],
              [3467.95,342.581,-1051.25]
            ]
          ],
          "type": [
            "Point"
          ]
        }
      ],
      "bdt_t1_bomb_zone_02_aaa_point_04": [
        {
          "objLayer": [
            0
          ],
          "props": [
            []
          ],
          "tm": [
            [
              [0.302305,0.0,-0.953211],
              [0.0,1.0,0.0],
              [0.953211,0.0,0.302305],
              [3628.75,390.231,-615.16]
            ]
          ],
          "type": [
            "Point"
          ]
        }
      ],
      "bdt_t1_bomb_zone_03": [
        {
          "objLayer": [
            0
          ],
          "props": [
            []
          ],
          "tm": [
            [
              [76.3483,0.0,-443.475],
              [0.0,450.0,0.0],
              [443.475,0.0,76.3483],
              [-7766.41,120.233,-5936.89]
            ]
          ],
          "type": [
            "Sphere"
          ]
        }
      ],
      "bdt_t1_bomb_zone_03_aaa_point_01": [
        {
          "objLayer": [
            0
          ],
          "props": [
            []
          ],
          "tm": [
            [
              [0.19472,0.0,-0.980859],
              [0.0,1.0,0.0],
              [0.980859,0.0,0.19472],
              [-8033.31,124.604,-5783.62]
            ]
          ],
          "type": [
            "Point"
          ]
        }
      ],
      "bdt_t1_bomb_zone_03_aaa_point_02": [
        {
          "objLayer": [
            0
          ],
          "props": [
            []
          ],
          "tm": [
            [
              [0.19472,0.0,-0.980859],
              [0.0,1.0,0.0],
              [0.980859,0.0,0.19472],
              [-7549.41,117.286,-6044.47]
            ]
          ],
          "type": [
            "Point"
          ]
        }
      ],
      "bdt_t1_bomb_zone_03_aaa_point_03": [
        {
          "objLayer": [
            0
          ],
          "props": [
            []
          ],
          "tm": [
            [
              [0.19472,0.0,-0.980859],
              [0.0,1.0,0.0],
              [0.980859,0.0,0.19472],
              [-7536.91,124.053,-5764.83]
            ]
          ],
          "type": [
            "Point"
          ]
        }
      ],
      "bdt_t1_bomb_zone_03_aaa_point_04": [
        {
          "objLayer": [
            0
          ],
          "props": [
            []
          ],
          "tm": [
            [
              [0.19472,0.0,-0.980859],
              [0.0,1.0,0.0],
              [0.980859,0.0,0.19472],
              [-7904.51,121.847,-6158.24]
            ]
          ],
          "type": [
            "Point"
          ]
        }
      ],
      "bdt_t1_bomb_zone_04": [
        {
          "objLayer": [
            0
          ],
          "props": [
            []
          ],
          "tm": [
            [
              [76.3483,0.0,-443.475],
              [0.0,450.0,0.0],
              [443.475,0.0,76.3483],
              [-15654.4,29.632,-2156.1]
            ]
          ],
          "type": [
            "Sphere"
          ]
        }
      ],
      "bdt_t1_bomb_zone_04_aaa_point_01": [
        {
          "objLayer": [
            0
          ],
          "props": [
            []
          ],
          "tm": [
            [
              [0.19472,0.0,-0.980859],
              [0.0,1.0,0.0],
              [0.980859,0.0,0.19472],
              [-15730.0,68.036,-2463.78]
            ]
          ],
          "type": [
            "Point"
          ]
        }
      ],
      "bdt_t1_bomb_zone_04_aaa_point_02": [
        {
          "objLayer": [
            0
          ],
          "props": [
            []
          ],
          "tm": [
            [
              [0.19472,0.0,-0.980859],
              [0.0,1.0,0.0],
              [0.980859,0.0,0.19472],
              [-15450.5,29.749,-2305.5]
            ]
          ],
          "type": [
            "Point"
          ]
        }
      ],
      "bdt_t1_bomb_zone_04_aaa_point_03": [
        {
          "objLayer": [
            0
          ],
          "props": [
            []
          ],
          "tm": [
            [
              [0.19472,0.0,-0.980859],
              [0.0,1.0,0.0],
              [0.980859,0.0,0.19472],
              [-15940.8,66.891,-2206.81]
            ]
          ],
          "type": [
            "Point"
          ]
        }
      ],
      "bdt_t1_bomb_zone_04_aaa_point_04": [
        {
          "objLayer": [
            0
          ],
          "props": [
            []
          ],
          "tm": [
            [
              [0.19472,0.0,-0.980859],
              [0.0,1.0,0.0],
              [0.980859,0.0,0.19472],
              [-15417.8,29.09,-1949.8]
            ]
          ],
          "type": [
            "Point"
          ]
        }
      ],
      "bdt_t1_bomb_zone_05": [
        {
          "objLayer": [
            0
          ],
          "props": [
            []
          ],
          "tm": [
            [
              [76.3483,0.0,-443.475],
              [0.0,450.0,0.0],
              [443.475,0.0,76.3483],
              [-11984.2,53.8086,-4867.43]
            ]
          ],
          "type": [
            "Sphere"
          ]
        }
      ],
      "bdt_t1_bomb_zone_05_aaa_point_01": [
        {
          "objLayer": [
            0
          ],
          "props": [
            []
          ],
          "tm": [
            [
              [0.19472,0.0,-0.980859],
              [0.0,1.0,0.0],
              [0.980859,0.0,0.19472],
              [-12015.0,54.0666,-4595.13]
            ]
          ],
          "type": [
            "Point"
          ]
        }
      ],
      "bdt_t1_bomb_zone_05_aaa_point_02": [
        {
          "objLayer": [
            0
          ],
          "props": [
            []
          ],
          "tm": [
            [
              [0.19472,0.0,-0.980859],
              [0.0,1.0,0.0],
              [0.980859,0.0,0.19472],
              [-12099.0,53.1656,-4762.68]
            ]
          ],
          "type": [
            "Point"
          ]
        }
      ],
      "bdt_t1_bomb_zone_05_aaa_point_03": [
        {
          "objLayer": [
            0
          ],
          "props": [
            []
          ],
          "tm": [
            [
              [0.19472,0.0,-0.980859],
              [0.0,1.0,0.0],
              [0.980859,0.0,0.19472],
              [-11962.7,54.3756,-5154.36]
            ]
          ],
          "type": [
            "Point"
          ]
        }
      ],
      "bdt_t1_bomb_zone_05_aaa_point_04": [
        {
          "objLayer": [
            0
          ],
          "props": [
            []
          ],
          "tm": [
            [
              [0.19472,0.0,-0.980859],
              [0.0,1.0,0.0],
              [0.980859,0.0,0.19472],
              [-11761.6,55.0776,-5033.3]
            ]
          ],
          "type": [
            "Point"
          ]
        }
      ],
      "bdt_t1_bomb_zone_06": [
        {
          "objLayer": [
            0
          ],
          "props": [
            []
          ],
          "tm": [
            [
              [76.3483,0.0,-443.475],
              [0.0,450.0,0.0],
              [443.475,0.0,76.3483],
              [-10953.1,164.007,-8545.53]
            ]
          ],
          "type": [
            "Sphere"
          ]
        }
      ],
      "bdt_t1_bomb_zone_06_aaa_point_01": [
        {
          "objLayer": [
            0
          ],
          "props": [
            []
          ],
          "tm": [
            [
              [0.19472,0.0,-0.980859],
              [0.0,1.0,0.0],
              [0.980859,0.0,0.19472],
              [-11268.0,159.299,-8424.53]
            ]
          ],
          "type": [
            "Point"
          ]
        }
      ],
      "bdt_t1_bomb_zone_06_aaa_point_02": [
        {
          "objLayer": [
            0
          ],
          "props": [
            []
          ],
          "tm": [
            [
              [0.19472,0.0,-0.980859],
              [0.0,1.0,0.0],
              [0.980859,0.0,0.19472],
              [-11075.3,161.557,-8244.73]
            ]
          ],
          "type": [
            "Point"
          ]
        }
      ],
      "bdt_t1_bomb_zone_06_aaa_point_03": [
        {
          "objLayer": [
            0
          ],
          "props": [
            []
          ],
          "tm": [
            [
              [0.19472,0.0,-0.980859],
              [0.0,1.0,0.0],
              [0.980859,0.0,0.19472],
              [-10648.0,165.532,-8495.33]
            ]
          ],
          "type": [
            "Point"
          ]
        }
      ],
      "bdt_t1_bomb_zone_06_aaa_point_04": [
        {
          "objLayer": [
            0
          ],
          "props": [
            []
          ],
          "tm": [
            [
              [0.19472,0.0,-0.980859],
              [0.0,1.0,0.0],
              [0.980859,0.0,0.19472],
              [-11028.8,161.306,-8833.42]
            ]
          ],
          "type": [
            "Point"
          ]
        }
      ],
      "bdt_t1_bomb_zone_07": [
        {
          "objLayer": [
            0
          ],
          "props": [
            []
          ],
          "tm": [
            [
              [76.3483,0.0,-443.475],
              [0.0,450.0,0.0],
              [443.475,0.0,76.3483],
              [-14099.6,102.49,-6865.06]
            ]
          ],
          "type": [
            "Sphere"
          ]
        }
      ],
      "bdt_t1_bomb_zone_07_aaa_point_01": [
        {
          "objLayer": [
            0
          ],
          "props": [
            []
          ],
          "tm": [
            [
              [0.19472,0.0,-0.980859],
              [0.0,1.0,0.0],
              [0.980859,0.0,0.19472],
              [-13814.0,103.792,-6960.75]
            ]
          ],
          "type": [
            "Point"
          ]
        }
      ],
      "bdt_t1_bomb_zone_07_aaa_point_02": [
        {
          "objLayer": [
            0
          ],
          "props": [
            []
          ],
          "tm": [
            [
              [0.19472,0.0,-0.980859],
              [0.0,1.0,0.0],
              [0.980859,0.0,0.19472],
              [-14334.0,96.4966,-6709.9]
            ]
          ],
          "type": [
            "Point"
          ]
        }
      ],
      "bdt_t1_bomb_zone_07_aaa_point_03": [
        {
          "objLayer": [
            0
          ],
          "props": [
            []
          ],
          "tm": [
            [
              [0.19472,0.0,-0.980859],
              [0.0,1.0,0.0],
              [0.980859,0.0,0.19472],
              [-14194.8,91.6331,-7187.4]
            ]
          ],
          "type": [
            "Point"
          ]
        }
      ],
      "bdt_t1_bomb_zone_07_aaa_point_04": [
        {
          "objLayer": [
            0
          ],
          "props": [
            []
          ],
          "tm": [
            [
              [0.19472,0.0,-0.980859],
              [0.0,1.0,0.0],
              [0.980859,0.0,0.19472],
              [-13815.4,101.061,-6750.1]
            ]
          ],
          "type": [
            "Point"
          ]
        }
      ],
      "bdt_t1_bomb_zone_08": [
        {
          "objLayer": [
            0
          ],
          "props": [
            []
          ],
          "tm": [
            [
              [-126.785,0.0,-431.769],
              [0.0,450.0,0.0],
              [431.769,0.0,-126.785],
              [1359.04,481.941,-3893.46]
            ]
          ],
          "type": [
            "Sphere"
          ]
        }
      ],
      "bdt_t1_bomb_zone_08_aaa_point_01": [
        {
          "objLayer": [
            0
          ],
          "props": [
            []
          ],
          "tm": [
            [
              [0.302305,0.0,-0.953211],
              [0.0,1.0,0.0],
              [0.953211,0.0,0.302305],
              [1622.54,425.786,-3728.63]
            ]
          ],
          "type": [
            "Point"
          ]
        }
      ],
      "bdt_t1_bomb_zone_08_aaa_point_02": [
        {
          "objLayer": [
            0
          ],
          "props": [
            []
          ],
          "tm": [
            [
              [0.302305,0.0,-0.953211],
              [0.0,1.0,0.0],
              [0.953211,0.0,0.302305],
              [1165.24,483.144,-3656.74]
            ]
          ],
          "type": [
            "Point"
          ]
        }
      ],
      "bdt_t1_bomb_zone_08_aaa_point_03": [
        {
          "objLayer": [
            0
          ],
          "props": [
            []
          ],
          "tm": [
            [
              [0.302305,0.0,-0.953211],
              [0.0,1.0,0.0],
              [0.953211,0.0,0.302305],
              [1041.54,480.716,-4058.33]
            ]
          ],
          "type": [
            "Point"
          ]
        }
      ],
      "bdt_t1_bomb_zone_08_aaa_point_04": [
        {
          "objLayer": [
            0
          ],
          "props": [
            []
          ],
          "tm": [
            [
              [0.302305,0.0,-0.953211],
              [0.0,1.0,0.0],
              [0.953211,0.0,0.302305],
              [1446.94,483.832,-4151.05]
            ]
          ],
          "type": [
            "Point"
          ]
        }
      ],
      "bdt_t1_bomb_zone_09": [
        {
          "objLayer": [
            0
          ],
          "props": [
            []
          ],
          "tm": [
            [
              [-126.785,0.0,-431.769],
              [0.0,450.0,0.0],
              [431.769,0.0,-126.785],
              [-2954.24,168.838,-6814.79]
            ]
          ],
          "type": [
            "Sphere"
          ]
        }
      ],
      "bdt_t1_bomb_zone_09_aaa_point_01": [
        {
          "objLayer": [
            0
          ],
          "props": [
            []
          ],
          "tm": [
            [
              [0.302305,0.0,-0.953211],
              [0.0,1.0,0.0],
              [0.953211,0.0,0.302305],
              [-3007.61,168.529,-6369.99]
            ]
          ],
          "type": [
            "Point"
          ]
        }
      ],
      "bdt_t1_bomb_zone_09_aaa_point_02": [
        {
          "objLayer": [
            0
          ],
          "props": [
            []
          ],
          "tm": [
            [
              [0.302305,0.0,-0.953211],
              [0.0,1.0,0.0],
              [0.953211,0.0,0.302305],
              [-3353.96,160.017,-6722.19]
            ]
          ],
          "type": [
            "Point"
          ]
        }
      ],
      "bdt_t1_bomb_zone_09_aaa_point_03": [
        {
          "objLayer": [
            0
          ],
          "props": [
            []
          ],
          "tm": [
            [
              [0.302305,0.0,-0.953211],
              [0.0,1.0,0.0],
              [0.953211,0.0,0.302305],
              [-2503.81,174.224,-6603.22]
            ]
          ],
          "type": [
            "Point"
          ]
        }
      ],
      "bdt_t1_bomb_zone_09_aaa_point_04": [
        {
          "objLayer": [
            0
          ],
          "props": [
            []
          ],
          "tm": [
            [
              [0.302305,0.0,-0.953211],
              [0.0,1.0,0.0],
              [0.953211,0.0,0.302305],
              [-3186.49,160.611,-7145.36]
            ]
          ],
          "type": [
            "Point"
          ]
        }
      ],
      "bdt_t1_bomb_zone_10": [
        {
          "objLayer": [
            0
          ],
          "props": [
            []
          ],
          "tm": [
            [
              [-126.785,0.0,-431.769],
              [0.0,450.0,0.0],
              [431.769,0.0,-126.785],
              [4490.06,748.617,-4478.3]
            ]
          ],
          "type": [
            "Sphere"
          ]
        }
      ],
      "bdt_t1_bomb_zone_10_aaa_point_01": [
        {
          "objLayer": [
            0
          ],
          "props": [
            []
          ],
          "tm": [
            [
              [0.302305,0.0,-0.953211],
              [0.0,1.0,0.0],
              [0.953211,0.0,0.302305],
              [4343.16,739.277,-4139.38]
            ]
          ],
          "type": [
            "Point"
          ]
        }
      ],
      "bdt_t1_bomb_zone_10_aaa_point_02": [
        {
          "objLayer": [
            0
          ],
          "props": [
            []
          ],
          "tm": [
            [
              [0.302305,0.0,-0.953211],
              [0.0,1.0,0.0],
              [0.953211,0.0,0.302305],
              [4825.8,999.713,-4783.42]
            ]
          ],
          "type": [
            "Point"
          ]
        }
      ],
      "bdt_t1_bomb_zone_10_aaa_point_03": [
        {
          "objLayer": [
            0
          ],
          "props": [
            []
          ],
          "tm": [
            [
              [0.302305,0.0,-0.953211],
              [0.0,1.0,0.0],
              [0.953211,0.0,0.302305],
              [4308.96,725.571,-4699.97]
            ]
          ],
          "type": [
            "Point"
          ]
        }
      ],
      "bdt_t1_bomb_zone_10_aaa_point_04": [
        {
          "objLayer": [
            0
          ],
          "props": [
            []
          ],
          "tm": [
            [
              [0.302305,0.0,-0.953211],
              [0.0,1.0,0.0],
              [0.953211,0.0,0.302305],
              [4583.16,765.625,-4785.18]
            ]
          ],
          "type": [
            "Point"
          ]
        }
      ],
      "bdt_t2_bomb_zone_01": [
        {
          "objLayer": [
            0
          ],
          "props": [
            []
          ],
          "tm": [
            [
              [-300.048,0.0,-335.368],
              [0.0,450.0,0.0],
              [335.368,0.0,-300.048],
              [-3075.55,838.094,11730.7]
            ]
          ],
          "type": [
            "Sphere"
          ]
        }
      ],
      "bdt_t2_bomb_zone_01_aaa_point_01": [
        {
          "objLayer": [
            0
          ],
          "props": [
            []
          ],
          "tm": [
            [
              [-0.136721,0.0,-0.990609],
              [0.0,1.0,0.0],
              [0.990609,0.0,-0.136721],
              [-3300.94,840.226,11734.8]
            ]
          ],
          "type": [
            "Point"
          ]
        }
      ],
      "bdt_t2_bomb_zone_01_aaa_point_02": [
        {
          "objLayer": [
            0
          ],
          "props": [
            []
          ],
          "tm": [
            [
              [-0.136721,0.0,-0.990609],
              [0.0,1.0,0.0],
              [0.990609,0.0,-0.136721],
              [-2801.1,839.852,11831.0]
            ]
          ],
          "type": [
            "Point"
          ]
        }
      ],
      "bdt_t2_bomb_zone_01_aaa_point_03": [
        {
          "objLayer": [
            0
          ],
          "props": [
            []
          ],
          "tm": [
            [
              [-0.136721,0.0,-0.990609],
              [0.0,1.0,0.0],
              [0.990609,0.0,-0.136721],
              [-2809.34,838.435,11712.3]
            ]
          ],
          "type": [
            "Point"
          ]
        }
      ],
      "bdt_t2_bomb_zone_01_aaa_point_04": [
        {
          "objLayer": [
            0
          ],
          "props": [
            []
          ],
          "tm": [
            [
              [-0.136721,0.0,-0.990609],
              [0.0,1.0,0.0],
              [0.990609,0.0,-0.136721],
              [-2838.62,834.697,11327.9]
            ]
          ],
          "type": [
            "Point"
          ]
        }
      ],
      "bdt_t2_bomb_zone_02": [
        {
          "objLayer": [
            0
          ],
          "props": [
            []
          ],
          "tm": [
            [
              [-261.002,0.0,-366.578],
              [0.0,450.0,0.0],
              [366.578,0.0,-261.002],
              [-10717.9,177.245,10779.2]
            ]
          ],
          "type": [
            "Sphere"
          ]
        }
      ],
      "bdt_t2_bomb_zone_02_aaa_point_01": [
        {
          "objLayer": [
            0
          ],
          "props": [
            []
          ],
          "tm": [
            [
              [-0.0260101,0.0,-0.99966],
              [0.0,1.0,0.0],
              [0.99966,0.0,-0.0260101],
              [-10862.1,174.605,10981.7]
            ]
          ],
          "type": [
            "Point"
          ]
        }
      ],
      "bdt_t2_bomb_zone_02_aaa_point_02": [
        {
          "objLayer": [
            0
          ],
          "props": [
            []
          ],
          "tm": [
            [
              [-0.0260101,0.0,-0.99966],
              [0.0,1.0,0.0],
              [0.99966,0.0,-0.0260101],
              [-10633.8,166.744,10627.2]
            ]
          ],
          "type": [
            "Point"
          ]
        }
      ],
      "bdt_t2_bomb_zone_02_aaa_point_03": [
        {
          "objLayer": [
            0
          ],
          "props": [
            []
          ],
          "tm": [
            [
              [-0.0260101,0.0,-0.99966],
              [0.0,1.0,0.0],
              [0.99966,0.0,-0.0260101],
              [-10657.1,168.048,11021.4]
            ]
          ],
          "type": [
            "Point"
          ]
        }
      ],
      "bdt_t2_bomb_zone_02_aaa_point_04": [
        {
          "objLayer": [
            0
          ],
          "props": [
            []
          ],
          "tm": [
            [
              [-0.0260101,0.0,-0.99966],
              [0.0,1.0,0.0],
              [0.99966,0.0,-0.0260101],
              [-10762.9,174.535,10554.3]
            ]
          ],
          "type": [
            "Point"
          ]
        }
      ],
      "bdt_t2_bomb_zone_03": [
        {
          "objLayer": [
            0
          ],
          "props": [
            []
          ],
          "tm": [
            [
              [204.639,0.0,-400.777],
              [0.0,450.0,0.0],
              [400.777,0.0,204.639],
              [-14023.7,39.9771,7112.73]
            ]
          ],
          "type": [
            "Sphere"
          ]
        }
      ],
      "bdt_t2_bomb_zone_03_aaa_point_01": [
        {
          "objLayer": [
            0
          ],
          "props": [
            []
          ],
          "tm": [
            [
              [-0.0260101,0.0,-0.99966],
              [0.0,1.0,0.0],
              [0.99966,0.0,-0.0260101],
              [-13881.0,42.7771,6796.73]
            ]
          ],
          "type": [
            "Point"
          ]
        }
      ],
      "bdt_t2_bomb_zone_03_aaa_point_02": [
        {
          "objLayer": [
            0
          ],
          "props": [
            []
          ],
          "tm": [
            [
              [-0.0260101,0.0,-0.99966],
              [0.0,1.0,0.0],
              [0.99966,0.0,-0.0260101],
              [-13755.7,36.7171,6995.43]
            ]
          ],
          "type": [
            "Point"
          ]
        }
      ],
      "bdt_t2_bomb_zone_03_aaa_point_03": [
        {
          "objLayer": [
            0
          ],
          "props": [
            []
          ],
          "tm": [
            [
              [-0.0260101,0.0,-0.99966],
              [0.0,1.0,0.0],
              [0.99966,0.0,-0.0260101],
              [-13847.7,47.8161,7337.43]
            ]
          ],
          "type": [
            "Point"
          ]
        }
      ],
      "bdt_t2_bomb_zone_03_aaa_point_04": [
        {
          "objLayer": [
            0
          ],
          "props": [
            []
          ],
          "tm": [
            [
              [-0.0260101,0.0,-0.99966],
              [0.0,1.0,0.0],
              [0.99966,0.0,-0.0260101],
              [-14069.7,51.7391,7428.23]
            ]
          ],
          "type": [
            "Point"
          ]
        }
      ],
      "bdt_t2_bomb_zone_04": [
        {
          "objLayer": [
            0
          ],
          "props": [
            []
          ],
          "tm": [
            [
              [-53.4249,0.0,-446.816],
              [0.0,450.0,0.0],
              [446.816,0.0,-53.4249],
              [421.5,1305.72,13702.9]
            ]
          ],
          "type": [
            "Sphere"
          ]
        }
      ],
      "bdt_t2_bomb_zone_04_aaa_point_01": [
        {
          "objLayer": [
            0
          ],
          "props": [
            []
          ],
          "tm": [
            [
              [-0.136721,0.0,-0.990609],
              [0.0,1.0,0.0],
              [0.990609,0.0,-0.136721],
              [617.2,1301.58,13434.4]
            ]
          ],
          "type": [
            "Point"
          ]
        }
      ],
      "bdt_t2_bomb_zone_04_aaa_point_02": [
        {
          "objLayer": [
            0
          ],
          "props": [
            []
          ],
          "tm": [
            [
              [-0.136721,0.0,-0.990609],
              [0.0,1.0,0.0],
              [0.990609,0.0,-0.136721],
              [658.5,1301.34,13890.4]
            ]
          ],
          "type": [
            "Point"
          ]
        }
      ],
      "bdt_t2_bomb_zone_04_aaa_point_03": [
        {
          "objLayer": [
            0
          ],
          "props": [
            []
          ],
          "tm": [
            [
              [-0.136721,0.0,-0.990609],
              [0.0,1.0,0.0],
              [0.990609,0.0,-0.136721],
              [168.4,1301.18,13619.2]
            ]
          ],
          "type": [
            "Point"
          ]
        }
      ],
      "bdt_t2_bomb_zone_04_aaa_point_04": [
        {
          "objLayer": [
            0
          ],
          "props": [
            []
          ],
          "tm": [
            [
              [-0.136721,0.0,-0.990609],
              [0.0,1.0,0.0],
              [0.990609,0.0,-0.136721],
              [227.9,1261.44,13856.2]
            ]
          ],
          "type": [
            "Point"
          ]
        }
      ],
      "bdt_t2_bomb_zone_05": [
        {
          "objLayer": [
            0
          ],
          "props": [
            []
          ],
          "tm": [
            [
              [-53.4249,0.0,-446.816],
              [0.0,450.0,0.0],
              [446.816,0.0,-53.4249],
              [4244.79,880.441,10567.9]
            ]
          ],
          "type": [
            "Sphere"
          ]
        }
      ],
      "bdt_t2_bomb_zone_05_aaa_point_01": [
        {
          "objLayer": [
            0
          ],
          "props": [
            []
          ],
          "tm": [
            [
              [-0.136721,0.0,-0.990609],
              [0.0,1.0,0.0],
              [0.990609,0.0,-0.136721],
              [3922.69,880.135,10697.1]
            ]
          ],
          "type": [
            "Point"
          ]
        }
      ],
      "bdt_t2_bomb_zone_05_aaa_point_02": [
        {
          "objLayer": [
            0
          ],
          "props": [
            []
          ],
          "tm": [
            [
              [-0.136721,0.0,-0.990609],
              [0.0,1.0,0.0],
              [0.990609,0.0,-0.136721],
              [4415.69,883.027,10233.7]
            ]
          ],
          "type": [
            "Point"
          ]
        }
      ],
      "bdt_t2_bomb_zone_05_aaa_point_03": [
        {
          "objLayer": [
            0
          ],
          "props": [
            []
          ],
          "tm": [
            [
              [-0.136721,0.0,-0.990609],
              [0.0,1.0,0.0],
              [0.990609,0.0,-0.136721],
              [4544.09,882.169,10394.9]
            ]
          ],
          "type": [
            "Point"
          ]
        }
      ],
      "bdt_t2_bomb_zone_05_aaa_point_04": [
        {
          "objLayer": [
            0
          ],
          "props": [
            []
          ],
          "tm": [
            [
              [-0.136721,0.0,-0.990609],
              [0.0,1.0,0.0],
              [0.990609,0.0,-0.136721],
              [4332.59,879.819,10882.1]
            ]
          ],
          "type": [
            "Point"
          ]
        }
      ],
      "bdt_t2_bomb_zone_06": [
        {
          "objLayer": [
            0
          ],
          "props": [
            []
          ],
          "tm": [
            [
              [162.507,0.0,-419.633],
              [0.0,450.0,0.0],
              [419.633,0.0,162.507],
              [4505.6,816.694,6972.11]
            ]
          ],
          "type": [
            "Sphere"
          ]
        }
      ],
      "bdt_t2_bomb_zone_06_aaa_point_01": [
        {
          "objLayer": [
            0
          ],
          "props": [
            []
          ],
          "tm": [
            [
              [0.344146,0.0,-0.938919],
              [0.0,1.0,0.0],
              [0.938919,0.0,0.344146],
              [4341.6,820.823,7274.51]
            ]
          ],
          "type": [
            "Point"
          ]
        }
      ],
      "bdt_t2_bomb_zone_06_aaa_point_02": [
        {
          "objLayer": [
            0
          ],
          "props": [
            []
          ],
          "tm": [
            [
              [0.344146,0.0,-0.938919],
              [0.0,1.0,0.0],
              [0.938919,0.0,0.344146],
              [4888.4,814.933,6739.81]
            ]
          ],
          "type": [
            "Point"
          ]
        }
      ],
      "bdt_t2_bomb_zone_06_aaa_point_03": [
        {
          "objLayer": [
            0
          ],
          "props": [
            []
          ],
          "tm": [
            [
              [0.344146,0.0,-0.938919],
              [0.0,1.0,0.0],
              [0.938919,0.0,0.344146],
              [4687.9,731.667,6549.91]
            ]
          ],
          "type": [
            "Point"
          ]
        }
      ],
      "bdt_t2_bomb_zone_06_aaa_point_04": [
        {
          "objLayer": [
            0
          ],
          "props": [
            []
          ],
          "tm": [
            [
              [0.344146,0.0,-0.938919],
              [0.0,1.0,0.0],
              [0.938919,0.0,0.344146],
              [4141.4,814.546,6562.81]
            ]
          ],
          "type": [
            "Point"
          ]
        }
      ],
      "bdt_t2_bomb_zone_07": [
        {
          "objLayer": [
            0
          ],
          "props": [
            []
          ],
          "tm": [
            [
              [-53.4249,0.0,-446.816],
              [0.0,450.0,0.0],
              [446.816,0.0,-53.4249],
              [493.423,423.777,10000.2]
            ]
          ],
          "type": [
            "Sphere"
          ]
        }
      ],
      "bdt_t2_bomb_zone_07_aaa_point_01": [
        {
          "objLayer": [
            0
          ],
          "props": [
            []
          ],
          "tm": [
            [
              [-0.136721,0.0,-0.990609],
              [0.0,1.0,0.0],
              [0.990609,0.0,-0.136721],
              [92.5226,374.24,10143.9]
            ]
          ],
          "type": [
            "Point"
          ]
        }
      ],
      "bdt_t2_bomb_zone_07_aaa_point_02": [
        {
          "objLayer": [
            0
          ],
          "props": [
            []
          ],
          "tm": [
            [
              [-0.136721,0.0,-0.990609],
              [0.0,1.0,0.0],
              [0.990609,0.0,-0.136721],
              [718.123,419.645,9636.16]
            ]
          ],
          "type": [
            "Point"
          ]
        }
      ],
      "bdt_t2_bomb_zone_07_aaa_point_03": [
        {
          "objLayer": [
            0
          ],
          "props": [
            []
          ],
          "tm": [
            [
              [-0.136721,0.0,-0.990609],
              [0.0,1.0,0.0],
              [0.990609,0.0,-0.136721],
              [900.823,450.137,9967.06]
            ]
          ],
          "type": [
            "Point"
          ]
        }
      ],
      "bdt_t2_bomb_zone_07_aaa_point_04": [
        {
          "objLayer": [
            0
          ],
          "props": [
            []
          ],
          "tm": [
            [
              [-0.136721,0.0,-0.990609],
              [0.0,1.0,0.0],
              [0.990609,0.0,-0.136721],
              [388.423,434.403,10389.2]
            ]
          ],
          "type": [
            "Point"
          ]
        }
      ],
      "bdt_t2_bomb_zone_08": [
        {
          "objLayer": [
            0
          ],
          "props": [
            []
          ],
          "tm": [
            [
              [204.639,0.0,-400.777],
              [0.0,450.0,0.0],
              [400.777,0.0,204.639],
              [-11431.7,389.96,13267.1]
            ]
          ],
          "type": [
            "Sphere"
          ]
        }
      ],
      "bdt_t2_bomb_zone_08_aaa_point_01": [
        {
          "objLayer": [
            0
          ],
          "props": [
            []
          ],
          "tm": [
            [
              [-0.0260101,0.0,-0.99966],
              [0.0,1.0,0.0],
              [0.99966,0.0,-0.0260101],
              [-11484.3,390.731,13049.0]
            ]
          ],
          "type": [
            "Point"
          ]
        }
      ],
      "bdt_t2_bomb_zone_08_aaa_point_02": [
        {
          "objLayer": [
            0
          ],
          "props": [
            []
          ],
          "tm": [
            [
              [-0.0260101,0.0,-0.99966],
              [0.0,1.0,0.0],
              [0.99966,0.0,-0.0260101],
              [-11555.2,388.176,13579.5]
            ]
          ],
          "type": [
            "Point"
          ]
        }
      ],
      "bdt_t2_bomb_zone_08_aaa_point_03": [
        {
          "objLayer": [
            0
          ],
          "props": [
            []
          ],
          "tm": [
            [
              [-0.0260101,0.0,-0.99966],
              [0.0,1.0,0.0],
              [0.99966,0.0,-0.0260101],
              [-11101.6,388.95,13266.4]
            ]
          ],
          "type": [
            "Point"
          ]
        }
      ],
      "bdt_t2_bomb_zone_08_aaa_point_04": [
        {
          "objLayer": [
            0
          ],
          "props": [
            []
          ],
          "tm": [
            [
              [-0.0260101,0.0,-0.99966],
              [0.0,1.0,0.0],
              [0.99966,0.0,-0.0260101],
              [-11289.1,388.403,13574.4]
            ]
          ],
          "type": [
            "Point"
          ]
        }
      ],
      "bdt_t2_bomb_zone_09": [
        {
          "objLayer": [
            0
          ],
          "props": [
            []
          ],
          "tm": [
            [
              [204.639,0.0,-400.777],
              [0.0,450.0,0.0],
              [400.777,0.0,204.639],
              [-15230.7,89.5775,10370.7]
            ]
          ],
          "type": [
            "Sphere"
          ]
        }
      ],
      "bdt_t2_bomb_zone_09_aaa_point_01": [
        {
          "objLayer": [
            0
          ],
          "props": [
            []
          ],
          "tm": [
            [
              [-0.0260101,0.0,-0.99966],
              [0.0,1.0,0.0],
              [0.99966,0.0,-0.0260101],
              [-15561.8,74.6575,10154.7]
            ]
          ],
          "type": [
            "Point"
          ]
        }
      ],
      "bdt_t2_bomb_zone_09_aaa_point_02": [
        {
          "objLayer": [
            0
          ],
          "props": [
            []
          ],
          "tm": [
            [
              [-0.0260101,0.0,-0.99966],
              [0.0,1.0,0.0],
              [0.99966,0.0,-0.0260101],
              [-15133.8,69.7475,10651.7]
            ]
          ],
