{
  "airfields": {},
  "areas": {
    "area_01": {
      "objLayer": 0,
      "props": {},
      "tm": [
        [24000.0,0.0,0.0],
        [0.0,24000.0,0.0],
        [0.0,0.0,24000.0],
        [3259.6,234.316,2144.2]
      ],
      "type": "Sphere"
    }
  },
  "bin_dump_file": "",
  "dialogs": {},
  "effects": {},
  "imports": {},
  "mission_objectives": {
    "isCategory": true,
    "is_enabled": true
  },
  "mission_settings": {
    "mission": {
      "environment": "Day",
      "level": "levels/water.bin",
      "type": "singleMission",
      "weather": "hazy"
    },
    "player": {
      "army": 1
    },
    "player_teamB": {
      "army": 2
    }
  },
  "objLayers": {
    "layer": [
      {
        "enabled": true
      },
      {
        "enabled": true
      },
      {
        "enabled": true
      },
      {
        "enabled": true
      },
      {
        "enabled": true
      },
      {
        "enabled": true
      },
      {
        "enabled": true
      }
    ]
  },
  "selected_tag": "",
  "triggers": {
    "isCategory": true,
    "is_enabled": true
  },
  "units": {
    "air_defence": [
      {
        "bullets0": "",
        "bullets1": "",
        "bullets2": "",
        "bullets3": "",
        "bulletsCount0": 0,
        "bulletsCount1": 0,
        "bulletsCount2": 0,
        "bulletsCount3": 0,
        "closed_waypoints": false,
        "isShipSpline": false,
        "name": "t1_airfield_aaa_big_01",
        "objLayer": 1,
        "props": {
          "army": 1,
          "attack_type": "fire_at_will",
          "count": 1,
          "formation_div": 3,
          "formation_noise": [0.1,0.1],
          "formation_step": [2.5,2.0],
          "formation_type": "rows",
          "uniqueName": ""
        },
        "shipTurnRadius": 100.0,
        "tm": [
          [0.866814,0.0,0.498632],
          [0.0,1.0,0.0],
          [-0.498632,0.0,0.866814],
          [13773.0,2.26881,-6124.19]
        ],
        "unit_class": "ussr_85mm_52k",
        "way": {},
        "weapons": ""
      },
      {
        "bullets0": "",
        "bullets1": "",
        "bullets2": "",
        "bullets3": "",
        "bulletsCount0": 0,
        "bulletsCount1": 0,
        "bulletsCount2": 0,
        "bulletsCount3": 0,
        "closed_waypoints": false,
        "isShipSpline": false,
        "name": "t1_airfield_aaa_big_02",
        "objLayer": 1,
        "props": {
          "army": 1,
          "attack_type": "fire_at_will",
          "count": 1,
          "formation_div": 3,
          "formation_noise": [0.1,0.1],
          "formation_step": [2.5,2.0],
          "formation_type": "rows",
          "uniqueName": ""
        },
        "shipTurnRadius": 100.0,
        "tm": [
          [0.866814,0.0,0.498632],
          [0.0,1.0,0.0],
          [-0.498632,0.0,0.866814],
          [13273.5,1.61502,-6650.24]
        ],
        "unit_class": "ussr_85mm_52k",
        "way": {},
        "weapons": ""
      },
      {
        "bullets0": "",
        "bullets1": "",
        "bullets2": "",
        "bullets3": "",
        "bulletsCount0": 0,
        "bulletsCount1": 0,
        "bulletsCount2": 0,
        "bulletsCount3": 0,
        "closed_waypoints": false,
        "isShipSpline": false,
        "name": "t1_airfield_aaa_big_03",
        "objLayer": 1,
        "props": {
          "army": 1,
          "attack_type": "fire_at_will",
          "count": 1,
          "formation_div": 3,
          "formation_noise": [0.1,0.1],
          "formation_step": [2.5,2.0],
          "formation_type": "rows",
          "uniqueName": ""
        },
        "shipTurnRadius": 100.0,
        "tm": [
          [0.866814,0.0,0.498632],
          [0.0,1.0,0.0],
          [-0.498632,0.0,0.866814],
          [13235.3,3.41504,-5973.7]
        ],
        "unit_class": "ussr_85mm_52k",
        "way": {},
        "weapons": ""
      },
      {
        "bullets0": "",
        "bullets1": "",
        "bullets2": "",
        "bullets3": "",
        "bulletsCount0": 0,
        "bulletsCount1": 0,
        "bulletsCount2": 0,
        "bulletsCount3": 0,
        "closed_waypoints": false,
        "isShipSpline": false,
        "name": "t1_airfield_aaa_big_04",
        "objLayer": 1,
        "props": {
          "army": 1,
          "attack_type": "fire_at_will",
          "count": 1,
          "formation_div": 3,
          "formation_noise": [0.1,0.1],
          "formation_step": [2.5,2.0],
          "formation_type": "rows",
          "uniqueName": ""
        },
        "shipTurnRadius": 100.0,
        "tm": [
          [0.866814,0.0,0.498632],
          [0.0,1.0,0.0],
          [-0.498632,0.0,0.866814],
          [14618.6,1.60919,-7307.25]
        ],
        "unit_class": "ussr_85mm_52k",
        "way": {},
        "weapons": ""
      },
      {
        "bullets0": "",
        "bullets1": "",
        "bullets2": "",
        "bullets3": "",
        "bulletsCount0": 0,
        "bulletsCount1": 0,
        "bulletsCount2": 0,
        "bulletsCount3": 0,
        "closed_waypoints": false,
        "isShipSpline": false,
        "name": "t1_airfield_aaa_small_06",
        "objLayer": 1,
        "props": {
          "army": 1,
          "attack_type": "fire_at_will",
          "count": 1,
          "formation_div": 3,
          "formation_noise": [0.1,0.1],
          "formation_step": [2.5,2.0],
          "formation_type": "rows",
          "uniqueName": ""
        },
        "shipTurnRadius": 100.0,
        "tm": [
          [0.866814,0.0,0.498632],
          [0.0,1.0,0.0],
          [-0.498632,0.0,0.866814],
          [13217.2,1.66665,-7081.65]
        ],
        "unit_class": "germ_37mm_flak43_airfield",
        "way": {},
        "weapons": ""
      },
      {
        "bullets0": "",
        "bullets1": "",
        "bullets2": "",
        "bullets3": "",
        "bulletsCount0": 0,
        "bulletsCount1": 0,
        "bulletsCount2": 0,
        "bulletsCount3": 0,
        "closed_waypoints": false,
        "isShipSpline": false,
        "name": "t1_airfield_aaa_small_05",
        "objLayer": 1,
        "props": {
          "army": 1,
          "attack_type": "fire_at_will",
          "count": 1,
          "formation_div": 3,
          "formation_noise": [0.1,0.1],
          "formation_step": [2.5,2.0],
          "formation_type": "rows",
          "uniqueName": ""
        },
        "shipTurnRadius": 100.0,
        "tm": [
          [0.866814,0.0,0.498632],
          [0.0,1.0,0.0],
          [-0.498632,0.0,0.866814],
          [14240.5,8.97471,-5850.93]
        ],
        "unit_class": "germ_37mm_flak43_airfield",
        "way": {},
        "weapons": ""
      },
      {
        "bullets0": "",
        "bullets1": "",
        "bullets2": "",
        "bullets3": "",
        "bulletsCount0": 0,
        "bulletsCount1": 0,
        "bulletsCount2": 0,
        "bulletsCount3": 0,
        "closed_waypoints": false,
        "isShipSpline": false,
        "name": "t1_airfield_aaa_small_01",
        "objLayer": 1,
        "props": {
          "army": 1,
          "attack_type": "fire_at_will",
          "count": 1,
          "formation_div": 3,
          "formation_noise": [0.1,0.1],
          "formation_step": [2.5,2.0],
          "formation_type": "rows",
          "uniqueName": ""
        },
        "shipTurnRadius": 100.0,
        "tm": [
          [0.866814,0.0,0.498632],
          [0.0,1.0,0.0],
          [-0.498632,0.0,0.866814],
          [14273.6,1.68985,-6614.14]
        ],
        "unit_class": "ussr_37mm_61k_airfield",
        "way": {},
        "weapons": ""
      },
      {
        "bullets0": "",
        "bullets1": "",
        "bullets2": "",
        "bullets3": "",
        "bulletsCount0": 0,
        "bulletsCount1": 0,
        "bulletsCount2": 0,
        "bulletsCount3": 0,
        "closed_waypoints": false,
        "isShipSpline": false,
        "name": "t1_airfield_aaa_small_02",
        "objLayer": 1,
        "props": {
          "army": 1,
          "attack_type": "fire_at_will",
          "count": 1,
          "formation_div": 3,
          "formation_noise": [0.1,0.1],
          "formation_step": [2.5,2.0],
          "formation_type": "rows",
          "uniqueName": ""
        },
        "shipTurnRadius": 100.0,
        "tm": [
          [0.866814,0.0,0.498632],
          [0.0,1.0,0.0],
          [-0.498632,0.0,0.866814],
          [13629.6,1.63707,-6729.68]
        ],
        "unit_class": "ussr_37mm_61k_airfield",
        "way": {},
        "weapons": ""
      },
      {
        "bullets0": "",
        "bullets1": "",
        "bullets2": "",
        "bullets3": "",
        "bulletsCount0": 0,
        "bulletsCount1": 0,
        "bulletsCount2": 0,
        "bulletsCount3": 0,
        "closed_waypoints": false,
        "isShipSpline": false,
        "name": "t1_airfield_aaa_small_03",
        "objLayer": 1,
        "props": {
          "army": 1,
          "attack_type": "fire_at_will",
          "count": 1,
          "formation_div": 3,
          "formation_noise": [0.1,0.1],
          "formation_step": [2.5,2.0],
          "formation_type": "rows",
          "uniqueName": ""
        },
        "shipTurnRadius": 100.0,
        "tm": [
          [0.866814,0.0,0.498632],
          [0.0,1.0,0.0],
          [-0.498632,0.0,0.866814],
          [13238.5,2.0121,-6422.47]
        ],
        "unit_class": "ussr_37mm_61k_airfield",
        "way": {},
        "weapons": ""
      },
      {
        "bullets0": "",
        "bullets1": "",
        "bullets2": "",
        "bullets3": "",
        "bulletsCount0": 0,
        "bulletsCount1": 0,
        "bulletsCount2": 0,
        "bulletsCount3": 0,
        "closed_waypoints": false,
        "isShipSpline": false,
        "name": "t1_airfield_aaa_small_04",
        "objLayer": 1,
        "props": {
          "army": 1,
          "attack_type": "fire_at_will",
          "count": 1,
          "formation_div": 3,
          "formation_noise": [0.1,0.1],
          "formation_step": [2.5,2.0],
          "formation_type": "rows",
          "uniqueName": ""
        },
        "shipTurnRadius": 100.0,
        "tm": [
          [0.866814,0.0,0.498632],
          [0.0,1.0,0.0],
          [-0.498632,0.0,0.866814],
          [14002.1,1.89218,-6438.1]
        ],
        "unit_class": "ussr_37mm_61k_airfield",
        "way": {},
        "weapons": ""
      },
      {
        "bullets0": "",
        "bullets1": "",
        "bullets2": "",
        "bullets3": "",
        "bulletsCount0": 0,
        "bulletsCount1": 0,
        "bulletsCount2": 0,
        "bulletsCount3": 0,
        "closed_waypoints": false,
        "isShipSpline": false,
        "name": "t2_airfield_aaa_big_01",
        "objLayer": 1,
        "props": {
          "army": 2,
          "attack_type": "fire_at_will",
          "count": 1,
          "formation_div": 3,
          "formation_noise": [0.1,0.1],
          "formation_step": [2.5,2.0],
          "formation_type": "rows",
          "uniqueName": ""
        },
        "shipTurnRadius": 100.0,
        "tm": [
          [0.250523,0.0,0.968111],
          [0.0,1.0,0.0],
          [-0.968111,0.0,0.250523],
          [-9651.47,53.0473,-39.4967]
        ],
        "unit_class": "germ_88mm_flak36",
        "way": {},
        "weapons": ""
      },
      {
        "bullets0": "",
        "bullets1": "",
        "bullets2": "",
        "bullets3": "",
        "bulletsCount0": 0,
        "bulletsCount1": 0,
        "bulletsCount2": 0,
        "bulletsCount3": 0,
        "closed_waypoints": false,
        "isShipSpline": false,
        "name": "t2_airfield_aaa_big_02",
        "objLayer": 1,
        "props": {
          "army": 2,
          "attack_type": "fire_at_will",
          "count": 1,
          "formation_div": 3,
          "formation_noise": [0.1,0.1],
          "formation_step": [2.5,2.0],
          "formation_type": "rows",
          "uniqueName": ""
        },
        "shipTurnRadius": 100.0,
        "tm": [
          [0.250523,0.0,0.968111],
          [0.0,1.0,0.0],
          [-0.968111,0.0,0.250523],
          [-9497.69,43.6822,-216.047]
        ],
        "unit_class": "germ_88mm_flak36",
        "way": {},
        "weapons": ""
      },
      {
        "bullets0": "",
        "bullets1": "",
        "bullets2": "",
        "bullets3": "",
        "bulletsCount0": 0,
        "bulletsCount1": 0,
        "bulletsCount2": 0,
        "bulletsCount3": 0,
        "closed_waypoints": false,
        "isShipSpline": false,
        "name": "t2_airfield_aaa_big_03",
        "objLayer": 1,
        "props": {
          "army": 2,
          "attack_type": "fire_at_will",
          "count": 1,
          "formation_div": 3,
          "formation_noise": [0.1,0.1],
          "formation_step": [2.5,2.0],
          "formation_type": "rows",
          "uniqueName": ""
        },
        "shipTurnRadius": 100.0,
        "tm": [
          [0.250523,0.0,0.968111],
          [0.0,1.0,0.0],
          [-0.968111,0.0,0.250523],
          [-9304.53,31.6969,-799.017]
        ],
        "unit_class": "germ_88mm_flak36",
        "way": {},
        "weapons": ""
      },
      {
        "bullets0": "",
        "bullets1": "",
        "bullets2": "",
        "bullets3": "",
        "bulletsCount0": 0,
        "bulletsCount1": 0,
        "bulletsCount2": 0,
        "bulletsCount3": 0,
        "closed_waypoints": false,
        "isShipSpline": false,
        "name": "t2_airfield_aaa_big_04",
        "objLayer": 1,
        "props": {
          "army": 2,
          "attack_type": "fire_at_will",
          "count": 1,
          "formation_div": 3,
          "formation_noise": [0.1,0.1],
          "formation_step": [2.5,2.0],
          "formation_type": "rows",
          "uniqueName": ""
        },
        "shipTurnRadius": 100.0,
        "tm": [
          [0.250523,0.0,0.968111],
          [0.0,1.0,0.0],
          [-0.968111,0.0,0.250523],
          [-10624.4,109.534,-626.157]
        ],
        "unit_class": "germ_88mm_flak36",
        "way": {},
        "weapons": ""
      },
      {
        "bullets0": "",
        "bullets1": "",
        "bullets2": "",
        "bullets3": "",
        "bulletsCount0": 0,
        "bulletsCount1": 0,
        "bulletsCount2": 0,
        "bulletsCount3": 0,
        "closed_waypoints": false,
        "isShipSpline": false,
        "name": "t2_airfield_aaa_small_06",
        "objLayer": 1,
        "props": {
          "army": 2,
          "attack_type": "fire_at_will",
          "count": 1,
          "formation_div": 3,
          "formation_noise": [0.1,0.1],
          "formation_step": [2.5,2.0],
          "formation_type": "rows",
          "uniqueName": ""
        },
        "shipTurnRadius": 100.0,
        "tm": [
          [0.250523,0.0,0.968111],
          [0.0,1.0,0.0],
          [-0.968111,0.0,0.250523],
          [-9685.98,34.5287,-1088.32]
        ],
        "unit_class": "germ_37mm_flak43_airfield",
        "way": {},
        "weapons": ""
      },
      {
        "bullets0": "",
        "bullets1": "",
        "bullets2": "",
        "bullets3": "",
        "bulletsCount0": 0,
        "bulletsCount1": 0,
        "bulletsCount2": 0,
        "bulletsCount3": 0,
        "closed_waypoints": false,
        "isShipSpline": false,
        "name": "t2_airfield_aaa_small_05",
        "objLayer": 1,
        "props": {
          "army": 2,
          "attack_type": "fire_at_will",
          "count": 1,
          "formation_div": 3,
          "formation_noise": [0.1,0.1],
          "formation_step": [2.5,2.0],
          "formation_type": "rows",
          "uniqueName": ""
        },
        "shipTurnRadius": 100.0,
        "tm": [
          [0.250523,0.0,0.968111],
          [0.0,1.0,0.0],
          [-0.968111,0.0,0.250523],
          [-10746.6,76.4243,-1095.82]
        ],
        "unit_class": "germ_37mm_flak43_airfield",
        "way": {},
        "weapons": ""
      },
      {
        "bullets0": "",
        "bullets1": "",
        "bullets2": "",
        "bullets3": "",
        "bulletsCount0": 0,
        "bulletsCount1": 0,
        "bulletsCount2": 0,
        "bulletsCount3": 0,
        "closed_waypoints": false,
        "isShipSpline": false,
        "name": "t2_airfield_aaa_small_01",
        "objLayer": 1,
        "props": {
          "army": 2,
          "attack_type": "fire_at_will",
          "count": 1,
          "formation_div": 3,
          "formation_noise": [0.1,0.1],
          "formation_step": [2.5,2.0],
          "formation_type": "rows",
          "uniqueName": ""
        },
        "shipTurnRadius": 100.0,
        "tm": [
          [0.250523,0.0,0.968111],
          [0.0,1.0,0.0],
          [-0.968111,0.0,0.250523],
          [-10130.7,91.2408,-347.247]
        ],
        "unit_class": "germ_37mm_flak43_airfield",
        "way": {},
        "weapons": ""
      },
      {
        "bullets0": "",
        "bullets1": "",
        "bullets2": "",
        "bullets3": "",
        "bulletsCount0": 0,
        "bulletsCount1": 0,
        "bulletsCount2": 0,
        "bulletsCount3": 0,
        "closed_waypoints": false,
        "isShipSpline": false,
        "name": "t2_airfield_aaa_small_02",
        "objLayer": 1,
        "props": {
          "army": 2,
          "attack_type": "fire_at_will",
          "count": 1,
          "formation_div": 3,
          "formation_noise": [0.1,0.1],
          "formation_step": [2.5,2.0],
          "formation_type": "rows",
          "uniqueName": ""
        },
        "shipTurnRadius": 100.0,
        "tm": [
          [0.250523,0.0,0.968111],
          [0.0,1.0,0.0],
          [-0.968111,0.0,0.250523],
          [-10179.8,32.7442,-1401.72]
        ],
        "unit_class": "germ_37mm_flak43_airfield",
        "way": {},
        "weapons": ""
      },
      {
        "bullets0": "",
        "bullets1": "",
        "bullets2": "",
        "bullets3": "",
        "bulletsCount0": 0,
        "bulletsCount1": 0,
        "bulletsCount2": 0,
        "bulletsCount3": 0,
        "closed_waypoints": false,
        "isShipSpline": false,
        "name": "t2_airfield_aaa_small_03",
        "objLayer": 1,
        "props": {
          "army": 2,
          "attack_type": "fire_at_will",
          "count": 1,
          "formation_div": 3,
          "formation_noise": [0.1,0.1],
          "formation_step": [2.5,2.0],
          "formation_type": "rows",
          "uniqueName": ""
        },
        "shipTurnRadius": 100.0,
        "tm": [
          [0.250523,0.0,0.968111],
          [0.0,1.0,0.0],
          [-0.968111,0.0,0.250523],
          [-9965.33,33.0476,-1253.67]
        ],
        "unit_class": "germ_37mm_flak43_airfield",
        "way": {},
        "weapons": ""
      },
      {
        "bullets0": "",
        "bullets1": "",
        "bullets2": "",
        "bullets3": "",
        "bulletsCount0": 0,
        "bulletsCount1": 0,
        "bulletsCount2": 0,
        "bulletsCount3": 0,
        "closed_waypoints": false,
        "isShipSpline": false,
        "name": "t2_airfield_aaa_small_04",
        "objLayer": 1,
        "props": {
          "army": 2,
          "attack_type": "fire_at_will",
          "count": 1,
          "formation_div": 3,
          "formation_noise": [0.1,0.1],
          "formation_step": [2.5,2.0],
          "formation_type": "rows",
          "uniqueName": ""
        },
        "shipTurnRadius": 100.0,
        "tm": [
          [0.250523,0.0,0.968111],
          [0.0,1.0,0.0],
          [-0.968111,0.0,0.250523],
          [-9906.77,73.5542,-116.177]
        ],
        "unit_class": "germ_37mm_flak43_airfield",
        "way": {},
        "weapons": ""
      }
    ],
    "objectGroups": [
      {
        "name": "t1_airfield",
        "objLayer": 2,
        "props": {
          "active": true,
          "army": 1
        },
        "tm": [
          [0.865235,0.0,-0.501366],
          [0.0,1.0,0.0],
          [0.501366,0.0,0.865235],
          [13739.0,1.91113,-6302.41]
        ],
        "unit_class": "dynaf_universal_1line_3000_a_snow"
      },
      {
        "name": "t2_airfield",
        "objLayer": 2,
        "props": {
          "active": true,
          "army": 2
        },
        "tm": [
          [-0.814202,0.0,-0.580582],
          [0.0,1.0,0.0],
          [0.580582,0.0,-0.814202],
          [-9818.51,73.8833,-817.985]
        ],
        "unit_class": "dynaf_universal_1line_3000_a_snow"
      }
    ],
    "squad": [
      {
        "name": "t1_airfield_aaa_squad",
        "props": {
          "object_marking": 0,
          "squad_members": [
            "t1_airfield_aaa_big_01",
            "t1_airfield_aaa_big_02",
            "t1_airfield_aaa_big_03",
            "t1_airfield_aaa_big_04",
            "t1_airfield_aaa_small_06",
            "t1_airfield_aaa_small_05",
            "t1_airfield_aaa_small_01",
            "t1_airfield_aaa_small_02",
            "t1_airfield_aaa_small_03",
            "t1_airfield_aaa_small_04"
          ]
        },
        "tm": [
          [0.866814,0.0,0.498632],
          [0.0,1.0,0.0],
          [-0.498632,0.0,0.866814],
          [14999.6,2.29563,-6313.14]
        ]
      },
      {
        "name": "t2_airfield_aaa_squad",
        "props": {
          "object_marking": 0,
          "squad_members": [
            "t2_airfield_aaa_big_01",
            "t2_airfield_aaa_big_02",
            "t2_airfield_aaa_big_03",
            "t2_airfield_aaa_big_04",
            "t2_airfield_aaa_small_06",
            "t2_airfield_aaa_small_05",
            "t2_airfield_aaa_small_01",
            "t2_airfield_aaa_small_02",
            "t2_airfield_aaa_small_03",
            "t2_airfield_aaa_small_04"
          ]
        },
        "tm": [
          [0.250523,0.0,0.968111],
          [0.0,1.0,0.0],
          [-0.968111,0.0,0.250523],
          [-10455.1,50.0802,325.983]
        ]
      }
    ]
  },
  "variables": {},
  "wayPoints": {}
}