{
  "airfields": {},
  "areas": {
    "tl_battle_area": {
      "objLayer": 3,
      "props": {},
      "tm": [
        [0.00260417,0.0,28672.0],
        [0.0,1200.0,0.0],
        [-28672.0,0.0,0.00260417],
        [-8192.0,2555.05,0.0]
      ],
      "type": "Box"
    },
    "tl_zone_01": {
      "objLayer": 0,
      "props": {},
      "tm": [
        [7.78667,0.0,-12.8206],
        [0.0,100.0,0.0],
        [12.8206,0.0,7.78666],
        [-716.013,1650.62,4074.58]
      ],
      "type": "Cylinder"
    },
    "tl_zone_02": {
      "objLayer": 0,
      "props": {},
      "tm": [
        [3.0418,0.0,14.6883],
        [0.0,100.0,0.0],
        [-14.6883,0.0,3.04183],
        [-5704.98,1530.73,2889.59]
      ],
      "type": "Cylinder"
    },
    "tl_zone_03": {
      "objLayer": 0,
      "props": {},
      "tm": [
        [-9.17557,0.0,11.8663],
        [0.0,100.0,0.0],
        [-11.8663,0.0,-9.17555],
        [-11224.6,1567.77,3612.16]
      ],
      "type": "Cylinder"
    },
    "tl_zone_04": {
      "objLayer": 0,
      "props": {},
      "tm": [
        [-10.6803,0.0,10.5324],
        [0.0,100.0,0.0],
        [-10.5324,0.0,-10.6803],
        [-13984.3,1571.41,8636.74]
      ],
      "type": "Cylinder"
    },
    "tl_zone_05": {
      "objLayer": 0,
      "props": {},
      "tm": [
        [-1.39109,0.0,14.9354],
        [0.0,100.0,0.0],
        [-14.9354,0.0,-1.39107],
        [-2296.81,1507.72,8751.09]
      ],
      "type": "Cylinder"
    },
    "tl_zone_06": {
      "objLayer": 0,
      "props": {},
      "tm": [
        [-1.39109,0.0,14.9354],
        [0.0,100.0,0.0],
        [-14.9354,0.0,-1.39107],
        [5350.56,1543.4,8375.64]
      ],
      "type": "Cylinder"
    },
    "tl_zone_07": {
      "objLayer": 0,
      "props": {},
      "tm": [
        [9.6532,0.0,11.4811],
        [0.0,100.0,0.0],
        [-11.4811,0.0,9.65321],
        [4025.8,1562.08,13166.2]
      ],
      "type": "Cylinder"
    },
    "tl_zone_08": {
      "objLayer": 0,
      "props": {},
      "tm": [
        [14.4913,0.0,3.8733],
        [0.0,100.0,0.0],
        [-3.87327,0.0,14.4913],
        [-1710.94,1510.37,13256.9]
      ],
      "type": "Cylinder"
    },
    "tl_zone_09": {
      "objLayer": 0,
      "props": {},
      "tm": [
        [13.8262,0.0,5.81695],
        [0.0,100.0,0.0],
        [-5.81693,0.0,13.8262],
        [-10458.9,1607.23,13490.4]
      ],
      "type": "Cylinder"
    },
    "tl_zone_10": {
      "objLayer": 0,
      "props": {},
      "tm": [
        [14.2515,0.0,-4.67912],
        [0.0,100.0,0.0],
        [4.67915,0.0,14.2515],
        [-19114.9,1849.14,-2293.87]
      ],
      "type": "Cylinder"
    },
    "tl_zone_11": {
      "objLayer": 0,
      "props": {},
      "tm": [
        [14.2515,0.0,-4.67912],
        [0.0,100.0,0.0],
        [4.67915,0.0,14.2515],
        [-14676.5,1629.76,-2488.19]
      ],
      "type": "Cylinder"
    },
    "tl_zone_12": {
      "objLayer": 0,
      "props": {},
      "tm": [
        [14.2515,0.0,-4.67912],
        [0.0,100.0,0.0],
        [4.67915,0.0,14.2515],
        [-4626.08,1786.31,-2845.24]
      ],
      "type": "Cylinder"
    }
  },
  "bin_dump_file": "",
  "dialogs": {},
  "effects": {},
  "imports": {
    "import_record": {
      "excludes": {},
      "file": "gameData/missions/templates/enduring_confrontation/tl_takeoff_landing_template.blk",
      "importAreas": true,
      "importMissionObjectives": true,
      "importTriggers": true,
      "importUnits": true,
      "importWayPoints": true,
      "showAreas": true,
      "showMissionObjectives": true,
      "showTriggers": true,
      "showUnits": true,
      "showWayPoints": true
    }
  },
  "mission_objectives": {
    "isCategory": true,
    "is_enabled": true
  },
  "mission_settings": {
    "mission": {
      "environment": "Day",
      "level": "levels/water.bin",
      "optionalTakeOff": false,
      "restoreType": "attempts",
      "type": "singleMission",
      "weather": "hazy"
    },
    "player": {
      "army": 1
    },
    "player_teamB": {
      "army": 2
    }
  },
  "objLayers": {
    "layer": [
      {
        "enabled": true
      },
      {
        "enabled": true
      },
      {
        "enabled": true
      },
      {
        "enabled": false
      }
    ]
  },
  "selected_tag": "",
  "triggers": {
    "isCategory": true,
    "is_enabled": true
  },
  "units": {
    "objectGroups": [
      {
        "name": "tl_base_08",
        "objLayer": 1,
        "props": {
          "active": false,
          "army": 1
        },
        "tm": [
          [-0.257747,0.0,0.966212],
          [0.0,1.0,0.0],
          [-0.966212,0.0,-0.257747],
          [-1710.74,1546.2,13256.1]
        ],
        "unit_class": "dynHelipad_platform_circle_a"
      },
      {
        "name": "tl_base_09",
        "objLayer": 1,
        "props": {
          "active": false,
          "army": 1
        },
        "tm": [
          [-0.385554,0.0,0.922685],
          [0.0,1.0,0.0],
          [-0.922685,0.0,-0.385554],
          [-10458.5,1544.65,13491.1]
        ],
        "unit_class": "dynHelipad_platform_square_a"
      },
      {
        "name": "tl_base_07",
        "objLayer": 1,
        "props": {
          "active": false,
          "army": 1
        },
        "tm": [
          [0.766278,0.0,-0.642509],
          [0.0,1.0,0.0],
          [0.642509,0.0,0.766278],
          [4026.11,1551.18,13166.7]
        ],
        "unit_class": "dynHelipad_platform_square_rounded_a"
      },
      {
        "name": "tl_base_06",
        "objLayer": 1,
        "props": {
          "active": false,
          "army": 2
        },
        "tm": [
          [0.0807616,0.0,-0.996733],
          [0.0,1.0,0.0],
          [0.996733,0.0,0.0807616],
          [5350.81,1584.16,8376.48]
        ],
        "unit_class": "dynHelipad_platform_square_a"
      },
      {
        "name": "tl_base_04",
        "objLayer": 1,
        "props": {
          "active": false,
          "army": 2
        },
        "tm": [
          [-0.720905,0.0,0.693032],
          [0.0,1.0,0.0],
          [-0.693032,0.0,-0.720905],
          [-13984.0,1603.18,8636.7]
        ],
        "unit_class": "dynHelipad_platform_circle_a"
      },
      {
        "name": "tl_base_05",
        "objLayer": 1,
        "props": {
          "active": false,
          "army": 2
        },
        "tm": [
          [-0.0976437,0.0,0.995221],
          [0.0,1.0,0.0],
          [-0.995221,0.0,-0.0976437],
          [-2296.7,1539.81,8752.96]
        ],
        "unit_class": "dynHelipad_platform_octagon_a"
      },
      {
        "name": "tl_base_10",
        "objLayer": 1,
        "props": {
          "active": false,
          "army": 2
        },
        "tm": [
          [0.0647318,0.0,0.997902],
          [0.0,1.0,0.0],
          [-0.997902,0.0,0.0647318],
          [-19115.2,1858.0,-2293.61]
        ],
        "unit_class": "dynHelipad_platform_square_rounded_a"
      },
      {
        "name": "tl_base_11",
        "objLayer": 1,
        "props": {
          "active": false,
          "army": 2
        },
        "tm": [
          [0.250652,0.0,0.968077],
          [0.0,1.0,0.0],
          [-0.968077,0.0,0.250652],
          [-14676.4,1652.65,-2487.79]
        ],
        "unit_class": "dynHelipad_platform_circle_a"
      },
      {
        "name": "tl_base_12",
        "objLayer": 1,
        "props": {
          "active": false,
          "army": 2
        },
        "tm": [
          [0.326356,0.0,0.945247],
          [0.0,1.0,0.0],
          [-0.945247,0.0,0.326356],
          [-4626.07,1792.98,-2845.31]
        ],
        "unit_class": "dynHelipad_platform_square_a"
      },
      {
        "name": "tl_base_01",
        "objLayer": 1,
        "props": {
          "active": false,
          "army": 2
        },
        "tm": [
          [-0.53571,0.0,0.844401],
          [0.0,1.0,0.0],
          [-0.844401,0.0,-0.53571],
          [-715.969,1657.85,4075.19]
        ],
        "unit_class": "dynHelipad_platform_circle_a"
      },
      {
        "name": "tl_base_02",
        "objLayer": 1,
        "props": {
          "active": false,
          "army": 2
        },
        "tm": [
          [0.201976,0.0,0.97939],
          [0.0,1.0,0.0],
          [-0.97939,0.0,0.201976],
          [-5704.65,1584.3,2890.48]
        ],
        "unit_class": "dynHelipad_platform_octagon_a"
      },
      {
        "name": "tl_base_03",
        "objLayer": 1,
        "props": {
          "active": false,
          "army": 2
        },
        "tm": [
          [-0.602894,0.0,0.79782],
          [0.0,1.0,0.0],
          [-0.79782,0.0,-0.602894],
          [-11224.4,1578.75,3613.35]
        ],
        "unit_class": "dynHelipad_platform_square_a"
      }
    ],
    "squad": [
      {
        "name": "tl_all_fields_squad",
        "props": {
          "object_marking": 0,
          "squad_members": [
            "tl_base_01",
            "tl_base_02",
            "tl_base_03",
            "tl_base_04",
            "tl_base_05",
            "tl_base_06",
            "tl_base_07",
            "tl_base_08",
            "tl_base_09",
            "tl_base_10",
            "tl_base_11",
            "tl_base_12"
          ]
        },
        "tm": [
          [-1.0,0.0,-5.96046e-08],
          [0.0,1.0,0.0],
          [5.96046e-08,0.0,-1.0],
          [17615.5,3.84961,-14569.4]
        ]
      },
      {
        "name": "tl_t1_squad",
        "props": {
          "object_marking": 0,
          "object_type": "isTeamA",
          "squad_members": [
            "tl_base_01",
            "tl_base_02",
            "tl_base_03",
            "tl_base_04",
            "tl_base_05",
            "tl_base_06",
            "tl_base_07",
            "tl_base_08",
            "tl_base_09",
            "tl_base_10",
            "tl_base_11",
            "tl_base_12"
          ]
        },
        "tm": [
          [-1.0,0.0,-5.96046e-08],
          [0.0,1.0,0.0],
          [5.96046e-08,0.0,-1.0],
          [18221.2,3.85034,-12866.4]
        ]
      },
      {
        "name": "tl_t2_squad",
        "props": {
          "object_marking": 0,
          "object_type": "isTeamB",
          "squad_members": [
            "tl_base_01",
            "tl_base_02",
            "tl_base_03",
            "tl_base_04",
            "tl_base_05",
            "tl_base_06",
            "tl_base_07",
            "tl_base_08",
            "tl_base_09",
            "tl_base_10",
            "tl_base_11",
            "tl_base_12"
          ]
        },
        "tm": [
          [-1.0,0.0,-5.96046e-08],
          [0.0,1.0,0.0],
          [5.96046e-08,0.0,-1.0],
          [17428.8,3.85034,-16506.2]
        ]
      }
    ]
  },
  "variables": {},
  "wayPoints": {}
}