{
  "airfields": [],
  "areas": {
    "brief_dom_battle_area": {
      "objLayer": 4,
      "props": [],
      "tm": [
        [-0.00026431,0.0,4096.0],
        [0.0,600.0,0.0],
        [-4096.0,0.0,-0.00026431],
        [2048.0,205.853,2048.0]
      ],
      "type": "Box"
    },
    "briefing_capturezone_01": {
      "objLayer": 0,
      "props": [],
      "tm": [
        [0.642788,0.0,-0.766044],
        [0.0,1.0,0.0],
        [0.766044,0.0,0.642788],
        [687.484,207.029,2052.54]
      ],
      "type": "Point"
    },
    "briefing_capturezone_02": {
      "objLayer": 0,
      "props": [],
      "tm": [
        [0.642788,0.0,-0.766044],
        [0.0,1.0,0.0],
        [0.766044,0.0,0.642788],
        [2138.37,210.0,2037.36]
      ],
      "type": "Point"
    },
    "briefing_capturezone_03": {
      "objLayer": 0,
      "props": [],
      "tm": [
        [0.642788,0.0,-0.766044],
        [0.0,1.0,0.0],
        [0.766044,0.0,0.642788],
        [3624.09,200.0,2038.59]
      ],
      "type": "Point"
    },
    "briefing_rb_capturezone_01": {
      "objLayer": 0,
      "props": [],
      "tm": [
        [-0.258819,0.0,-0.965926],
        [0.0,1.0,0.0],
        [0.965926,0.0,-0.258819],
        [673.697,207.031,2050.01]
      ],
      "type": "Point"
    },
    "briefing_rb_capturezone_02": {
      "objLayer": 0,
      "props": [],
      "tm": [
        [-0.258819,0.0,-0.965926],
        [0.0,1.0,0.0],
        [0.965926,0.0,-0.258819],
        [2134.65,210.0,2037.09]
      ],
      "type": "Point"
    },
    "briefing_rb_capturezone_03": {
      "objLayer": 0,
      "props": [],
      "tm": [
        [-0.258819,0.0,-0.965926],
        [0.0,1.0,0.0],
        [0.965926,0.0,-0.258819],
        [3618.63,200.0,2041.98]
      ],
      "type": "Point"
    },
    "briefing_t1_rb_resp01": {
      "objLayer": 0,
      "props": [],
      "tm": [
        [0.5373,0.0,-0.843392],
        [0.0,1.0,0.0],
        [0.843392,0.0,0.5373],
        [904.65,220.0,597.75]
      ],
      "type": "Point"
    },
    "briefing_t1_rb_resp02": {
      "objLayer": 0,
      "props": [],
      "tm": [
        [0.5373,0.0,-0.843392],
        [0.0,1.0,0.0],
        [0.843392,0.0,0.5373],
        [3152.05,225.0,608.35]
      ],
      "type": "Point"
    },
    "briefing_t1_resp01": {
      "objLayer": 0,
      "props": [],
      "tm": [
        [0.5373,0.0,-0.843392],
        [0.0,1.0,0.0],
        [0.843392,0.0,0.5373],
        [915.63,220.008,601.901]
      ],
      "type": "Point"
    },
    "briefing_t1_resp02": {
      "objLayer": 0,
      "props": [],
      "tm": [
        [0.5373,0.0,-0.843392],
        [0.0,1.0,0.0],
        [0.843392,0.0,0.5373],
        [3155.72,224.856,604.368]
      ],
      "type": "Point"
    },
    "briefing_t2_rb_resp01": {
      "objLayer": 0,
      "props": [],
      "tm": [
        [0.382683,0.0,-0.92388],
        [0.0,1.0,0.0],
        [0.92388,0.0,0.382683],
        [939.05,225.0,3472.4]
      ],
      "type": "Point"
    },
    "briefing_t2_rb_resp02": {
      "objLayer": 0,
      "props": [],
      "tm": [
        [0.382683,0.0,-0.92388],
        [0.0,1.0,0.0],
        [0.92388,0.0,0.382683],
        [3153.45,225.0,3469.6]
      ],
      "type": "Point"
    },
    "briefing_t2_resp01": {
      "objLayer": 0,
      "props": [],
      "tm": [
        [0.382683,0.0,-0.92388],
        [0.0,1.0,0.0],
        [0.92388,0.0,0.382683],
        [937.308,224.85,3476.98]
      ],
      "type": "Point"
    },
    "briefing_t2_resp02": {
      "objLayer": 0,
      "props": [],
      "tm": [
        [0.382683,0.0,-0.92388],
        [0.0,1.0,0.0],
        [0.92388,0.0,0.382683],
        [3158.06,225.0,3469.35]
      ],
      "type": "Point"
    }
  },
  "bin_dump_file": "",
  "dialogs": [],
  "effects": [],
  "imports": [
    {
      "import_record": {
        "excludes": [],
        "file": "gameData/missions/templates/tank_templates/tank_base_logic_template.blk",
        "importAreas": true,
        "importMissionObjectives": true,
        "importTriggers": true,
        "importUnits": true,
        "importWayPoints": true,
        "showAreas": true,
        "showMissionObjectives": true,
        "showTriggers": true,
        "showUnits": true,
        "showWayPoints": true
      }
    },
    {
      "import_record": {
        "excludes": [],
        "file": "gameData/missions/cta/tanks/red_desert/template_red_desert_air_spawns.blk",
        "importAreas": true,
        "importMissionObjectives": true,
        "importTriggers": true,
        "importUnits": true,
        "importWayPoints": true,
        "showAreas": true,
        "showMissionObjectives": true,
        "showTriggers": true,
        "showUnits": true,
        "showWayPoints": true
      }
    },
    {
      "import_record": {
        "excludes": [],
        "file": "gameData/missions/cta/tanks/red_desert/battleareas/template_red_desert_Dom_battlearea.blk",
        "importAreas": true,
        "importMissionObjectives": true,
        "importTriggers": true,
        "importUnits": true,
        "importWayPoints": true,
        "showAreas": true,
        "showMissionObjectives": true,
        "showTriggers": true,
        "showUnits": true,
        "showWayPoints": true
      }
    },
    {
      "import_record": {
        "excludes": [],
        "file": "gameData/missions/templates/tank_templates/dom_template.blk",
        "importAreas": true,
        "importMissionObjectives": true,
        "importTriggers": true,
        "importUnits": true,
        "importWayPoints": true,
        "showAreas": true,
        "showMissionObjectives": true,
        "showTriggers": true,
        "showUnits": true,
        "showWayPoints": true
      }
    }
  ],
  "mission_objectives": {
    "isCategory": true,
    "is_enabled": true
  },
  "mission_settings": {
    "briefing": {
      "date_loc": "",
      "music": "action_01",
      "objective_loc": "",
      "part": {
        "event": "",
        "minTime": 0,
        "slide": [
          {
            "map": true
          },
          {
            "minTime": 4
          },
          {
            "picture": ""
          },
          {
            "showAirMap": false
          },
          {
            "icon": {
              "icontype": "tank",
              "side": "ally",
              "target": "briefing_t1_resp01"
            }
          },
          {
            "icon": {
              "icontype": "tank",
              "side": "ally",
              "target": "briefing_t1_resp02"
            }
          },
          {
            "icon": {
              "icontype": "tank",
              "side": "enemy",
              "target": "briefing_t2_resp01"
            }
          },
          {
            "icon": {
              "icontype": "tank",
              "side": "enemy",
              "target": "briefing_t2_resp02"
            }
          },
          {
            "icon": {
              "icontype": "basezone_A",
              "side": "neutral",
              "target": "briefing_capturezone_01"
            }
          },
          {
            "icon": {
              "icontype": "basezone_B",
              "side": "neutral",
              "target": "briefing_capturezone_02"
            }
          },
          {
            "icon": {
              "icontype": "basezone_C",
              "side": "neutral",
              "target": "briefing_capturezone_03"
            }
          },
          {
            "battleArea": {
              "target": "brief_dom_battle_area"
            }
          }
        ]
      },
      "place_loc": ""
    },
    "mission": [
      {
        "level": "levels/avg_red_desert.bin"
      },
      {
        "type": "domination"
      },
      {
        "environment": "Day"
      },
      {
        "weather": "clear"
      },
      {
        "locName": "missions/_Dom;location/avg_red_desert"
      },
      {
        "locDesc": "missions/_Dom/desc"
      },
      {
        "scoreLimit": 14000
      },
      {
        "timeLimit": 25
      },
      {
        "deathPenaltyMul": 1.0
      },
      {
        "postfix": "_Dom"
      },
      {
        "ctaCaptureZoneEqualPenaltyMul": 0.0
      },
      {
        "useAlternativeMapCoord": false
      },
      {
        "allowedKillStreaks": true
      },
      {
        "randomSpawnTeams": false
      },
      {
        "remapAiTankModels": true
      },
      {
        "battleAreaColorPreset": "battleArea"
      },
      {
        "showTacticalMapCellSize": true
      },
      {
        "country_axis": "germany"
      },
      {
        "country_allies": "ussr"
      },
      {
        "restoreType": "attempts"
      },
      {
        "optionalTakeOff": false
      },
      {
        "allowedUnitTypes": {
          "isAirplanesAllowed": true,
          "isHelicoptersAllowed": true,
          "isShipsAllowed": false,
          "isTanksAllowed": true
        }
      },
      {
        "mission": {
          "difficulty": "realistic",
          "randomSpawnTeams": true,
          "remapAiTankModels": true,
          "scoreLimit": 18000,
          "useAlternativeMapCoord": false
        }
      },
      {
        "mission": {
          "difficulty": "hardcore",
          "randomSpawnTeams": true,
          "remapAiTankModels": true,
          "scoreLimit": 20000,
          "useAlternativeMapCoord": false
        }
      }
    ],
    "player": [
      {
        "army": 1
      },
      {
        "wing": "t1_player01"
      },
      {
        "wing": "t1_player02"
      },
      {
        "wing": "t1_player03"
      },
      {
        "wing": "t1_player04"
      },
      {
        "wing": "t1_player05"
      },
      {
        "wing": "t1_player06"
      },
      {
        "wing": "t1_player07"
      },
      {
        "wing": "t1_player08"
      },
      {
        "wing": "t1_player09"
      },
      {
        "wing": "t1_player10"
      },
      {
        "wing": "t1_player11"
      },
      {
        "wing": "t1_player12"
      },
      {
        "wing": "t1_player13"
      },
      {
        "wing": "t1_player14"
      },
      {
        "wing": "t1_player15"
      },
      {
        "wing": "t1_player16"
      },
      {
        "wing": "t1_player17"
      },
      {
        "wing": "t1_player18"
      },
      {
        "wing": "t1_player19"
      },
      {
        "wing": "t1_player20"
      },
      {
        "wing": "t1_player21"
      },
      {
        "wing": "t1_player22"
      },
      {
        "wing": "t1_player23"
      },
      {
        "wing": "t1_player24"
      },
      {
        "wing": "t1_player25"
      },
      {
        "wing": "t1_player26"
      },
      {
        "wing": "t1_player27"
      },
      {
        "wing": "t1_player28"
      },
      {
        "wing": "t1_player29"
      },
      {
        "wing": "t1_player30"
      },
      {
        "wing": "t1_player31"
      },
      {
        "wing": "t1_player32"
      }
    ],
    "player_teamB": [
      {
        "army": 2
      },
      {
        "wing": "t2_player01"
      },
      {
        "wing": "t2_player02"
      },
      {
        "wing": "t2_player03"
      },
      {
        "wing": "t2_player04"
      },
      {
        "wing": "t2_player05"
      },
      {
        "wing": "t2_player06"
      },
      {
        "wing": "t2_player07"
      },
      {
        "wing": "t2_player08"
      },
      {
        "wing": "t2_player09"
      },
      {
        "wing": "t2_player10"
      },
      {
        "wing": "t2_player11"
      },
      {
        "wing": "t2_player12"
      },
      {
        "wing": "t2_player13"
      },
      {
        "wing": "t2_player14"
      },
      {
        "wing": "t2_player15"
      },
      {
        "wing": "t2_player16"
      },
      {
        "wing": "t2_player17"
      },
      {
        "wing": "t2_player18"
      },
      {
        "wing": "t2_player19"
      },
      {
        "wing": "t2_player20"
      },
      {
        "wing": "t2_player21"
      },
      {
        "wing": "t2_player22"
      },
      {
        "wing": "t2_player23"
      },
      {
        "wing": "t2_player24"
      },
      {
        "wing": "t2_player25"
      },
      {
        "wing": "t2_player26"
      },
      {
        "wing": "t2_player27"
      },
      {
        "wing": "t2_player28"
      },
      {
        "wing": "t2_player29"
      },
      {
        "wing": "t2_player30"
      },
      {
        "wing": "t2_player31"
      },
      {
        "wing": "t2_player32"
      },
      {
        "wing": "t2_player33"
      }
    ],
    "spectator_points": []
  },
  "objLayers": [
    {
      "layer": {
        "enabled": true
      }
    },
    {
      "layer": {
        "enabled": true
      }
    },
    {
      "layer": {
        "enabled": true
      }
    },
    {
      "layer": {
        "enabled": true
      }
    }
  ],
  "selected_tag": "",
  "triggers": {
    "isCategory": true,
    "is_enabled": true
  },
  "units": {
    "tankModels": {
      "applyAllMods": false,
      "bullets0": "",
      "bullets1": "",
      "bullets2": "",
      "bullets3": "",
      "bulletsCount0": 0,
      "bulletsCount1": 0,
      "bulletsCount2": 0,
      "bulletsCount3": 0,
      "closed_waypoints": false,
      "crewSkillK": 0.0,
      "isShipSpline": false,
      "name": "t1_player01",
      "objLayer": 1,
      "props": {
        "army": 2,
        "attack_type": "fire_at_will",
        "count": 1,
        "formation_div": 3,
        "formation_noise": [0.1,0.1],
        "formation_step": [2.5,2.0],
        "formation_type": "rows",
        "uniqueName": ""
      },
      "shipTurnRadius": 100.0,
      "tm": [
        [-0.258819,0.0,-0.965926],
        [0.0,1.0,0.0],
        [0.965926,0.0,-0.258819],
        [366.08,112.808,38.01]
      ],
      "unit_class": "aaa_dummy",
      "way": [],
      "weapons": ""
    }
  },
  "variables": [],
  "wayPoints": []
}