{
  "airfields": {},
  "areas": {
    "rank_04_battle_zone_6500_circle": {
      "objLayer": 3,
      "props": {},
      "tm": [
        [12968.3,0.0,-906.833],
        [0.0,13000.0,0.0],
        [906.82,0.0,12968.3],
        [-7000.0,519.655,-8000.0]
      ],
      "type": "Sphere"
    },
    "rank_04_battle_zone_750_circle": {
      "objLayer": 3,
      "props": {},
      "tm": [
        [13015.2,0.0,-910.104],
        [0.0,1500.0,0.0],
        [104.634,0.0,1496.35],
        [-7000.0,548.655,-8000.0]
      ],
      "type": "Box"
    }
  },
  "bin_dump_file": "",
  "dialogs": {},
  "effects": {},
  "imports": {},
  "mission_objectives": {
    "isCategory": true,
    "is_enabled": true
  },
  "mission_settings": {
    "mission": {
      "environment": "Day",
      "level": "levels/air_israel.bin",
      "type": "domination",
      "weather": "hazy"
    },
    "player": {
      "army": 1
    },
    "player_teamB": {
      "army": 2
    }
  },
  "objLayers": {
    "layer": [
      {
        "enabled": true
      },
      {
        "enabled": true
      },
      {
        "enabled": true
      },
      {
        "enabled": false
      },
      {
        "enabled": false
      }
    ]
  },
  "selected_tag": "",
  "triggers": {
    "isCategory": true,
    "is_enabled": true,
    "static_units_rank_04_init": {
      "actions": {
        "comment": [
          {
            "value": "static units"
          },
          {
            "value": "static aaa"
          },
          {
            "value": ""
          }
        ],
        "unitSetProperties": [
          {
            "accuracy": 0.1,
            "checkVisibilityTarget": false,
            "object": [
              "t1_artillery_squad",
              "t1_bunkers_squad",
              "t2_artillery_squad",
              "t2_bunkers_squad"
            ]
          },
          {
            "DelayAfterShoot": 3.0,
            "accuracy": 0.1,
            "airAccuracy": 0.1,
            "fireRandom": true,
            "object": [
              "t1_aaa_squad",
              "t2_aaa_squad"
            ],
            "targetChangeInterval": 5.0,
            "targetChangeProb": 0.25,
            "targetGnd": false
          }
        ]
      },
      "comments": "",
      "conditions": {},
      "else_actions": {},
      "events": {
        "initMission": {}
      },
      "is_enabled": true,
      "props": {
        "actionsType": "PERFORM_ONE_BY_ONE",
        "conditionsType": "ALL",
        "enableAfterComplete": false
      }
    }
  },
  "units": {
    "objectGroups": [
      {
        "name": "t1_trench_rank_03_01",
        "objLayer": 2,
        "props": {
          "active": true,
          "army": 1
        },
        "tm": [
          [0.982379,0.0483821,-0.180532],
          [-0.0492399,0.998787,-0.000273485],
          [0.1803,0.00915793,0.983569],
          [-8180.14,512.754,-8900.69]
        ],
        "unit_class": "dynTrench_small_bunker_axis"
      },
      {
        "name": "t1_trench_rank_03_02",
        "objLayer": 2,
        "props": {
          "active": true,
          "army": 1
        },
        "tm": [
          [0.998285,0.0476783,-0.033982],
          [-0.0483495,0.998645,-0.0192535],
          [0.0330177,0.0208626,0.999238],
          [-2390.57,548.533,-9326.56]
        ],
        "unit_class": "dynTrench_small_bunker_axis"
      },
      {
        "name": "t1_trench_rank_03_03",
        "objLayer": 2,
        "props": {
          "active": true,
          "army": 1
        },
        "tm": [
          [0.981841,0.0449986,-0.184292],
          [-0.0405414,0.998789,0.0278863],
          [0.185324,-0.0199088,0.982476],
          [-4642.66,539.664,-9115.73]
        ],
        "unit_class": "dynTrench_small_bunker_axis"
      },
      {
        "name": "t1_trench_rank_03_04",
        "objLayer": 2,
        "props": {
          "active": true,
          "army": 1
        },
        "tm": [
          [0.984111,0.0188522,0.176546],
          [-0.0088436,0.998316,-0.0573081],
          [-0.177328,0.0548368,0.982624],
          [-890.412,524.471,-9322.29]
        ],
        "unit_class": "dynTrench_small_bunker_axis"
      },
      {
        "name": "t1_trench_rank_03_05",
        "objLayer": 2,
        "props": {
          "active": true,
          "army": 1
        },
        "tm": [
          [0.996945,0.0284611,0.0727406],
          [-0.0307615,0.999055,0.0306888],
          [-0.071799,-0.0328327,0.996879],
          [-10009.6,522.624,-8759.18]
        ],
        "unit_class": "dynTrench_small_bunker_axis"
      },
      {
        "name": "t1_trench_rank_03_06",
        "objLayer": 2,
        "props": {
          "active": true,
          "army": 1
        },
        "tm": [
          [0.999572,-0.0209013,-0.0205393],
          [0.0210183,0.999764,0.0054924],
          [0.0204199,-0.00592193,0.999774],
          [-5926.44,501.479,-8915.24]
        ],
        "unit_class": "dynTrench_small_bunker_axis"
      },
      {
        "name": "t1_trench_rank_03_07",
        "objLayer": 2,
        "props": {
          "active": true,
          "army": 1
        },
        "tm": [
          [0.999103,-0.00537469,0.0420217],
          [0.0035568,0.999061,0.0431957],
          [-0.0422147,-0.0430073,0.998183],
          [-3496.61,548.102,-9216.69]
        ],
        "unit_class": "dynTrench_small_bunker_axis"
      },
      {
        "name": "t1_trench_rank_03_08",
        "objLayer": 2,
        "props": {
          "active": true,
          "army": 1
        },
        "tm": [
          [0.924558,0.0865199,-0.371088],
          [-0.0582796,0.99453,0.0866745],
          [0.376558,-0.0585095,0.924543],
          [-12133.4,447.022,-8651.53]
        ],
        "unit_class": "dynTrench_small_bunker_axis"
      },
      {
        "name": "t2_trench_rank_03_01",
        "objLayer": 2,
        "props": {
          "active": true,
          "army": 2
        },
        "tm": [
          [-0.999498,-0.00593469,0.0311336],
          [-0.00540051,0.999837,0.0172196],
          [-0.0312308,0.0170431,-0.999369],
          [-4622.95,478.712,-7220.14]
        ],
        "unit_class": "dynTrench_small_bunker_axis"
      },
      {
        "name": "t2_trench_rank_03_02",
        "objLayer": 2,
        "props": {
          "active": true,
          "army": 2
        },
        "tm": [
          [-1.0,0.000164762,-0.000290521],
          [0.000175253,0.999352,-0.0359921],
          [0.000283549,-0.0359922,-0.999353],
          [-8144.71,531.378,-6953.54]
        ],
        "unit_class": "dynTrench_small_bunker_axis"
      },
      {
        "name": "t2_trench_rank_03_03",
        "objLayer": 2,
        "props": {
          "active": true,
          "army": 2
        },
        "tm": [
          [-0.999927,0.0112908,-0.00431787],
          [0.0114458,0.999221,-0.0377786],
          [0.00388825,-0.0378256,-0.999278],
          [-2255.7,519.671,-7571.51]
        ],
        "unit_class": "dynTrench_small_bunker_axis"
      },
      {
        "name": "t2_trench_rank_03_04",
        "objLayer": 2,
        "props": {
          "active": true,
          "army": 2
        },
        "tm": [
          [-0.999428,-0.0336631,-0.0030985],
          [-0.0337669,0.998465,0.0438883],
          [0.00161675,0.0439676,-0.999032],
          [-9950.42,486.612,-6892.35]
        ],
        "unit_class": "dynTrench_small_bunker_axis"
      },
      {
        "name": "t2_trench_rank_03_05",
        "objLayer": 2,
        "props": {
          "active": true,
          "army": 2
        },
        "tm": [
          [-0.940387,0.0326829,0.338534],
          [0.00204938,0.995898,-0.0904537],
          [-0.340102,-0.0843675,-0.936595],
          [-776.041,497.061,-7574.61]
        ],
        "unit_class": "dynTrench_small_bunker_axis"
      },
      {
        "name": "t2_trench_rank_03_06",
        "objLayer": 2,
        "props": {
          "active": true,
          "army": 2
        },
        "tm": [
          [-0.897678,0.0817497,-0.433001],
          [0.051575,0.995378,0.0810033],
          [0.437621,0.0503832,-0.897747],
          [-11667.1,471.284,-6804.93]
        ],
        "unit_class": "dynTrench_small_bunker_axis"
      },
      {
        "name": "t2_trench_rank_03_07",
        "objLayer": 2,
        "props": {
          "active": true,
          "army": 2
        },
        "tm": [
          [-0.97918,0.00735431,0.202862],
          [-0.00672093,0.99762,-0.0686052],
          [-0.202884,-0.0685403,-0.9768],
          [-3406.94,490.106,-7315.54]
        ],
        "unit_class": "dynTrench_small_bunker_axis"
      },
      {
        "name": "t2_trench_rank_03_08",
        "objLayer": 2,
        "props": {
          "active": true,
          "army": 2
        },
        "tm": [
          [-0.999567,0.0223977,0.0191191],
          [0.0237766,0.996877,0.0752906],
          [-0.0173739,0.0757127,-0.99698],
          [-5927.67,501.851,-7142.72]
        ],
        "unit_class": "dynTrench_small_bunker_axis"
      }
    ],
    "squad": [
      {
        "name": "t1_aaa_squad",
        "props": {
          "squad_members": [
            "t1_aaa_01",
            "t1_aaa_02",
            "t1_aaa_03",
            "t1_aaa_04",
            "t1_aaa_05",
            "t1_aaa_06",
            "t1_aaa_07",
            "t1_aaa_08"
          ]
        },
        "tm": [
          [1.0,0.0,0.0],
          [0.0,1.0,0.0],
          [0.0,0.0,1.0],
          [10421.9,649.199,-27457.1]
        ]
      },
      {
        "name": "t1_artillery_squad",
        "props": {
          "squad_members": [
            "t1_art_01",
            "t1_art_02",
            "t1_art_03",
            "t1_art_04",
            "t1_art_05",
            "t1_art_06",
            "t1_art_07",
            "t1_art_08",
            "t1_art_09",
            "t1_art_10",
            "t1_art_11",
            "t1_art_12",
            "t1_art_13",
            "t1_art_14",
            "t1_art_15",
            "t1_art_16"
          ]
        },
        "tm": [
          [1.0,0.0,0.0],
          [0.0,1.0,0.0],
          [0.0,0.0,1.0],
          [9995.27,652.572,-27509.4]
        ]
      },
      {
        "name": "t1_bunkers_squad",
        "props": {
          "squad_members": [
            "t1_bunker_01",
            "t1_bunker_02",
            "t1_bunker_03",
            "t1_bunker_04",
            "t1_bunker_05",
            "t1_bunker_06",
            "t1_bunker_07",
            "t1_bunker_08"
          ]
        },
        "tm": [
          [1.0,0.0,0.0],
          [0.0,1.0,0.0],
          [0.0,0.0,1.0],
          [11119.6,657.643,-28175.7]
        ]
      },
      {
        "name": "t2_aaa_squad",
        "props": {
          "squad_members": [
            "t2_aaa_01",
            "t2_aaa_02",
            "t2_aaa_03",
            "t2_aaa_04",
            "t2_aaa_05",
            "t2_aaa_06",
            "t2_aaa_07",
            "t2_aaa_08"
          ]
        },
        "tm": [
          [1.0,0.0,0.0],
          [0.0,1.0,0.0],
          [0.0,0.0,1.0],
          [18874.3,632.633,-19321.9]
        ]
      },
      {
        "name": "t2_artillery_squad",
        "props": {
          "squad_members": [
            "t2_art_01",
            "t2_art_02",
            "t2_art_03",
            "t2_art_04",
            "t2_art_05",
            "t2_art_06",
            "t2_art_07",
            "t2_art_08",
            "t2_art_09",
            "t2_art_10",
            "t2_art_11",
            "t2_art_12",
            "t2_art_13",
            "t2_art_14",
            "t2_art_15",
            "t2_art_16"
          ]
        },
        "tm": [
          [1.0,0.0,0.0],
          [0.0,1.0,0.0],
          [0.0,0.0,1.0],
          [18720.2,633.345,-18522.7]
        ]
      },
      {
        "name": "t2_bunkers_squad",
        "props": {
          "squad_members": [
            "t2_bunker_01",
            "t2_bunker_02",
            "t2_bunker_03",
            "t2_bunker_04",
            "t2_bunker_05",
            "t2_bunker_06",
            "t2_bunker_07",
            "t2_bunker_08"
          ]
        },
        "tm": [
          [1.0,0.0,0.0],
          [0.0,1.0,0.0],
          [0.0,0.0,1.0],
          [19582.5,639.115,-18789.1]
        ]
      },
      {
        "name": "t1_static_units_squad",
        "props": {
          "squad_members": [
            "t1_aaa_squad",
            "t1_artillery_squad",
            "t1_bunkers_squad"
          ]
        },
        "tm": [
          [1.0,0.0,0.0],
          [0.0,1.0,0.0],
          [0.0,0.0,1.0],
          [10495.3,687.311,-32025.8]
        ]
      },
      {
        "name": "t2_static_units_squad",
        "props": {
          "squad_members": [
            "t2_aaa_squad",
            "t2_artillery_squad",
            "t2_bunkers_squad"
          ]
        },
        "tm": [
          [1.0,0.0,0.0],
          [0.0,1.0,0.0],
          [0.0,0.0,1.0],
          [21245.6,641.275,-21286.6]
        ]
      }
    ],
    "structures": [
      {
        "applyAllMods": false,
        "bullets0": "",
        "bullets1": "",
        "bullets2": "",
        "bullets3": "",
        "bulletsCount0": 0,
        "bulletsCount1": 0,
        "bulletsCount2": 0,
        "bulletsCount3": 0,
        "closed_waypoints": false,
        "crewSkillK": 0.0,
        "isShipSpline": false,
        "name": "t1_bunker_01",
        "objLayer": 1,
        "props": {
          "army": 1,
          "count": 1,
          "formation_div": 3,
          "formation_noise": [0.1,0.1],
          "formation_step": [2.5,2.0],
          "formation_type": "rows"
        },
        "shipTurnRadius": 100.0,
        "tm": [
          [0.0338513,0.00194258,0.999425],
          [-0.0492399,0.998787,-0.000273485],
          [-0.998213,-0.0492018,0.0339063],
          [-8168.36,525.916,-8893.2]
        ],
        "unit_class": "ussr_quest_large_art_noground",
        "way": {},
        "weapons": ""
      },
      {
        "applyAllMods": false,
        "bullets0": "",
        "bullets1": "",
        "bullets2": "",
        "bullets3": "",
        "bulletsCount0": 0,
        "bulletsCount1": 0,
        "bulletsCount2": 0,
        "bulletsCount3": 0,
        "closed_waypoints": false,
        "crewSkillK": 0.0,
        "isShipSpline": false,
        "name": "t1_art_01",
        "objLayer": 1,
        "props": {
          "army": 1,
          "count": 1,
          "formation_div": 3,
          "formation_noise": [0.1,0.1],
          "formation_step": [2.5,2.0],
          "formation_type": "rows"
        },
        "shipTurnRadius": 100.0,
        "tm": [
          [0.0338513,0.00194258,0.999425],
          [-0.0492399,0.998787,-0.000273485],
          [-0.998213,-0.0492018,0.0339063],
          [-8262.67,517.63,-8888.42]
        ],
        "unit_class": "ussr_quest_large_art_noground",
        "way": {},
        "weapons": ""
      },
      {
        "applyAllMods": false,
        "bullets0": "",
        "bullets1": "",
        "bullets2": "",
        "bullets3": "",
        "bulletsCount0": 0,
        "bulletsCount1": 0,
        "bulletsCount2": 0,
        "bulletsCount3": 0,
        "closed_waypoints": false,
        "crewSkillK": 0.0,
        "isShipSpline": false,
        "name": "t1_art_02",
        "objLayer": 1,
        "props": {
          "army": 1,
          "count": 1,
          "formation_div": 3,
          "formation_noise": [0.1,0.1],
          "formation_step": [2.5,2.0],
          "formation_type": "rows"
        },
        "shipTurnRadius": 100.0,
        "tm": [
          [0.0338513,0.00194258,0.999425],
          [-0.0492399,0.998787,-0.000273485],
          [-0.998213,-0.0492018,0.0339063],
          [-8093.96,522.501,-8887.58]
        ],
        "unit_class": "ussr_quest_large_art_noground",
        "way": {},
        "weapons": ""
      },
      {
        "applyAllMods": false,
        "bullets0": "",
        "bullets1": "",
        "bullets2": "",
        "bullets3": "",
        "bulletsCount0": 0,
        "bulletsCount1": 0,
        "bulletsCount2": 0,
        "bulletsCount3": 0,
        "closed_waypoints": false,
        "crewSkillK": 0.0,
        "isShipSpline": false,
        "name": "t1_bunker_02",
        "objLayer": 1,
        "props": {
          "army": 1,
          "count": 1,
          "formation_div": 3,
          "formation_noise": [0.1,0.1],
          "formation_step": [2.5,2.0],
          "formation_type": "rows"
        },
        "shipTurnRadius": 100.0,
        "tm": [
          [-0.11417,0.013623,0.993368],
          [-0.0483495,0.998645,-0.0192535],
          [-0.992284,-0.0502282,-0.113356],
          [-2379.93,561.801,-9317.61]
        ],
        "unit_class": "ussr_quest_large_art_noground",
        "way": {},
        "weapons": ""
      },
      {
        "applyAllMods": false,
        "bullets0": "",
        "bullets1": "",
        "bullets2": "",
        "bullets3": "",
        "bulletsCount0": 0,
        "bulletsCount1": 0,
        "bulletsCount2": 0,
        "bulletsCount3": 0,
        "closed_waypoints": false,
        "crewSkillK": 0.0,
        "isShipSpline": false,
        "name": "t1_art_03",
        "objLayer": 1,
        "props": {
          "army": 1,
          "count": 1,
          "formation_div": 3,
          "formation_noise": [0.1,0.1],
          "formation_step": [2.5,2.0],
          "formation_type": "rows"
        },
        "shipTurnRadius": 100.0,
        "tm": [
          [-0.11417,0.013623,0.993368],
          [-0.0483495,0.998645,-0.0192535],
          [-0.992284,-0.0502282,-0.113356],
          [-2473.96,553.436,-9326.69]
        ],
        "unit_class": "ussr_quest_large_art_noground",
        "way": {},
        "weapons": ""
      },
      {
        "applyAllMods": false,
        "bullets0": "",
        "bullets1": "",
        "bullets2": "",
        "bullets3": "",
        "bulletsCount0": 0,
        "bulletsCount1": 0,
        "bulletsCount2": 0,
        "bulletsCount3": 0,
        "closed_waypoints": false,
        "crewSkillK": 0.0,
        "isShipSpline": false,
        "name": "t1_art_04",
        "objLayer": 1,
        "props": {
          "army": 1,
          "count": 1,
          "formation_div": 3,
          "formation_noise": [0.1,0.1],
          "formation_step": [2.5,2.0],
          "formation_type": "rows"
        },
        "shipTurnRadius": 100.0,
        "tm": [
          [-0.11417,0.013623,0.993368],
          [-0.0483495,0.998645,-0.0192535],
          [-0.992284,-0.0502282,-0.113356],
          [-2307.19,558.558,-9301.01]
        ],
        "unit_class": "ussr_quest_large_art_noground",
        "way": {},
        "weapons": ""
      },
      {
        "applyAllMods": false,
        "bullets0": "",
        "bullets1": "",
        "bullets2": "",
        "bullets3": "",
        "bulletsCount0": 0,
        "bulletsCount1": 0,
        "bulletsCount2": 0,
        "bulletsCount3": 0,
        "closed_waypoints": false,
        "crewSkillK": 0.0,
        "isShipSpline": false,
        "name": "t1_bunker_03",
        "objLayer": 1,
        "props": {
          "army": 1,
          "count": 1,
          "formation_div": 3,
          "formation_noise": [0.1,0.1],
          "formation_step": [2.5,2.0],
          "formation_type": "rows"
        },
        "shipTurnRadius": 100.0,
        "tm": [
          [0.0388986,-0.0263107,0.998898],
          [-0.0405414,0.998789,0.0278863],
          [-0.99842,-0.0415808,0.0377852],
          [-4630.72,552.515,-9107.92]
        ],
        "unit_class": "ussr_quest_large_art_noground",
        "way": {},
        "weapons": ""
      },
      {
        "applyAllMods": false,
        "bullets0": "",
        "bullets1": "",
        "bullets2": "",
        "bullets3": "",
        "bulletsCount0": 0,
        "bulletsCount1": 0,
        "bulletsCount2": 0,
        "bulletsCount3": 0,
        "closed_waypoints": false,
        "crewSkillK": 0.0,
        "isShipSpline": false,
        "name": "t1_art_05",
        "objLayer": 1,
        "props": {
          "army": 1,
          "count": 1,
          "formation_div": 3,
          "formation_noise": [0.1,0.1],
          "formation_step": [2.5,2.0],
          "formation_type": "rows"
        },
        "shipTurnRadius": 100.0,
        "tm": [
          [0.0388986,-0.0263107,0.998898],
          [-0.0405414,0.998789,0.0278863],
          [-0.99842,-0.0415808,0.0377852],
          [-4725.02,544.906,-9102.94]
        ],
        "unit_class": "ussr_quest_large_art_noground",
        "way": {},
        "weapons": ""
      },
      {
        "applyAllMods": false,
        "bullets0": "",
        "bullets1": "",
        "bullets2": "",
        "bullets3": "",
        "bulletsCount0": 0,
        "bulletsCount1": 0,
        "bulletsCount2": 0,
        "bulletsCount3": 0,
        "closed_waypoints": false,
        "crewSkillK": 0.0,
        "isShipSpline": false,
        "name": "t1_art_06",
        "objLayer": 1,
        "props": {
          "army": 1,
          "count": 1,
          "formation_div": 3,
          "formation_noise": [0.1,0.1],
          "formation_step": [2.5,2.0],
          "formation_type": "rows"
        },
        "shipTurnRadius": 100.0,
        "tm": [
          [0.0388986,-0.0263107,0.998898],
          [-0.0405414,0.998789,0.0278863],
          [-0.99842,-0.0415808,0.0377852],
          [-4556.29,548.302,-9102.86]
        ],
        "unit_class": "ussr_quest_large_art_noground",
        "way": {},
        "weapons": ""
      },
      {
        "applyAllMods": false,
        "bullets0": "",
        "bullets1": "",
        "bullets2": "",
        "bullets3": "",
        "bulletsCount0": 0,
        "bulletsCount1": 0,
        "bulletsCount2": 0,
        "bulletsCount3": 0,
        "closed_waypoints": false,
        "crewSkillK": 0.0,
        "isShipSpline": false,
        "name": "t1_bunker_04",
        "objLayer": 1,
        "props": {
          "army": 1,
          "count": 1,
          "formation_div": 3,
          "formation_noise": [0.1,0.1],
          "formation_step": [2.5,2.0],
          "formation_type": "rows"
        },
        "shipTurnRadius": 100.0,
        "tm": [
          [-0.320141,0.0514672,0.94597],
          [-0.0088436,0.998316,-0.0573081],
          [-0.947327,-0.0267124,-0.319149],
          [-881.392,537.741,-9311.74]
        ],
        "unit_class": "ussr_quest_large_art_noground",
        "way": {},
        "weapons": ""
      },
      {
        "applyAllMods": false,
        "bullets0": "",
        "bullets1": "",
        "bullets2": "",
        "bullets3": "",
        "bulletsCount0": 0,
        "bulletsCount1": 0,
        "bulletsCount2": 0,
        "bulletsCount3": 0,
        "closed_waypoints": false,
        "crewSkillK": 0.0,
        "isShipSpline": false,
        "name": "t1_art_07",
        "objLayer": 1,
        "props": {
          "army": 1,
          "count": 1,
          "formation_div": 3,
          "formation_noise": [0.1,0.1],
          "formation_step": [2.5,2.0],
          "formation_type": "rows"
        },
        "shipTurnRadius": 100.0,
        "tm": [
          [-0.320141,0.0514672,0.94597],
          [-0.0088436,0.998316,-0.0573081],
          [-0.947327,-0.0267124,-0.319149],
          [-971.742,531.668,-9340.22]
        ],
        "unit_class": "ussr_quest_large_art_noground",
        "way": {},
        "weapons": ""
      },
      {
        "applyAllMods": false,
        "bullets0": "",
        "bullets1": "",
        "bullets2": "",
        "bullets3": "",
        "bulletsCount0": 0,
        "bulletsCount1": 0,
        "bulletsCount2": 0,
        "bulletsCount3": 0,
        "closed_waypoints": false,
        "crewSkillK": 0.0,
        "isShipSpline": false,
        "name": "t1_art_08",
        "objLayer": 1,
        "props": {
          "army": 1,
          "count": 1,
          "formation_div": 3,
          "formation_noise": [0.1,0.1],
          "formation_step": [2.5,2.0],
          "formation_type": "rows"
        },
        "shipTurnRadius": 100.0,
        "tm": [
          [-0.320141,0.0514672,0.94597],
          [-0.0088436,0.998316,-0.0573081],
          [-0.947327,-0.0267124,-0.319149],
          [-814.012,533.068,-9280.01]
        ],
        "unit_class": "ussr_quest_large_art_noground",
        "way": {},
        "weapons": ""
      },
      {
        "applyAllMods": false,
        "bullets0": "",
        "bullets1": "",
        "bullets2": "",
        "bullets3": "",
        "bulletsCount0": 0,
        "bulletsCount1": 0,
        "bulletsCount2": 0,
        "bulletsCount3": 0,
        "closed_waypoints": false,
        "crewSkillK": 0.0,
        "isShipSpline": false,
        "name": "t1_bunker_05",
        "objLayer": 1,
        "props": {
          "army": 1,
          "count": 1,
          "formation_div": 3,
          "formation_noise": [0.1,0.1],
          "formation_step": [2.5,2.0],
          "formation_type": "rows"
        },
        "shipTurnRadius": 100.0,
        "tm": [
          [-0.21765,-0.036662,0.975339],
          [-0.0307615,0.999055,0.0306888],
          [-0.975544,-0.0233237,-0.21857],
          [-9999.73,535.17,-8748.48]
        ],
        "unit_class": "ussr_quest_large_art_noground",
        "way": {},
        "weapons": ""
      },
      {
        "applyAllMods": false,
        "bullets0": "",
        "bullets1": "",
        "bullets2": "",
        "bullets3": "",
        "bulletsCount0": 0,
        "bulletsCount1": 0,
        "bulletsCount2": 0,
        "bulletsCount3": 0,
        "closed_waypoints": false,
        "crewSkillK": 0.0,
        "isShipSpline": false,
        "name": "t1_art_09",
        "objLayer": 1,
        "props": {
          "army": 1,
          "count": 1,
          "formation_div": 3,
          "formation_noise": [0.1,0.1],
          "formation_step": [2.5,2.0],
          "formation_type": "rows"
        },
        "shipTurnRadius": 100.0,
        "tm": [
          [-0.21765,-0.036662,0.975339],
          [-0.0307615,0.999055,0.0306888],
          [-0.975544,-0.0233237,-0.21857],
          [-10092.5,529.267,-8767.7]
        ],
        "unit_class": "ussr_quest_large_art_noground",
        "way": {},
        "weapons": ""
      },
      {
        "applyAllMods": false,
        "bullets0": "",
        "bullets1": "",
        "bullets2": "",
        "bullets3": "",
        "bulletsCount0": 0,
        "bulletsCount1": 0,
        "bulletsCount2": 0,
        "bulletsCount3": 0,
        "closed_waypoints": false,
        "crewSkillK": 0.0,
        "isShipSpline": false,
        "name": "t1_art_10",
        "objLayer": 1,
        "props": {
          "army": 1,
          "count": 1,
          "formation_div": 3,
          "formation_noise": [0.1,0.1],
          "formation_step": [2.5,2.0],
          "formation_type": "rows"
        },
        "shipTurnRadius": 100.0,
        "tm": [
          [-0.21765,-0.036662,0.975339],
          [-0.0307615,0.999055,0.0306888],
          [-0.975544,-0.0233237,-0.21857],
          [-9929.11,529.529,-8724.58]
        ],
        "unit_class": "ussr_quest_large_art_noground",
        "way": {},
        "weapons": ""
      },
      {
        "applyAllMods": false,
        "bullets0": "",
        "bullets1": "",
        "bullets2": "",
        "bullets3": "",
        "bulletsCount0": 0,
        "bulletsCount1": 0,
        "bulletsCount2": 0,
        "bulletsCount3": 0,
        "closed_waypoints": false,
        "crewSkillK": 0.0,
        "isShipSpline": false,
        "name": "t1_bunker_06",
        "objLayer": 1,
        "props": {
          "army": 1,
          "count": 1,
          "formation_div": 3,
          "formation_noise": [0.1,0.1],
          "formation_step": [2.5,2.0],
          "formation_type": "rows"
        },
        "shipTurnRadius": 100.0,
        "tm": [
          [-0.126819,-0.00278312,0.991922],
          [0.0210183,0.999764,0.0054924],
          [-0.991704,0.0215445,-0.126731],
          [-5914.98,513.752,-8905.87]
        ],
        "unit_class": "ussr_quest_large_art_noground",
        "way": {},
        "weapons": ""
      },
      {
        "applyAllMods": false,
        "bullets0": "",
        "bullets1": "",
        "bullets2": "",
        "bullets3": "",
        "bulletsCount0": 0,
        "bulletsCount1": 0,
        "bulletsCount2": 0,
        "bulletsCount3": 0,
        "closed_waypoints": false,
        "crewSkillK": 0.0,
        "isShipSpline": false,
        "name": "t1_art_11",
        "objLayer": 1,
        "props": {
          "army": 1,
          "count": 1,
          "formation_div": 3,
          "formation_noise": [0.1,0.1],
          "formation_step": [2.5,2.0],
          "formation_type": "rows"
        },
        "shipTurnRadius": 100.0,
        "tm": [
          [-0.126819,-0.00278312,0.991922],
          [0.0210183,0.999764,0.0054924],
          [-0.991704,0.0215445,-0.126731],
          [-6009.27,512.157,-8916.28]
        ],
        "unit_class": "ussr_quest_large_art_noground",
        "way": {},
        "weapons": ""
      },
      {
        "applyAllMods": false,
        "bullets0": "",
        "bullets1": "",
        "bullets2": "",
        "bullets3": "",
        "bulletsCount0": 0,
        "bulletsCount1": 0,
        "bulletsCount2": 0,
        "bulletsCount3": 0,
        "closed_waypoints": false,
        "crewSkillK": 0.0,
        "isShipSpline": false,
        "name": "t1_art_12",
        "objLayer": 1,
        "props": {
          "army": 1,
          "count": 1,
          "formation_div": 3,
          "formation_noise": [0.1,0.1],
          "formation_step": [2.5,2.0],
          "formation_type": "rows"
        },
        "shipTurnRadius": 100.0,
        "tm": [
          [-0.126819,-0.00278312,0.991922],
          [0.0210183,0.999764,0.0054924],
          [-0.991704,0.0215445,-0.126731],
          [-5842.86,505.063,-8888.49]
        ],
        "unit_class": "ussr_quest_large_art_noground",
        "way": {},
        "weapons": ""
      },
      {
        "applyAllMods": false,
        "bullets0": "",
        "bullets1": "",
        "bullets2": "",
        "bullets3": "",
        "bulletsCount0": 0,
        "bulletsCount1": 0,
        "bulletsCount2": 0,
        "bulletsCount3": 0,
        "closed_waypoints": false,
        "crewSkillK": 0.0,
        "isShipSpline": false,
        "name": "t1_bunker_07",
        "objLayer": 1,
        "props": {
          "army": 1,
          "count": 1,
          "formation_div": 3,
          "formation_noise": [0.1,0.1],
          "formation_step": [2.5,2.0],
          "formation_type": "rows"
        },
        "shipTurnRadius": 100.0,
        "tm": [
          [-0.188703,-0.0417495,0.981146],
          [0.0035568,0.999061,0.0431957],
          [-0.982029,0.0116413,-0.188377],
          [-3486.02,560.184,-9206.12]
        ],
        "unit_class": "ussr_quest_large_art_noground",
        "way": {},
        "weapons": ""
      },
      {
        "applyAllMods": false,
        "bullets0": "",
        "bullets1": "",
        "bullets2": "",
        "bullets3": "",
        "bulletsCount0": 0,
        "bulletsCount1": 0,
        "bulletsCount2": 0,
        "bulletsCount3": 0,
        "closed_waypoints": false,
        "crewSkillK": 0.0,
        "isShipSpline": false,
        "name": "t1_art_13",
        "objLayer": 1,
        "props": {
          "army": 1,
          "count": 1,
          "formation_div": 3,
          "formation_noise": [0.1,0.1],
          "formation_step": [2.5,2.0],
          "formation_type": "rows"
        },
        "shipTurnRadius": 100.0,
        "tm": [
          [-0.188703,-0.0417495,0.981146],
          [0.0035568,0.999061,0.0431957],
          [-0.982029,0.0116413,-0.188377],
          [-3579.37,557.589,-9222.6]
        ],
        "unit_class": "ussr_quest_large_art_noground",
        "way": {},
        "weapons": ""
      },
      {
        "applyAllMods": false,
        "bullets0": "",
        "bullets1": "",
        "bullets2": "",
        "bullets3": "",
        "bulletsCount0": 0,
        "bulletsCount1": 0,
        "bulletsCount2": 0,
        "bulletsCount3": 0,
        "closed_waypoints": false,
        "crewSkillK": 0.0,
        "isShipSpline": false,
        "name": "t1_art_14",
        "objLayer": 1,
        "props": {
          "army": 1,
          "count": 1,
          "formation_div": 3,
          "formation_noise": [0.1,0.1],
          "formation_step": [2.5,2.0],
          "formation_type": "rows"
        },
        "shipTurnRadius": 100.0,
        "tm": [
          [-0.188703,-0.0417495,0.981146],
          [0.0035568,0.999061,0.0431957],
          [-0.982029,0.0116413,-0.188377],
          [-3415.03,551.911,-9184.52]
        ],
        "unit_class": "ussr_quest_large_art_noground",
        "way": {},
        "weapons": ""
      },
      {
        "applyAllMods": false,
        "bullets0": "",
        "bullets1": "",
        "bullets2": "",
        "bullets3": "",
        "bulletsCount0": 0,
        "bulletsCount1": 0,
        "bulletsCount2": 0,
        "bulletsCount3": 0,
        "closed_waypoints": false,
        "crewSkillK": 0.0,
        "isShipSpline": false,
        "name": "t1_bunker_08",
        "objLayer": 1,
        "props": {
          "army": 1,
          "count": 1,
          "formation_div": 3,
          "formation_noise": [0.1,0.1],
          "formation_step": [2.5,2.0],
          "formation_type": "rows"
        },
        "shipTurnRadius": 100.0,
        "tm": [
          [0.236476,-0.0705979,0.969069],
          [-0.0582796,0.99453,0.0866745],
          [-0.969888,-0.0769738,0.23107],
          [-12120.4,459.905,-8645.66]
        ],
        "unit_class": "ussr_quest_large_art_noground",
        "way": {},
        "weapons": ""
      },
      {
        "applyAllMods": false,
        "bullets0": "",
        "bullets1": "",
        "bullets2": "",
        "bullets3": "",
        "bulletsCount0": 0,
        "bulletsCount1": 0,
        "bulletsCount2": 0,
        "bulletsCount3": 0,
        "closed_waypoints": false,
        "crewSkillK": 0.0,
        "isShipSpline": false,
        "name": "t1_art_15",
        "objLayer": 1,
        "props": {
          "army": 1,
          "count": 1,
          "formation_div": 3,
          "formation_noise": [0.1,0.1],
          "formation_step": [2.5,2.0],
          "formation_type": "rows"
        },
        "shipTurnRadius": 100.0,
        "tm": [
          [0.236476,-0.0705979,0.969069],
          [-0.0582796,0.99453,0.0866745],
          [-0.969888,-0.0769738,0.23107],
          [-12211.7,448.891,-8622.57]
        ],
        "unit_class": "ussr_quest_large_art_noground",
        "way": {},
        "weapons": ""
      },
      {
        "applyAllMods": false,
        "bullets0": "",
        "bullets1": "",
        "bullets2": "",
        "bullets3": "",
        "bulletsCount0": 0,
        "bulletsCount1": 0,
        "bulletsCount2": 0,
        "bulletsCount3": 0,
        "closed_waypoints": false,
        "crewSkillK": 0.0,
        "isShipSpline": false,
        "name": "t1_art_16",
        "objLayer": 1,
        "props": {
          "army": 1,
          "count": 1,
          "formation_div": 3,
          "formation_noise": [0.1,0.1],
          "formation_step": [2.5,2.0],
          "formation_type": "rows"
        },
        "shipTurnRadius": 100.0,
        "tm": [
          [0.236476,-0.0705979,0.969069],
          [-0.0582796,0.99453,0.0866745],
          [-0.969888,-0.0769738,0.23107],
          [-12046.3,457.988,-8655.52]
        ],
        "unit_class": "ussr_quest_large_art_noground",
        "way": {},
        "weapons": ""
      },
      {
        "applyAllMods": false,
        "bullets0": "",
        "bullets1": "",
        "bullets2": "",
        "bullets3": "",
        "bulletsCount0": 0,
        "bulletsCount1": 0,
        "bulletsCount2": 0,
        "bulletsCount3": 0,
        "closed_waypoints": false,
        "crewSkillK": 0.0,
        "isShipSpline": false,
        "name": "t2_bunker_01",
        "objLayer": 1,
        "props": {
          "army": 2,
          "count": 1,
          "formation_div": 3,
          "formation_noise": [0.1,0.1],
          "formation_step": [2.5,2.0],
          "formation_type": "rows"
        },
        "shipTurnRadius": 100.0,
        "tm": [
          [0.116114,0.0177308,-0.993077],
          [-0.00540051,0.999837,0.0172196],
          [0.993222,0.00336369,0.11619],
          [-4634.23,491.371,-7229.12]
        ],
        "unit_class": "uk_bunker_light_fat",
        "way": {},
        "weapons": ""
      },
      {
        "applyAllMods": false,
        "bullets0": "",
        "bullets1": "",
        "bullets2": "",
        "bullets3": "",
        "bulletsCount0": 0,
        "bulletsCount1": 0,
        "bulletsCount2": 0,
        "bulletsCount3": 0,
        "closed_waypoints": false,
        "crewSkillK": 0.0,
        "isShipSpline": false,
        "name": "t2_art_02",
        "objLayer": 1,
        "props": {
          "army": 2,
          "count": 1,
          "formation_div": 3,
          "formation_noise": [0.1,0.1],
          "formation_step": [2.5,2.0],
          "formation_type": "rows"
        },
        "shipTurnRadius": 100.0,
        "tm": [
          [0.116114,0.0177308,-0.993077],
          [-0.00540051,0.999837,0.0172196],
          [0.993222,0.00336369,0.11619],
          [-4539.99,488.087,-7219.74]
        ],
        "unit_class": "ussr_quest_large_art_noground",
        "way": {},
        "weapons": ""
      },
      {
        "applyAllMods": false,
        "bullets0": "",
        "bullets1": "",
        "bullets2": "",
        "bullets3": "",
        "bulletsCount0": 0,
        "bulletsCount1": 0,
        "bulletsCount2": 0,
        "bulletsCount3": 0,
        "closed_waypoints": false,
        "crewSkillK": 0.0,
        "isShipSpline": false,
        "name": "t2_art_01",
        "objLayer": 1,
        "props": {
          "army": 2,
          "count": 1,
          "formation_div": 3,
          "formation_noise": [0.1,0.1],
          "formation_step": [2.5,2.0],
          "formation_type": "rows"
        },
        "shipTurnRadius": 100.0,
        "tm": [
          [0.116114,0.0177308,-0.993077],
          [-0.00540051,0.999837,0.0172196],
          [0.993222,0.00336369,0.11619],
          [-4706.67,484.191,-7245.93]
        ],
        "unit_class": "ussr_quest_large_art_noground",
        "way": {},
        "weapons": ""
      },
      {
        "applyAllMods": false,
        "bullets0": "",
        "bullets1": "",
        "bullets2": "",
        "bullets3": "",
        "bulletsCount0": 0,
        "bulletsCount1": 0,
        "bulletsCount2": 0,
        "bulletsCount3": 0,
        "closed_waypoints": false,
        "crewSkillK": 0.0,
        "isShipSpline": false,
        "name": "t2_bunker_02",
        "objLayer": 1,
        "props": {
          "army": 2,
          "count": 1,
          "formation_div": 3,
          "formation_noise": [0.1,0.1],
          "formation_step": [2.5,2.0],
          "formation_type": "rows"
        },
        "shipTurnRadius": 100.0,
        "tm": [
          [0.14736,-0.0356249,-0.988442],
          [0.000175253,0.999352,-0.0359921],
          [0.989084,0.00513053,0.147271],
          [-8155.71,543.587,-6963.6]
        ],
        "unit_class": "uk_bunker_light_fat",
        "way": {},
        "weapons": ""
      },
      {
        "applyAllMods": false,
        "bullets0": "",
        "bullets1": "",
        "bullets2": "",
        "bullets3": "",
        "bulletsCount0": 0,
        "bulletsCount1": 0,
        "bulletsCount2": 0,
        "bulletsCount3": 0,
        "closed_waypoints": false,
        "crewSkillK": 0.0,
        "isShipSpline": false,
        "name": "t2_art_03",
        "objLayer": 1,
        "props": {
          "army": 2,
          "count": 1,
          "formation_div": 3,
          "formation_noise": [0.1,0.1],
          "formation_step": [2.5,2.0],
          "formation_type": "rows"
        },
        "shipTurnRadius": 100.0,
        "tm": [
