{
  "airfields": [],
  "areas": {
    "area_01": {
      "objLayer": 5,
      "props": [],
      "tm": [
        [-46080.0,0.0,0.0],
        [0.0,2028.27,0.0],
        [0.0,0.0,-46080.0],
        [0.0,0.0,0.0]
      ],
      "type": "Box"
    },
    "port_01": {
      "objLayer": 4,
      "props": [],
      "tm": [
        [2000.0,0.0,0.0],
        [0.0,20.0,0.0],
        [0.0,0.0,2000.0],
        [11996.9,-10.0,-3872.1]
      ],
      "type": "Cylinder"
    },
    "port_01_ai_spawn_01": {
      "objLayer": 0,
      "props": [],
      "tm": [
        [0.117339,0.0,0.993092],
        [0.0,1.0,0.0],
        [-0.993092,0.0,0.117339],
        [13043.3,-0.994873,-3355.65]
      ],
      "type": "Point"
    },
    "port_01_ai_spawn_02": {
      "objLayer": 0,
      "props": [],
      "tm": [
        [0.117339,0.0,0.993092],
        [0.0,1.0,0.0],
        [-0.993092,0.0,0.117339],
        [13248.8,-0.994873,-3357.71]
      ],
      "type": "Point"
    },
    "port_01_ai_spawn_03": {
      "objLayer": 0,
      "props": [],
      "tm": [
        [0.117339,0.0,0.993092],
        [0.0,1.0,0.0],
        [-0.993092,0.0,0.117339],
        [12541.7,-0.994873,-3368.12]
      ],
      "type": "Point"
    },
    "port_01_ai_spawn_04": {
      "objLayer": 0,
      "props": [],
      "tm": [
        [0.117339,0.0,0.993092],
        [0.0,1.0,0.0],
        [-0.993092,0.0,0.117339],
        [12900.3,-0.994873,-3364.52]
      ],
      "type": "Point"
    },
    "port_01_ai_spawn_05": {
      "objLayer": 0,
      "props": [],
      "tm": [
        [0.117339,0.0,0.993092],
        [0.0,1.0,0.0],
        [-0.993092,0.0,0.117339],
        [12733.1,-0.994873,-3369.79]
      ],
      "type": "Point"
    },
    "port_01_ai_spawn_06": {
      "objLayer": 0,
      "props": [],
      "tm": [
        [-0.100387,0.0,0.994949],
        [0.0,1.0,0.0],
        [-0.994949,0.0,-0.100387],
        [13242.3,-0.994873,-3585.16]
      ],
      "type": "Point"
    },
    "port_01_ai_spawn_07": {
      "objLayer": 0,
      "props": [],
      "tm": [
        [-0.100387,0.0,0.994949],
        [0.0,1.0,0.0],
        [-0.994949,0.0,-0.100387],
        [13023.6,-0.994873,-3575.28]
      ],
      "type": "Point"
    },
    "port_01_ai_spawn_08": {
      "objLayer": 0,
      "props": [],
      "tm": [
        [-0.100387,0.0,0.994949],
        [0.0,1.0,0.0],
        [-0.994949,0.0,-0.100387],
        [12717.2,-0.994873,-3583.71]
      ],
      "type": "Point"
    },
    "port_01_ai_spawn_09": {
      "objLayer": 0,
      "props": [],
      "tm": [
        [-0.100387,0.0,0.994949],
        [0.0,1.0,0.0],
        [-0.994949,0.0,-0.100387],
        [12555.0,-0.994873,-3598.61]
      ],
      "type": "Point"
    },
    "port_01_ai_spawn_10": {
      "objLayer": 0,
      "props": [],
      "tm": [
        [-0.100387,0.0,0.994949],
        [0.0,1.0,0.0],
        [-0.994949,0.0,-0.100387],
        [12864.6,-0.994873,-3590.9]
      ],
      "type": "Point"
    },
    "port_01_players_destroyers_spawn_zone_01": {
      "objLayer": 0,
      "props": [],
      "tm": [
        [11.0572,0.0,99.3868],
        [0.0,100.0,0.0],
        [-99.3868,0.0,11.0572],
        [11862.4,0.00439453,-2158.15]
      ],
      "type": "Sphere"
    },
    "port_01_players_destroyers_spawn_zone_02": {
      "objLayer": 0,
      "props": [],
      "tm": [
        [11.0572,0.0,99.3868],
        [0.0,100.0,0.0],
        [-99.3868,0.0,11.0572],
        [12000.5,0.00439453,-2156.61]
      ],
      "type": "Sphere"
    },
    "port_01_players_destroyers_spawn_zone_03": {
      "objLayer": 0,
      "props": [],
      "tm": [
        [11.0572,0.0,99.3868],
        [0.0,100.0,0.0],
        [-99.3868,0.0,11.0572],
        [12133.2,0.00439453,-2167.98]
      ],
      "type": "Sphere"
    },
    "port_01_players_destroyers_spawn_zone_04": {
      "objLayer": 0,
      "props": [],
      "tm": [
        [11.0572,0.0,99.3868],
        [0.0,100.0,0.0],
        [-99.3868,0.0,11.0572],
        [12263.7,0.00439453,-2174.09]
      ],
      "type": "Sphere"
    },
    "port_01_players_destroyers_spawn_zone_05": {
      "objLayer": 0,
      "props": [],
      "tm": [
        [11.0572,0.0,99.3868],
        [0.0,100.0,0.0],
        [-99.3868,0.0,11.0572],
        [12402.4,0.00439453,-2183.75]
      ],
      "type": "Sphere"
    },
    "port_01_players_destroyers_spawn_zone_06": {
      "objLayer": 0,
      "props": [],
      "tm": [
        [11.0572,0.0,99.3868],
        [0.0,100.0,0.0],
        [-99.3868,0.0,11.0572],
        [12545.5,0.00439453,-2203.65]
      ],
      "type": "Sphere"
    },
    "port_01_players_destroyers_spawn_zone_07": {
      "objLayer": 0,
      "props": [],
      "tm": [
        [11.0572,0.0,99.3868],
        [0.0,100.0,0.0],
        [-99.3868,0.0,11.0572],
        [12450.8,0.00439453,-2289.74]
      ],
      "type": "Sphere"
    },
    "port_01_players_destroyers_spawn_zone_08": {
      "objLayer": 0,
      "props": [],
      "tm": [
        [11.0572,0.0,99.3868],
        [0.0,100.0,0.0],
        [-99.3868,0.0,11.0572],
        [12329.8,0.00439453,-2275.51]
      ],
      "type": "Sphere"
    },
    "port_01_players_destroyers_spawn_zone_09": {
      "objLayer": 0,
      "props": [],
      "tm": [
        [11.0572,0.0,99.3868],
        [0.0,100.0,0.0],
        [-99.3868,0.0,11.0572],
        [12199.9,0.00439453,-2276.04]
      ],
      "type": "Sphere"
    },
    "port_01_players_destroyers_spawn_zone_10": {
      "objLayer": 0,
      "props": [],
      "tm": [
        [11.0572,0.0,99.3868],
        [0.0,100.0,0.0],
        [-99.3868,0.0,11.0572],
        [12057.7,0.00439453,-2262.41]
      ],
      "type": "Sphere"
    },
    "port_01_players_destroyers_spawn_zone_11": {
      "objLayer": 0,
      "props": [],
      "tm": [
        [11.0572,0.0,99.3868],
        [0.0,100.0,0.0],
        [-99.3868,0.0,11.0572],
        [11940.0,0.00439453,-2264.63]
      ],
      "type": "Sphere"
    },
    "port_01_players_destroyers_spawn_zone_12": {
      "objLayer": 0,
      "props": [],
      "tm": [
        [11.0572,0.0,99.3868],
        [0.0,100.0,0.0],
        [-99.3868,0.0,11.0572],
        [12005.0,0.00439453,-2375.71]
      ],
      "type": "Sphere"
    },
    "port_01_players_destroyers_spawn_zone_13": {
      "objLayer": 0,
      "props": [],
      "tm": [
        [11.0572,0.0,99.3868],
        [0.0,100.0,0.0],
        [-99.3868,0.0,11.0572],
        [12136.8,0.00439453,-2376.66]
      ],
      "type": "Sphere"
    },
    "port_01_players_destroyers_spawn_zone_14": {
      "objLayer": 0,
      "props": [],
      "tm": [
        [11.0572,0.0,99.3868],
        [0.0,100.0,0.0],
        [-99.3868,0.0,11.0572],
        [12268.3,0.00439453,-2386.57]
      ],
      "type": "Sphere"
    },
    "port_01_players_destroyers_spawn_zone_15": {
      "objLayer": 0,
      "props": [],
      "tm": [
        [11.0572,0.0,99.3868],
        [0.0,100.0,0.0],
        [-99.3868,0.0,11.0572],
        [12396.7,0.00439453,-2395.83]
      ],
      "type": "Sphere"
    },
    "port_01_players_destroyers_spawn_zone_16": {
      "objLayer": 0,
      "props": [],
      "tm": [
        [11.0572,0.0,99.3868],
        [0.0,100.0,0.0],
        [-99.3868,0.0,11.0572],
        [12203.0,0.00439453,-2483.91]
      ],
      "type": "Sphere"
    },
    "port_01_players_spawn_zone_01": {
      "objLayer": 0,
      "props": [],
      "tm": [
        [9.07339,0.0,99.5875],
        [0.0,100.0,0.0],
        [-99.5875,0.0,9.07339],
        [13381.3,0.00183105,-3541.95]
      ],
      "type": "Sphere"
    },
    "port_01_players_spawn_zone_02": {
      "objLayer": 0,
      "props": [],
      "tm": [
        [9.07339,0.0,99.5875],
        [0.0,100.0,0.0],
        [-99.5875,0.0,9.07339],
        [13275.2,0.00183105,-3502.1]
      ],
      "type": "Sphere"
    },
    "port_01_players_spawn_zone_03": {
      "objLayer": 0,
      "props": [],
      "tm": [
        [9.07339,0.0,99.5875],
        [0.0,100.0,0.0],
        [-99.5875,0.0,9.07339],
        [13504.1,0.00183105,-3721.21]
      ],
      "type": "Sphere"
    },
    "port_01_players_spawn_zone_04": {
      "objLayer": 0,
      "props": [],
      "tm": [
        [9.07339,0.0,99.5875],
        [0.0,100.0,0.0],
        [-99.5875,0.0,9.07339],
        [13308.0,0.00183105,-3720.91]
      ],
      "type": "Sphere"
    },
    "port_01_players_spawn_zone_05": {
      "objLayer": 0,
      "props": [],
      "tm": [
        [36.9885,0.0,92.9078],
        [0.0,100.0,0.0],
        [-92.9078,0.0,36.9885],
        [13081.3,0.00183105,-3548.26]
      ],
      "type": "Sphere"
    },
    "port_01_players_spawn_zone_06": {
      "objLayer": 0,
      "props": [],
      "tm": [
        [9.07339,0.0,99.5875],
        [0.0,100.0,0.0],
        [-99.5875,0.0,9.07339],
        [13172.0,0.00183105,-3460.72]
      ],
      "type": "Sphere"
    },
    "port_01_players_spawn_zone_07": {
      "objLayer": 0,
      "props": [],
      "tm": [
        [9.07339,0.0,99.5875],
        [0.0,100.0,0.0],
        [-99.5875,0.0,9.07339],
        [13190.5,0.00183105,-3582.06]
      ],
      "type": "Sphere"
    },
    "port_01_players_spawn_zone_08": {
      "objLayer": 0,
      "props": [],
      "tm": [
        [9.07339,0.0,99.5875],
        [0.0,100.0,0.0],
        [-99.5875,0.0,9.07339],
        [13295.3,0.00183105,-3612.46]
      ],
      "type": "Sphere"
    },
    "port_01_players_spawn_zone_09": {
      "objLayer": 0,
      "props": [],
      "tm": [
        [9.07339,0.0,99.5875],
        [0.0,100.0,0.0],
        [-99.5875,0.0,9.07339],
        [13413.4,0.00183105,-3646.77]
      ],
      "type": "Sphere"
    },
    "port_01_players_spawn_zone_10": {
      "objLayer": 0,
      "props": [],
      "tm": [
        [9.07339,0.0,99.5875],
        [0.0,100.0,0.0],
        [-99.5875,0.0,9.07339],
        [13505.5,0.00183105,-3595.02]
      ],
      "type": "Sphere"
    },
    "port_01_players_spawn_zone_11": {
      "objLayer": 0,
      "props": [],
      "tm": [
        [19.6024,0.0,98.0599],
        [0.0,100.0,0.0],
        [-98.0599,0.0,19.6024],
        [13203.6,0.00183105,-3798.28]
      ],
      "type": "Sphere"
    },
    "port_01_players_spawn_zone_12": {
      "objLayer": 0,
      "props": [],
      "tm": [
        [39.1461,0.0,92.0195],
        [0.0,100.0,0.0],
        [-92.0195,0.0,39.1461],
        [12999.8,0.00183105,-3633.17]
      ],
      "type": "Sphere"
    },
    "port_01_players_spawn_zone_13": {
      "objLayer": 0,
      "props": [],
      "tm": [
        [9.07339,0.0,99.5875],
        [0.0,100.0,0.0],
        [-99.5875,0.0,9.07339],
        [13318.3,0.00183105,-3829.36]
      ],
      "type": "Sphere"
    },
    "port_01_players_spawn_zone_14": {
      "objLayer": 0,
      "props": [],
      "tm": [
        [27.7612,0.0,96.0693],
        [0.0,100.0,0.0],
        [-96.0693,0.0,27.7612],
        [13097.1,0.00183105,-3676.0]
      ],
      "type": "Sphere"
    },
    "port_01_players_spawn_zone_15": {
      "objLayer": 0,
      "props": [],
      "tm": [
        [9.07339,0.0,99.5875],
        [0.0,100.0,0.0],
        [-99.5875,0.0,9.07339],
        [13404.8,0.00183105,-3763.39]
      ],
      "type": "Sphere"
    },
    "port_01_players_spawn_zone_16": {
      "objLayer": 0,
      "props": [],
      "tm": [
        [9.07339,0.0,99.5875],
        [0.0,100.0,0.0],
        [-99.5875,0.0,9.07339],
        [13202.4,0.00183105,-3688.78]
      ],
      "type": "Sphere"
    },
    "port_01_t1_rearm_area": {
      "objLayer": 4,
      "props": [],
      "tm": [
        [2000.0,0.0,0.0],
        [0.0,20.0,0.0],
        [0.0,0.0,2000.0],
        [11996.9,-10.0,-3872.1]
      ],
      "type": "Cylinder"
    },
    "port_01_t2_rearm_area": {
      "objLayer": 4,
      "props": [],
      "tm": [
        [2000.0,0.0,0.0],
        [0.0,20.0,0.0],
        [0.0,0.0,2000.0],
        [11996.9,-9.99534,-3872.1]
      ],
      "type": "Cylinder"
    },
    "port_02": {
      "objLayer": 3,
      "props": [],
      "tm": [
        [2000.0,0.0,0.0],
        [0.0,20.0,0.0],
        [0.0,0.0,2000.0],
        [-17166.1,-9.99756,12477.4]
      ],
      "type": "Cylinder"
    },
    "port_02_ai_spawn_01": {
      "objLayer": 0,
      "props": [],
      "tm": [
        [-0.962478,0.0,-0.27136],
        [0.0,1.0,0.0],
        [0.27136,0.0,-0.962478],
        [-17774.4,-0.991699,12543.1]
      ],
      "type": "Point"
    },
    "port_02_ai_spawn_02": {
      "objLayer": 0,
      "props": [],
      "tm": [
        [-0.962478,0.0,-0.27136],
        [0.0,1.0,0.0],
        [0.27136,0.0,-0.962478],
        [-17745.1,-0.991699,12716.0]
      ],
      "type": "Point"
    },
    "port_02_ai_spawn_03": {
      "objLayer": 0,
      "props": [],
      "tm": [
        [-0.962478,0.0,-0.27136],
        [0.0,1.0,0.0],
        [0.27136,0.0,-0.962478],
        [-17738.1,-0.991699,12861.8]
      ],
      "type": "Point"
    },
    "port_02_ai_spawn_04": {
      "objLayer": 0,
      "props": [],
      "tm": [
        [-0.962478,0.0,-0.27136],
        [0.0,1.0,0.0],
        [0.27136,0.0,-0.962478],
        [-17720.3,-0.991699,13006.2]
      ],
      "type": "Point"
    },
    "port_02_ai_spawn_05": {
      "objLayer": 0,
      "props": [],
      "tm": [
        [-0.962478,0.0,-0.27136],
        [0.0,1.0,0.0],
        [0.27136,0.0,-0.962478],
        [-17696.4,-0.991699,13166.3]
      ],
      "type": "Point"
    },
    "port_02_ai_spawn_06": {
      "objLayer": 0,
      "props": [],
      "tm": [
        [-0.999282,0.0,-0.0378871],
        [0.0,1.0,0.0],
        [0.0378871,0.0,-0.999282],
        [-17439.5,-0.991699,12451.3]
      ],
      "type": "Point"
    },
    "port_02_ai_spawn_07": {
      "objLayer": 0,
      "props": [],
      "tm": [
        [-0.999282,0.0,-0.0378871],
        [0.0,1.0,0.0],
        [0.0378871,0.0,-0.999282],
        [-17319.4,-0.991699,12646.4]
      ],
      "type": "Point"
    },
    "port_02_ai_spawn_08": {
      "objLayer": 0,
      "props": [],
      "tm": [
        [-0.999282,0.0,-0.0378871],
        [0.0,1.0,0.0],
        [0.0378871,0.0,-0.999282],
        [-17358.2,-0.991699,12855.0]
      ],
      "type": "Point"
    },
    "port_02_ai_spawn_09": {
      "objLayer": 0,
      "props": [],
      "tm": [
        [-0.999282,0.0,-0.0378871],
        [0.0,1.0,0.0],
        [0.0378871,0.0,-0.999282],
        [-17352.0,-0.991699,13030.2]
      ],
      "type": "Point"
    },
    "port_02_ai_spawn_10": {
      "objLayer": 0,
      "props": [],
      "tm": [
        [-0.999282,0.0,-0.0378871],
        [0.0,1.0,0.0],
        [0.0378871,0.0,-0.999282],
        [-17331.9,-0.991699,13221.4]
      ],
      "type": "Point"
    },
    "port_02_players_destroyers_zone_01": {
      "objLayer": 0,
      "props": [],
      "tm": [
        [-88.2209,0.0,47.0859],
        [0.0,100.0,0.0],
        [-47.0859,0.0,-88.2209],
        [-18190.3,0.00341797,13990.6]
      ],
      "type": "Sphere"
    },
    "port_02_players_destroyers_zone_02": {
      "objLayer": 0,
      "props": [],
      "tm": [
        [-88.2209,0.0,47.0859],
        [0.0,100.0,0.0],
        [-47.0859,0.0,-88.2209],
        [-18336.0,0.00341797,13919.9]
      ],
      "type": "Sphere"
    },
    "port_02_players_destroyers_zone_03": {
      "objLayer": 0,
      "props": [],
      "tm": [
        [-88.2209,0.0,47.0859],
        [0.0,100.0,0.0],
        [-47.0859,0.0,-88.2209],
        [-18452.5,0.00341797,13835.5]
      ],
      "type": "Sphere"
    },
    "port_02_players_destroyers_zone_04": {
      "objLayer": 0,
      "props": [],
      "tm": [
        [-88.2209,0.0,47.0859],
        [0.0,100.0,0.0],
        [-47.0859,0.0,-88.2209],
        [-18577.4,0.00341797,13724.5]
      ],
      "type": "Sphere"
    },
    "port_02_players_destroyers_zone_05": {
      "objLayer": 0,
      "props": [],
      "tm": [
        [-88.2209,0.0,47.0859],
        [0.0,100.0,0.0],
        [-47.0859,0.0,-88.2209],
        [-18671.1,0.00341797,13610.2]
      ],
      "type": "Sphere"
    },
    "port_02_players_destroyers_zone_06": {
      "objLayer": 0,
      "props": [],
      "tm": [
        [-88.2209,0.0,47.0859],
        [0.0,100.0,0.0],
        [-47.0859,0.0,-88.2209],
        [-18733.2,0.00341797,13487.8]
      ],
      "type": "Sphere"
    },
    "port_02_players_destroyers_zone_07": {
      "objLayer": 0,
      "props": [],
      "tm": [
        [-88.2209,0.0,47.0859],
        [0.0,100.0,0.0],
        [-47.0859,0.0,-88.2209],
        [-18609.3,0.00341797,13470.3]
      ],
      "type": "Sphere"
    },
    "port_02_players_destroyers_zone_08": {
      "objLayer": 0,
      "props": [],
      "tm": [
        [-88.2209,0.0,47.0859],
        [0.0,100.0,0.0],
        [-47.0859,0.0,-88.2209],
        [-18537.9,0.00341797,13578.2]
      ],
      "type": "Sphere"
    },
    "port_02_players_destroyers_zone_09": {
      "objLayer": 0,
      "props": [],
      "tm": [
        [-88.2209,0.0,47.0859],
        [0.0,100.0,0.0],
        [-47.0859,0.0,-88.2209],
        [-18447.8,0.00341797,13670.8]
      ],
      "type": "Sphere"
    },
    "port_02_players_destroyers_zone_10": {
      "objLayer": 0,
      "props": [],
      "tm": [
        [-88.2209,0.0,47.0859],
        [0.0,100.0,0.0],
        [-47.0859,0.0,-88.2209],
        [-18351.2,0.00341797,13755.0]
      ],
      "type": "Sphere"
    },
    "port_02_players_destroyers_zone_11": {
      "objLayer": 0,
      "props": [],
      "tm": [
        [-88.2209,0.0,47.0859],
        [0.0,100.0,0.0],
        [-47.0859,0.0,-88.2209],
        [-18249.8,0.00341797,13816.3]
      ],
      "type": "Sphere"
    },
    "port_02_players_destroyers_zone_12": {
      "objLayer": 0,
      "props": [],
      "tm": [
        [-88.2209,0.0,47.0859],
        [0.0,100.0,0.0],
        [-47.0859,0.0,-88.2209],
        [-18123.4,0.00341797,13798.5]
      ],
      "type": "Sphere"
    },
    "port_02_players_destroyers_zone_13": {
      "objLayer": 0,
      "props": [],
      "tm": [
        [-88.2209,0.0,47.0859],
        [0.0,100.0,0.0],
        [-47.0859,0.0,-88.2209],
        [-18222.7,0.00341797,13691.7]
      ],
      "type": "Sphere"
    },
    "port_02_players_destroyers_zone_14": {
      "objLayer": 0,
      "props": [],
      "tm": [
        [-88.2209,0.0,47.0859],
        [0.0,100.0,0.0],
        [-47.0859,0.0,-88.2209],
        [-18310.1,0.00341797,13616.4]
      ],
      "type": "Sphere"
    },
    "port_02_players_destroyers_zone_15": {
      "objLayer": 0,
      "props": [],
      "tm": [
        [-88.2209,0.0,47.0859],
        [0.0,100.0,0.0],
        [-47.0859,0.0,-88.2209],
        [-18391.0,0.00341797,13533.1]
      ],
      "type": "Sphere"
    },
    "port_02_players_destroyers_zone_16": {
      "objLayer": 0,
      "props": [],
      "tm": [
        [-88.2209,0.0,47.0859],
        [0.0,100.0,0.0],
        [-47.0859,0.0,-88.2209],
        [-18474.9,0.00341797,13427.6]
      ],
      "type": "Sphere"
    },
    "port_02_players_spawn_zone_01": {
      "objLayer": 0,
      "props": [],
      "tm": [
        [-99.682,0.0,7.96871],
        [0.0,100.0,0.0],
        [-7.96871,0.0,-99.682],
        [-17160.4,0.00299072,10911.8]
      ],
      "type": "Sphere"
    },
    "port_02_players_spawn_zone_02": {
      "objLayer": 0,
      "props": [],
      "tm": [
        [-99.682,0.0,7.96871],
        [0.0,100.0,0.0],
        [-7.96871,0.0,-99.682],
        [-17068.7,0.00305176,10859.2]
      ],
      "type": "Sphere"
    },
    "port_02_players_spawn_zone_03": {
      "objLayer": 0,
      "props": [],
      "tm": [
        [-99.682,0.0,7.96871],
        [0.0,100.0,0.0],
        [-7.96871,0.0,-99.682],
        [-17010.5,0.00250244,11161.8]
      ],
      "type": "Sphere"
    },
    "port_02_players_spawn_zone_04": {
      "objLayer": 0,
      "props": [],
      "tm": [
        [-99.682,0.0,7.96871],
        [0.0,100.0,0.0],
        [-7.96871,0.0,-99.682],
        [-16990.0,0.00262451,10926.1]
      ],
      "type": "Sphere"
    },
    "port_02_players_spawn_zone_05": {
      "objLayer": 0,
      "props": [],
      "tm": [
        [-99.682,0.0,7.96871],
        [0.0,100.0,0.0],
        [-7.96871,0.0,-99.682],
        [-17083.6,0.00292969,10986.8]
      ],
      "type": "Sphere"
    },
    "port_02_players_spawn_zone_06": {
      "objLayer": 0,
      "props": [],
      "tm": [
        [-99.682,0.0,7.96871],
        [0.0,100.0,0.0],
        [-7.96871,0.0,-99.682],
        [-17113.5,0.00292969,11113.8]
      ],
      "type": "Sphere"
    },
    "port_02_players_spawn_zone_07": {
      "objLayer": 0,
      "props": [],
      "tm": [
        [-99.682,0.0,7.96871],
        [0.0,100.0,0.0],
        [-7.96871,0.0,-99.682],
        [-17195.5,0.00292969,11032.1]
      ],
      "type": "Sphere"
    },
    "port_02_players_spawn_zone_08": {
      "objLayer": 0,
      "props": [],
      "tm": [
        [-99.682,0.0,7.96871],
        [0.0,100.0,0.0],
        [-7.96871,0.0,-99.682],
        [-17100.4,0.00292969,11233.4]
      ],
      "type": "Sphere"
    },
    "port_02_players_spawn_zone_09": {
      "objLayer": 0,
      "props": [],
      "tm": [
        [-99.682,0.0,7.96871],
        [0.0,100.0,0.0],
        [-7.96871,0.0,-99.682],
        [-17202.0,0.00292969,11188.0]
      ],
      "type": "Sphere"
    },
    "port_02_players_spawn_zone_10": {
      "objLayer": 0,
      "props": [],
      "tm": [
        [-99.682,0.0,7.96871],
        [0.0,100.0,0.0],
        [-7.96871,0.0,-99.682],
        [-17057.6,0.00292969,11356.2]
      ],
      "type": "Sphere"
    },
    "port_02_players_spawn_zone_11": {
      "objLayer": 0,
      "props": [],
      "tm": [
        [-99.682,0.0,7.96871],
        [0.0,100.0,0.0],
        [-7.96871,0.0,-99.682],
        [-17186.9,0.00292969,11330.6]
      ],
      "type": "Sphere"
    },
    "port_02_players_spawn_zone_12": {
      "objLayer": 0,
      "props": [],
      "tm": [
        [-99.682,0.0,7.96871],
        [0.0,100.0,0.0],
        [-7.96871,0.0,-99.682],
        [-16983.3,0.00280762,11265.9]
      ],
      "type": "Sphere"
    },
    "port_02_players_spawn_zone_13": {
      "objLayer": 0,
      "props": [],
      "tm": [
        [-99.682,0.0,7.96871],
        [0.0,100.0,0.0],
        [-7.96871,0.0,-99.682],
        [-17155.0,0.00292969,11440.7]
      ],
      "type": "Sphere"
    },
    "port_02_players_spawn_zone_14": {
      "objLayer": 0,
      "props": [],
      "tm": [
        [-99.682,0.0,7.96871],
        [0.0,100.0,0.0],
        [-7.96871,0.0,-99.682],
        [-17269.4,0.00292969,10947.9]
      ],
      "type": "Sphere"
    },
    "port_02_players_spawn_zone_15": {
      "objLayer": 0,
      "props": [],
      "tm": [
        [-99.682,0.0,7.96871],
        [0.0,100.0,0.0],
        [-7.96871,0.0,-99.682],
        [-16988.1,0.00280762,11044.0]
      ],
      "type": "Sphere"
    },
    "port_02_players_spawn_zone_16": {
      "objLayer": 0,
      "props": [],
      "tm": [
        [-99.682,0.0,7.96871],
        [0.0,100.0,0.0],
        [-7.96871,0.0,-99.682],
        [-17277.5,0.00292969,11269.7]
      ],
      "type": "Sphere"
    },
    "port_02_t1_rearm_area": {
      "objLayer": 3,
      "props": [],
      "tm": [
        [2000.0,0.0,0.0],
        [0.0,20.0,0.0],
        [0.0,0.0,2000.0],
        [-17166.1,-9.99806,12477.4]
      ],
      "type": "Cylinder"
    },
    "port_02_t2_rearm_area": {
      "objLayer": 3,
      "props": [],
      "tm": [
        [2000.0,0.0,0.0],
        [0.0,20.0,0.0],
        [0.0,0.0,2000.0],
        [-17166.1,-9.99976,12477.4]
      ],
      "type": "Cylinder"
    },
    "port_03": {
      "objLayer": 4,
      "props": [],
      "tm": [
        [2000.0,0.0,0.0],
        [0.0,20.0,0.0],
        [0.0,0.0,2000.0],
        [-845.163,-10.0034,-9233.74]
      ],
      "type": "Cylinder"
    },
    "port_03_ai_spawn_01": {
      "objLayer": 0,
      "props": [],
      "tm": [
        [-0.995201,0.0,0.0978511],
        [0.0,1.0,0.0],
        [-0.0978511,0.0,-0.995201],
        [-1620.8,-1.0022,-8927.9]
      ],
      "type": "Point"
    },
    "port_03_ai_spawn_02": {
      "objLayer": 0,
      "props": [],
      "tm": [
        [-0.995201,0.0,0.0978511],
        [0.0,1.0,0.0],
        [-0.0978511,0.0,-0.995201],
        [-1669.08,-1.0022,-9117.1]
      ],
      "type": "Point"
    },
    "port_03_ai_spawn_03": {
      "objLayer": 0,
      "props": [],
      "tm": [
        [-0.995201,0.0,0.0978511],
        [0.0,1.0,0.0],
        [-0.0978511,0.0,-0.995201],
        [-1703.04,-1.0022,-9290.4]
      ],
      "type": "Point"
    },
    "port_03_ai_spawn_04": {
      "objLayer": 0,
      "props": [],
      "tm": [
        [-0.995201,0.0,0.0978511],
        [0.0,1.0,0.0],
        [-0.0978511,0.0,-0.995201],
        [-1777.2,-1.0022,-9451.8]
      ],
      "type": "Point"
    },
    "port_03_ai_spawn_05": {
      "objLayer": 0,
      "props": [],
      "tm": [
        [-0.995201,0.0,0.0978511],
        [0.0,1.0,0.0],
        [-0.0978511,0.0,-0.995201],
        [-1831.85,-1.0022,-9652.5]
      ],
      "type": "Point"
    },
    "port_03_ai_spawn_06": {
      "objLayer": 0,
      "props": [],
      "tm": [
        [-0.982145,0.0,0.188124],
        [0.0,1.0,0.0],
        [-0.188124,0.0,-0.982145],
        [-1659.53,-1.00439,-9686.22]
      ],
      "type": "Point"
    },
    "port_03_ai_spawn_07": {
      "objLayer": 0,
      "props": [],
      "tm": [
        [-0.982145,0.0,0.188124],
        [0.0,1.0,0.0],
        [-0.188124,0.0,-0.982145],
        [-1594.35,-1.00439,-9486.43]
      ],
      "type": "Point"
    },
    "port_03_ai_spawn_08": {
      "objLayer": 0,
      "props": [],
      "tm": [
        [-0.982145,0.0,0.188124],
        [0.0,1.0,0.0],
        [-0.188124,0.0,-0.982145],
        [-1528.0,-1.00439,-9300.07]
      ],
      "type": "Point"
    },
    "port_03_ai_spawn_09": {
      "objLayer": 0,
      "props": [],
      "tm": [
        [-0.982145,0.0,0.188124],
        [0.0,1.0,0.0],
        [-0.188124,0.0,-0.982145],
        [-1450.08,-1.00439,-9109.28]
      ],
      "type": "Point"
    },
    "port_03_ai_spawn_10": {
      "objLayer": 0,
      "props": [],
      "tm": [
        [-0.982145,0.0,0.188124],
        [0.0,1.0,0.0],
        [-0.188124,0.0,-0.982145],
        [-1391.65,-1.00439,-8944.02]
      ],
      "type": "Point"
    },
    "port_03_players_destroyers_spawn_zone_01": {
      "objLayer": 0,
      "props": [],
      "tm": [
        [-98.8031,0.0,-15.4256],
        [0.0,100.0,0.0],
        [15.4256,0.0,-98.8031],
        [-2503.74,-0.0129395,-10154.7]
      ],
      "type": "Sphere"
    },
    "port_03_players_destroyers_spawn_zone_02": {
      "objLayer": 0,
      "props": [],
      "tm": [
        [-98.8031,0.0,-15.4256],
        [0.0,100.0,0.0],
        [15.4256,0.0,-98.8031],
        [-2547.56,-0.0129395,-10038.5]
      ],
      "type": "Sphere"
    },
    "port_03_players_destroyers_spawn_zone_03": {
      "objLayer": 0,
      "props": [],
      "tm": [
        [-98.8031,0.0,-15.4256],
        [0.0,100.0,0.0],
        [15.4256,0.0,-98.8031],
        [-2584.74,-0.0129395,-9915.2]
      ],
      "type": "Sphere"
    },
    "port_03_players_destroyers_spawn_zone_04": {
      "objLayer": 0,
      "props": [],
      "tm": [
        [-98.8031,0.0,-15.4256],
        [0.0,100.0,0.0],
        [15.4256,0.0,-98.8031],
        [-2631.51,-0.0129395,-9799.38]
      ],
      "type": "Sphere"
    },
    "port_03_players_destroyers_spawn_zone_05": {
      "objLayer": 0,
      "props": [],
      "tm": [
        [-98.8031,0.0,-15.4256],
        [0.0,100.0,0.0],
        [15.4256,0.0,-98.8031],
        [-2657.68,-0.0129395,-9678.58]
      ],
      "type": "Sphere"
    },
    "port_03_players_destroyers_spawn_zone_06": {
      "objLayer": 0,
      "props": [],
      "tm": [
        [-98.8031,0.0,-15.4256],
        [0.0,100.0,0.0],
        [15.4256,0.0,-98.8031],
        [-2719.44,-0.0129395,-9557.33]
      ],
      "type": "Sphere"
    },
    "port_03_players_destroyers_spawn_zone_07": {
      "objLayer": 0,
      "props": [],
      "tm": [
        [-98.8031,0.0,-15.4256],
        [0.0,100.0,0.0],
        [15.4256,0.0,-98.8031],
        [-2733.01,-0.0129395,-9426.32]
      ],
      "type": "Sphere"
    },
    "port_03_players_destroyers_spawn_zone_08": {
      "objLayer": 0,
      "props": [],
      "tm": [
        [-98.8031,0.0,-15.4256],
        [0.0,100.0,0.0],
        [15.4256,0.0,-98.8031],
        [-2623.9,-0.0129395,-9481.17]
      ],
      "type": "Sphere"
    },
    "port_03_players_destroyers_spawn_zone_09": {
      "objLayer": 0,
      "props": [],
      "tm": [
        [-98.8031,0.0,-15.4256],
        [0.0,100.0,0.0],
        [15.4256,0.0,-98.8031],
        [-2577.73,-0.0129395,-9581.72]
      ],
      "type": "Sphere"
    },
    "port_03_players_destroyers_spawn_zone_10": {
      "objLayer": 0,
      "props": [],
      "tm": [
        [-98.8031,0.0,-15.4256],
        [0.0,100.0,0.0],
        [15.4256,0.0,-98.8031],
        [-2536.3,-0.0129395,-9710.36]
      ],
      "type": "Sphere"
    },
    "port_03_players_destroyers_spawn_zone_11": {
      "objLayer": 0,
      "props": [],
      "tm": [
        [-98.8031,0.0,-15.4256],
        [0.0,100.0,0.0],
        [15.4256,0.0,-98.8031],
        [-2494.3,-0.0129395,-9824.58]
      ],
      "type": "Sphere"
    },
    "port_03_players_destroyers_spawn_zone_12": {
      "objLayer": 0,
      "props": [],
      "tm": [
        [-98.8031,0.0,-15.4256],
        [0.0,100.0,0.0],
        [15.4256,0.0,-98.8031],
        [-2465.6,-0.0129395,-9944.46]
      ],
      "type": "Sphere"
    },
    "port_03_players_destroyers_spawn_zone_13": {
      "objLayer": 0,
      "props": [],
      "tm": [
        [-98.8031,0.0,-15.4256],
        [0.0,100.0,0.0],
        [15.4256,0.0,-98.8031],
        [-2427.91,-0.0129395,-10062.9]
      ],
      "type": "Sphere"
    },
    "port_03_players_destroyers_spawn_zone_14": {
      "objLayer": 0,
      "props": [],
      "tm": [
        [-98.8031,0.0,-15.4256],
        [0.0,100.0,0.0],
        [15.4256,0.0,-98.8031],
        [-2344.83,-0.0129395,-9974.96]
      ],
      "type": "Sphere"
    },
    "port_03_players_destroyers_spawn_zone_15": {
      "objLayer": 0,
      "props": [],
      "tm": [
        [-98.8031,0.0,-15.4256],
        [0.0,100.0,0.0],
        [15.4256,0.0,-98.8031],
        [-2383.55,-0.0129395,-9859.91]
      ],
      "type": "Sphere"
    },
    "port_03_players_destroyers_spawn_zone_16": {
      "objLayer": 0,
      "props": [],
      "tm": [
        [-98.8031,0.0,-15.4256],
        [0.0,100.0,0.0],
        [15.4256,0.0,-98.8031],
        [-2427.57,-0.0129395,-9723.25]
      ],
      "type": "Sphere"
    },
    "port_03_players_spawn_zone_01": {
      "objLayer": 0,
      "props": [],
      "tm": [
        [-90.9771,0.0,-41.5111],
        [0.0,100.0,0.0],
        [41.5111,0.0,-90.9771],
        [-147.82,-0.0126953,-10243.0]
      ],
      "type": "Sphere"
    },
    "port_03_players_spawn_zone_02": {
      "objLayer": 0,
      "props": [],
      "tm": [
        [-90.9771,0.0,-41.5111],
        [0.0,100.0,0.0],
        [41.5111,0.0,-90.9771],
        [-193.844,-0.0126953,-10147.2]
      ],
      "type": "Sphere"
    },
    "port_03_players_spawn_zone_03": {
      "objLayer": 0,
      "props": [],
      "tm": [
        [-90.9771,0.0,-41.5111],
        [0.0,100.0,0.0],
        [41.5111,0.0,-90.9771],
        [-235.58,-0.0126953,-10052.1]
      ],
      "type": "Sphere"
    },
    "port_03_players_spawn_zone_04": {
      "objLayer": 0,
      "props": [],
      "tm": [
        [-90.9771,0.0,-41.5111],
        [0.0,100.0,0.0],
        [41.5111,0.0,-90.9771],
        [-281.406,-0.0126953,-9956.48]
      ],
      "type": "Sphere"
    },
    "port_03_players_spawn_zone_05": {
      "objLayer": 0,
      "props": [],
      "tm": [
        [-90.9771,0.0,-41.5111],
        [0.0,100.0,0.0],
        [41.5111,0.0,-90.9771],
        [-324.673,-0.0126953,-9862.82]
      ],
      "type": "Sphere"
    },
    "port_03_players_spawn_zone_06": {
      "objLayer": 0,
      "props": [],
      "tm": [
        [-90.9771,0.0,-41.5111],
        [0.0,100.0,0.0],
        [41.5111,0.0,-90.9771],
        [-368.141,-0.0126953,-9769.15]
      ],
      "type": "Sphere"
    },
    "port_03_players_spawn_zone_07": {
      "objLayer": 0,
      "props": [],
      "tm": [
        [-90.9771,0.0,-41.5111],
        [0.0,100.0,0.0],
        [41.5111,0.0,-90.9771],
        [-412.712,-0.0126953,-9675.55]
      ],
      "type": "Sphere"
    },
    "port_03_players_spawn_zone_08": {
      "objLayer": 0,
      "props": [],
      "tm": [
        [-90.9771,0.0,-41.5111],
        [0.0,100.0,0.0],
        [41.5111,0.0,-90.9771],
        [-115.665,-0.0126953,-9873.88]
      ],
      "type": "Sphere"
    },
    "port_03_players_spawn_zone_09": {
      "objLayer": 0,
      "props": [],
      "tm": [
        [-90.9771,0.0,-41.5111],
        [0.0,100.0,0.0],
        [41.5111,0.0,-90.9771],
        [-89.3221,-0.0126953,-10161.1]
      ],
      "type": "Sphere"
    },
    "port_03_players_spawn_zone_10": {
      "objLayer": 0,
      "props": [],
      "tm": [
        [-90.9771,0.0,-41.5111],
        [0.0,100.0,0.0],
        [41.5111,0.0,-90.9771],
        [-130.544,-0.0126953,-10060.8]
      ],
      "type": "Sphere"
    },
    "port_03_players_spawn_zone_11": {
      "objLayer": 0,
      "props": [],
      "tm": [
        [-90.9771,0.0,-41.5111],
        [0.0,100.0,0.0],
        [41.5111,0.0,-90.9771],
        [-176.346,-0.0126953,-9963.97]
      ],
      "type": "Sphere"
    },
    "port_03_players_spawn_zone_12": {
      "objLayer": 0,
      "props": [],
      "tm": [
        [-90.9771,0.0,-41.5111],
        [0.0,100.0,0.0],
        [41.5111,0.0,-90.9771],
        [-222.783,-0.0126953,-9868.94]
      ],
      "type": "Sphere"
    },
    "port_03_players_spawn_zone_13": {
      "objLayer": 0,
      "props": [],
      "tm": [
        [-90.9771,0.0,-41.5111],
        [0.0,100.0,0.0],
        [41.5111,0.0,-90.9771],
        [-262.622,-0.0126953,-9773.95]
      ],
      "type": "Sphere"
    },
    "port_03_players_spawn_zone_14": {
      "objLayer": 0,
      "props": [],
      "tm": [
        [-90.9771,0.0,-41.5111],
        [0.0,100.0,0.0],
        [41.5111,0.0,-90.9771],
        [-305.719,-0.0126953,-9681.59]
      ],
      "type": "Sphere"
    },
    "port_03_players_spawn_zone_15": {
      "objLayer": 0,
      "props": [],
      "tm": [
        [-90.9771,0.0,-41.5111],
        [0.0,100.0,0.0],
        [41.5111,0.0,-90.9771],
        [-160.669,-0.0126953,-9777.27]
      ],
      "type": "Sphere"
    },
    "port_03_players_spawn_zone_16": {
      "objLayer": 0,
      "props": [],
      "tm": [
        [-90.9771,0.0,-41.5111],
        [0.0,100.0,0.0],
        [41.5111,0.0,-90.9771],
        [-70.1287,-0.0126953,-9973.6]
      ],
      "type": "Sphere"
    },
    "port_03_t1_rearm_area": {
      "objLayer": 4,
      "props": [],
      "tm": [
        [2000.0,0.0,0.0],
        [0.0,20.0,0.0],
        [0.0,0.0,2000.0],
        [-845.163,-10.0044,-9233.74]
      ],
      "type": "Cylinder"
    },
    "port_03_t2_rearm_area": {
      "objLayer": 4,
      "props": [],
      "tm": [
        [2000.0,0.0,0.0],
        [0.0,20.0,0.0],
        [0.0,0.0,2000.0],
        [-845.163,-10.0049,-9233.74]
      ],
      "type": "Cylinder"
    },
    "port_04": {
      "objLayer": 3,
      "props": [],
      "tm": [
        [2000.0,0.0,0.0],
        [0.0,20.0,0.0],
        [0.0,0.0,2000.0],
        [14840.4,-10.0029,-12776.3]
      ],
      "type": "Cylinder"
    },
    "port_04_ai_spawn_01": {
      "objLayer": 0,
      "props": [],
      "tm": [
        [0.207357,0.0,-0.978266],
        [0.0,1.0,0.0],
        [0.978266,0.0,0.207357],
        [15206.2,-0.998047,-13735.7]
      ],
      "type": "Point"
    },
    "port_04_ai_spawn_02": {
      "objLayer": 0,
      "props": [],
      "tm": [
        [0.207357,0.0,-0.978266],
        [0.0,1.0,0.0],
        [0.978266,0.0,0.207357],
        [15096.3,-0.998047,-13819.7]
      ],
      "type": "Point"
    },
    "port_04_ai_spawn_03": {
      "objLayer": 0,
      "props": [],
      "tm": [
        [0.207357,0.0,-0.978266],
        [0.0,1.0,0.0],
        [0.978266,0.0,0.207357],
        [15000.0,-0.998047,-13906.2]
      ],
      "type": "Point"
    },
    "port_04_ai_spawn_04": {
      "objLayer": 0,
      "props": [],
      "tm": [
        [0.207357,0.0,-0.978266],
        [0.0,1.0,0.0],
        [0.978266,0.0,0.207357],
        [14886.8,-0.998047,-13992.7]
      ],
      "type": "Point"
    },
    "port_04_ai_spawn_05": {
      "objLayer": 0,
      "props": [],
      "tm": [
        [0.207357,0.0,-0.978266],
        [0.0,1.0,0.0],
        [0.978266,0.0,0.207357],
        [14742.2,-0.998047,-14088.5]
      ],
      "type": "Point"
    },
    "port_04_ai_spawn_06": {
      "objLayer": 0,
      "props": [],
      "tm": [
        [0.467254,0.0,-0.884123],
        [0.0,1.0,0.0],
        [0.884123,0.0,0.467254],
        [15094.4,-0.998047,-13633.3]
      ],
      "type": "Point"
    },
    "port_04_ai_spawn_07": {
      "objLayer": 0,
      "props": [],
      "tm": [
        [0.467254,0.0,-0.884123],
        [0.0,1.0,0.0],
        [0.884123,0.0,0.467254],
        [14992.2,-0.998657,-13709.8]
      ],
      "type": "Point"
    },
    "port_04_ai_spawn_08": {
      "objLayer": 0,
      "props": [],
      "tm": [
        [0.467254,0.0,-0.884123],
        [0.0,1.0,0.0],
        [0.884123,0.0,0.467254],
        [14864.6,-0.999267,-13809.4]
      ],
      "type": "Point"
    },
    "port_04_ai_spawn_09": {
      "objLayer": 0,
      "props": [],
      "tm": [
        [0.467254,0.0,-0.884123],
        [0.0,1.0,0.0],
        [0.884123,0.0,0.467254],
        [14722.8,-0.999267,-13903.6]
      ],
      "type": "Point"
    },
    "port_04_ai_spawn_10": {
      "objLayer": 0,
      "props": [],
      "tm": [
        [0.467254,0.0,-0.884123],
        [0.0,1.0,0.0],
        [0.884123,0.0,0.467254],
        [14595.4,-0.998537,-13991.1]
      ],
      "type": "Point"
    },
    "port_04_players_destroyers_spawn_zone_01": {
      "objLayer": 0,
      "props": [],
      "tm": [
        [48.0884,0.0,-87.6784],
        [0.0,100.0,0.0],
        [87.6784,0.0,48.0884],
        [15671.8,-0.00292969,-14438.3]
      ],
      "type": "Sphere"
    },
    "port_04_players_destroyers_spawn_zone_02": {
      "objLayer": 0,
      "props": [],
      "tm": [
        [48.0884,0.0,-87.6784],
        [0.0,100.0,0.0],
        [87.6784,0.0,48.0884],
        [15770.8,-0.00292969,-14378.9]
      ],
      "type": "Sphere"
    },
    "port_04_players_destroyers_spawn_zone_03": {
      "objLayer": 0,
      "props": [],
      "tm": [
        [48.0884,0.0,-87.6784],
        [0.0,100.0,0.0],
        [87.6784,0.0,48.0884],
        [15881.0,-0.00292969,-14323.9]
      ],
      "type": "Sphere"
    },
    "port_04_players_destroyers_spawn_zone_04": {
      "objLayer": 0,
      "props": [],
      "tm": [
        [48.0884,0.0,-87.6784],
        [0.0,100.0,0.0],
        [87.6784,0.0,48.0884],
        [15977.1,-0.00292969,-14270.3]
      ],
      "type": "Sphere"
    },
    "port_04_players_destroyers_spawn_zone_05": {
      "objLayer": 0,
      "props": [],
      "tm": [
        [48.0884,0.0,-87.6784],
        [0.0,100.0,0.0],
        [87.6784,0.0,48.0884],
        [16075.8,-0.00292969,-14201.8]
      ],
      "type": "Sphere"
    },
    "port_04_players_destroyers_spawn_zone_06": {
      "objLayer": 0,
      "props": [],
      "tm": [
        [48.0884,0.0,-87.6784],
        [0.0,100.0,0.0],
        [87.6784,0.0,48.0884],
        [16170.6,-0.00292969,-14139.6]
      ],
      "type": "Sphere"
    },
    "port_04_players_destroyers_spawn_zone_07": {
      "objLayer": 0,
      "props": [],
      "tm": [
        [48.0884,0.0,-87.6784],
        [0.0,100.0,0.0],
        [87.6784,0.0,48.0884],
        [15651.9,-0.00292969,-14313.2]
      ],
      "type": "Sphere"
    },
    "port_04_players_destroyers_spawn_zone_08": {
      "objLayer": 0,
      "props": [],
      "tm": [
        [48.0884,0.0,-87.6784],
        [0.0,100.0,0.0],
        [87.6784,0.0,48.0884],
        [15761.0,-0.00292969,-14258.3]
      ],
