{
  "airfields": {},
  "areas": {
    "bdt_t1_bomb_zone_01": {
      "objLayer": 0,
      "props": {},
      "tm": [
        [-400.468,0.0,-205.244],
        [0.0,450.0,0.0],
        [205.244,0.0,-400.468],
        [32394.5,2574.51,-19089.1]
      ],
      "type": "Sphere"
    },
    "bdt_t1_bomb_zone_01_aaa_point_01": {
      "objLayer": 0,
      "props": {},
      "tm": [
        [-0.483341,0.0,-0.875432],
        [0.0,1.0,0.0],
        [0.875432,0.0,-0.483341],
        [32279.3,2684.72,-19316.3]
      ],
      "type": "Point"
    },
    "bdt_t1_bomb_zone_01_aaa_point_02": {
      "objLayer": 0,
      "props": {},
      "tm": [
        [-0.483341,0.0,-0.875432],
        [0.0,1.0,0.0],
        [0.875432,0.0,-0.483341],
        [32566.6,2547.08,-18903.6]
      ],
      "type": "Point"
    },
    "bdt_t1_bomb_zone_01_aaa_point_03": {
      "objLayer": 0,
      "props": {},
      "tm": [
        [-0.483341,0.0,-0.875432],
        [0.0,1.0,0.0],
        [0.875432,0.0,-0.483341],
        [32205.8,2478.33,-18951.9]
      ],
      "type": "Point"
    },
    "bdt_t1_bomb_zone_01_aaa_point_04": {
      "objLayer": 0,
      "props": {},
      "tm": [
        [-0.483341,0.0,-0.875432],
        [0.0,1.0,0.0],
        [0.875432,0.0,-0.483341],
        [32405.8,2421.82,-18841.1]
      ],
      "type": "Point"
    },
    "bdt_t1_bomb_zone_02": {
      "objLayer": 0,
      "props": {},
      "tm": [
        [-244.192,0.0,-377.981],
        [0.0,450.0,0.0],
        [377.981,0.0,-244.192],
        [30809.8,2064.54,-16663.0]
      ],
      "type": "Sphere"
    },
    "bdt_t1_bomb_zone_02_aaa_point_01": {
      "objLayer": 0,
      "props": {},
      "tm": [
        [-0.483341,0.0,-0.875432],
        [0.0,1.0,0.0],
        [0.875432,0.0,-0.483341],
        [30872.0,2137.96,-16926.2]
      ],
      "type": "Point"
    },
    "bdt_t1_bomb_zone_02_aaa_point_02": {
      "objLayer": 0,
      "props": {},
      "tm": [
        [-0.483341,0.0,-0.875432],
        [0.0,1.0,0.0],
        [0.875432,0.0,-0.483341],
        [31070.5,2130.89,-16714.6]
      ],
      "type": "Point"
    },
    "bdt_t1_bomb_zone_02_aaa_point_03": {
      "objLayer": 0,
      "props": {},
      "tm": [
        [-0.483341,0.0,-0.875432],
        [0.0,1.0,0.0],
        [0.875432,0.0,-0.483341],
        [30450.5,2031.44,-16391.3]
      ],
      "type": "Point"
    },
    "bdt_t1_bomb_zone_02_aaa_point_04": {
      "objLayer": 0,
      "props": {},
      "tm": [
        [-0.483341,0.0,-0.875432],
        [0.0,1.0,0.0],
        [0.875432,0.0,-0.483341],
        [30999.7,2079.09,-16394.2]
      ],
      "type": "Point"
    },
    "bdt_t1_bomb_zone_03": {
      "objLayer": 0,
      "props": {},
      "tm": [
        [-269.13,0.0,-360.649],
        [0.0,450.0,0.0],
        [360.649,0.0,-269.13],
        [24142.7,1953.53,-12627.9]
      ],
      "type": "Sphere"
    },
    "bdt_t1_bomb_zone_03_aaa_point_01": {
      "objLayer": 0,
      "props": {},
      "tm": [
        [-0.577453,0.0,-0.816424],
        [0.0,1.0,0.0],
        [0.816424,0.0,-0.577453],
        [24070.2,1990.32,-12328.8]
      ],
      "type": "Point"
    },
    "bdt_t1_bomb_zone_03_aaa_point_02": {
      "objLayer": 0,
      "props": {},
      "tm": [
        [-0.577453,0.0,-0.816424],
        [0.0,1.0,0.0],
        [0.816424,0.0,-0.577453],
        [24214.0,1952.77,-12859.4]
      ],
      "type": "Point"
    },
    "bdt_t1_bomb_zone_03_aaa_point_03": {
      "objLayer": 0,
      "props": {},
      "tm": [
        [-0.577453,0.0,-0.816424],
        [0.0,1.0,0.0],
        [0.816424,0.0,-0.577453],
        [24425.4,1943.67,-12675.9]
      ],
      "type": "Point"
    },
    "bdt_t1_bomb_zone_03_aaa_point_04": {
      "objLayer": 0,
      "props": {},
      "tm": [
        [-0.577453,0.0,-0.816424],
        [0.0,1.0,0.0],
        [0.816424,0.0,-0.577453],
        [23887.0,1977.36,-12680.1]
      ],
      "type": "Point"
    },
    "bdt_t1_bomb_zone_04": {
      "objLayer": 0,
      "props": {},
      "tm": [
        [-269.13,0.0,-360.649],
        [0.0,450.0,0.0],
        [360.649,0.0,-269.13],
        [23423.2,2031.26,-9241.96]
      ],
      "type": "Sphere"
    },
    "bdt_t1_bomb_zone_04_aaa_point_01": {
      "objLayer": 0,
      "props": {},
      "tm": [
        [-0.577453,0.0,-0.816424],
        [0.0,1.0,0.0],
        [0.816424,0.0,-0.577453],
        [23148.0,2063.02,-9398.92]
      ],
      "type": "Point"
    },
    "bdt_t1_bomb_zone_04_aaa_point_02": {
      "objLayer": 0,
      "props": {},
      "tm": [
        [-0.577453,0.0,-0.816424],
        [0.0,1.0,0.0],
        [0.816424,0.0,-0.577453],
        [23455.1,2045.96,-9492.68]
      ],
      "type": "Point"
    },
    "bdt_t1_bomb_zone_04_aaa_point_03": {
      "objLayer": 0,
      "props": {},
      "tm": [
        [-0.577453,0.0,-0.816424],
        [0.0,1.0,0.0],
        [0.816424,0.0,-0.577453],
        [23189.2,2053.19,-9069.09]
      ],
      "type": "Point"
    },
    "bdt_t1_bomb_zone_04_aaa_point_04": {
      "objLayer": 0,
      "props": {},
      "tm": [
        [-0.577453,0.0,-0.816424],
        [0.0,1.0,0.0],
        [0.816424,0.0,-0.577453],
        [23735.7,2067.07,-9271.55]
      ],
      "type": "Point"
    },
    "bdt_t1_bomb_zone_05": {
      "objLayer": 0,
      "props": {},
      "tm": [
        [-269.13,0.0,-360.649],
        [0.0,450.0,0.0],
        [360.649,0.0,-269.13],
        [24072.3,2247.58,-6279.17]
      ],
      "type": "Sphere"
    },
    "bdt_t1_bomb_zone_05_aaa_point_01": {
      "objLayer": 0,
      "props": {},
      "tm": [
        [-0.577453,0.0,-0.816424],
        [0.0,1.0,0.0],
        [0.816424,0.0,-0.577453],
        [24248.6,2236.53,-6069.37]
      ],
      "type": "Point"
    },
    "bdt_t1_bomb_zone_05_aaa_point_02": {
      "objLayer": 0,
      "props": {},
      "tm": [
        [-0.577453,0.0,-0.816424],
        [0.0,1.0,0.0],
        [0.816424,0.0,-0.577453],
        [24069.2,2247.48,-6123.74]
      ],
      "type": "Point"
    },
    "bdt_t1_bomb_zone_05_aaa_point_03": {
      "objLayer": 0,
      "props": {},
      "tm": [
        [-0.577453,0.0,-0.816424],
        [0.0,1.0,0.0],
        [0.816424,0.0,-0.577453],
        [23878.9,2259.67,-6492.24]
      ],
      "type": "Point"
    },
    "bdt_t1_bomb_zone_05_aaa_point_04": {
      "objLayer": 0,
      "props": {},
      "tm": [
        [-0.577453,0.0,-0.816424],
        [0.0,1.0,0.0],
        [0.816424,0.0,-0.577453],
        [24105.1,2238.47,-6554.76]
      ],
      "type": "Point"
    },
    "bdt_t1_bomb_zone_06": {
      "objLayer": 0,
      "props": {},
      "tm": [
        [-269.13,0.0,-360.649],
        [0.0,450.0,0.0],
        [360.649,0.0,-269.13],
        [21888.6,2202.58,-11609.9]
      ],
      "type": "Sphere"
    },
    "bdt_t1_bomb_zone_06_aaa_point_01": {
      "objLayer": 0,
      "props": {},
      "tm": [
        [-0.577453,0.0,-0.816424],
        [0.0,1.0,0.0],
        [0.816424,0.0,-0.577453],
        [21759.6,2257.66,-11298.2]
      ],
      "type": "Point"
    },
    "bdt_t1_bomb_zone_06_aaa_point_02": {
      "objLayer": 0,
      "props": {},
      "tm": [
        [-0.577453,0.0,-0.816424],
        [0.0,1.0,0.0],
        [0.816424,0.0,-0.577453],
        [22022.6,2205.31,-11314.2]
      ],
      "type": "Point"
    },
    "bdt_t1_bomb_zone_06_aaa_point_03": {
      "objLayer": 0,
      "props": {},
      "tm": [
        [-0.577453,0.0,-0.816424],
        [0.0,1.0,0.0],
        [0.816424,0.0,-0.577453],
        [22135.0,2145.64,-11796.5]
      ],
      "type": "Point"
    },
    "bdt_t1_bomb_zone_06_aaa_point_04": {
      "objLayer": 0,
      "props": {},
      "tm": [
        [-0.577453,0.0,-0.816424],
        [0.0,1.0,0.0],
        [0.816424,0.0,-0.577453],
        [21627.6,2167.13,-11752.9]
      ],
      "type": "Point"
    },
    "bdt_t1_bomb_zone_07": {
      "objLayer": 0,
      "props": {},
      "tm": [
        [-269.13,0.0,-360.649],
        [0.0,450.0,0.0],
        [360.649,0.0,-269.13],
        [20668.8,2784.91,-7193.45]
      ],
      "type": "Sphere"
    },
    "bdt_t1_bomb_zone_07_aaa_point_01": {
      "objLayer": 0,
      "props": {},
      "tm": [
        [-0.577453,0.0,-0.816424],
        [0.0,1.0,0.0],
        [0.816424,0.0,-0.577453],
        [20796.1,2670.54,-7466.48]
      ],
      "type": "Point"
    },
    "bdt_t1_bomb_zone_07_aaa_point_02": {
      "objLayer": 0,
      "props": {},
      "tm": [
        [-0.577453,0.0,-0.816424],
        [0.0,1.0,0.0],
        [0.816424,0.0,-0.577453],
        [20525.7,2947.39,-6875.34]
      ],
      "type": "Point"
    },
    "bdt_t1_bomb_zone_07_aaa_point_03": {
      "objLayer": 0,
      "props": {},
      "tm": [
        [-0.577453,0.0,-0.816424],
        [0.0,1.0,0.0],
        [0.816424,0.0,-0.577453],
        [20369.6,2774.62,-7346.28]
      ],
      "type": "Point"
    },
    "bdt_t1_bomb_zone_07_aaa_point_04": {
      "objLayer": 0,
      "props": {},
      "tm": [
        [-0.577453,0.0,-0.816424],
        [0.0,1.0,0.0],
        [0.816424,0.0,-0.577453],
        [21067.8,2645.78,-7240.06]
      ],
      "type": "Point"
    },
    "bdt_t1_bomb_zone_08": {
      "objLayer": 0,
      "props": {},
      "tm": [
        [-400.468,0.0,-205.244],
        [0.0,450.0,0.0],
        [205.244,0.0,-400.468],
        [33254.6,2172.63,-16070.9]
      ],
      "type": "Sphere"
    },
    "bdt_t1_bomb_zone_08_aaa_point_01": {
      "objLayer": 0,
      "props": {},
      "tm": [
        [-0.483341,0.0,-0.875432],
        [0.0,1.0,0.0],
        [0.875432,0.0,-0.483341],
        [33555.5,2216.15,-16148.5]
      ],
      "type": "Point"
    },
    "bdt_t1_bomb_zone_08_aaa_point_02": {
      "objLayer": 0,
      "props": {},
      "tm": [
        [-0.483341,0.0,-0.875432],
        [0.0,1.0,0.0],
        [0.875432,0.0,-0.483341],
        [33292.9,2147.18,-15767.3]
      ],
      "type": "Point"
    },
    "bdt_t1_bomb_zone_08_aaa_point_03": {
      "objLayer": 0,
      "props": {},
      "tm": [
        [-0.483341,0.0,-0.875432],
        [0.0,1.0,0.0],
        [0.875432,0.0,-0.483341],
        [32916.4,2167.13,-15954.0]
      ],
      "type": "Point"
    },
    "bdt_t1_bomb_zone_08_aaa_point_04": {
      "objLayer": 0,
      "props": {},
      "tm": [
        [-0.483341,0.0,-0.875432],
        [0.0,1.0,0.0],
        [0.875432,0.0,-0.483341],
        [33128.3,2313.24,-16311.9]
      ],
      "type": "Point"
    },
    "bdt_t1_bomb_zone_09": {
      "objLayer": 0,
      "props": {},
      "tm": [
        [-400.468,0.0,-205.244],
        [0.0,450.0,0.0],
        [205.244,0.0,-400.468],
        [27947.4,1997.6,-15777.8]
      ],
      "type": "Sphere"
    },
    "bdt_t1_bomb_zone_09_aaa_point_01": {
      "objLayer": 0,
      "props": {},
      "tm": [
        [-0.483341,0.0,-0.875432],
        [0.0,1.0,0.0],
        [0.875432,0.0,-0.483341],
        [28233.3,1997.3,-15433.0]
      ],
      "type": "Point"
    },
    "bdt_t1_bomb_zone_09_aaa_point_02": {
      "objLayer": 0,
      "props": {},
      "tm": [
        [-0.483341,0.0,-0.875432],
        [0.0,1.0,0.0],
        [0.875432,0.0,-0.483341],
        [27739.4,1988.78,-15424.2]
      ],
      "type": "Point"
    },
    "bdt_t1_bomb_zone_09_aaa_point_03": {
      "objLayer": 0,
      "props": {},
      "tm": [
        [-0.483341,0.0,-0.875432],
        [0.0,1.0,0.0],
        [0.875432,0.0,-0.483341],
        [28410.9,2002.99,-15959.0]
      ],
      "type": "Point"
    },
    "bdt_t1_bomb_zone_09_aaa_point_04": {
      "objLayer": 0,
      "props": {},
      "tm": [
        [-0.483341,0.0,-0.875432],
        [0.0,1.0,0.0],
        [0.875432,0.0,-0.483341],
        [27547.8,1989.38,-15837.0]
      ],
      "type": "Point"
    },
    "bdt_t1_bomb_zone_10": {
      "objLayer": 0,
      "props": {},
      "tm": [
        [-400.468,0.0,-205.244],
        [0.0,450.0,0.0],
        [205.244,0.0,-400.468],
        [28938.5,2749.3,-18796.3]
      ],
      "type": "Sphere"
    },
    "bdt_t1_bomb_zone_10_aaa_point_01": {
      "objLayer": 0,
      "props": {},
      "tm": [
        [-0.483341,0.0,-0.875432],
        [0.0,1.0,0.0],
        [0.875432,0.0,-0.483341],
        [29083.2,2717.44,-18456.5]
      ],
      "type": "Point"
    },
    "bdt_t1_bomb_zone_10_aaa_point_02": {
      "objLayer": 0,
      "props": {},
      "tm": [
        [-0.483341,0.0,-0.875432],
        [0.0,1.0,0.0],
        [0.875432,0.0,-0.483341],
        [29564.2,2735.36,-18710.2]
      ],
      "type": "Point"
    },
    "bdt_t1_bomb_zone_10_aaa_point_03": {
      "objLayer": 0,
      "props": {},
      "tm": [
        [-0.483341,0.0,-0.875432],
        [0.0,1.0,0.0],
        [0.875432,0.0,-0.483341],
        [28692.3,2737.01,-18700.6]
      ],
      "type": "Point"
    },
    "bdt_t1_bomb_zone_10_aaa_point_04": {
      "objLayer": 0,
      "props": {},
      "tm": [
        [-0.483341,0.0,-0.875432],
        [0.0,1.0,0.0],
        [0.875432,0.0,-0.483341],
        [28780.0,2832.47,-19075.0]
      ],
      "type": "Point"
    },
    "bdt_t2_bomb_zone_01": {
      "objLayer": 0,
      "props": {},
      "tm": [
        [-449.807,0.0,-13.2052],
        [0.0,450.0,0.0],
        [13.2052,0.0,-449.807],
        [37666.6,2279.21,-9024.63]
      ],
      "type": "Sphere"
    },
    "bdt_t2_bomb_zone_01_aaa_point_01": {
      "objLayer": 0,
      "props": {},
      "tm": [
        [-0.812674,0.0,-0.582717],
        [0.0,1.0,0.0],
        [0.582717,0.0,-0.812674],
        [37514.4,2269.26,-8858.33]
      ],
      "type": "Point"
    },
    "bdt_t2_bomb_zone_01_aaa_point_02": {
      "objLayer": 0,
      "props": {},
      "tm": [
        [-0.812674,0.0,-0.582717],
        [0.0,1.0,0.0],
        [0.582717,0.0,-0.812674],
        [37928.2,2307.8,-9154.69]
      ],
      "type": "Point"
    },
    "bdt_t2_bomb_zone_01_aaa_point_03": {
      "objLayer": 0,
      "props": {},
      "tm": [
        [-0.812674,0.0,-0.582717],
        [0.0,1.0,0.0],
        [0.582717,0.0,-0.812674],
        [37836.4,2292.79,-9230.44]
      ],
      "type": "Point"
    },
    "bdt_t2_bomb_zone_01_aaa_point_04": {
      "objLayer": 0,
      "props": {},
      "tm": [
        [-0.812674,0.0,-0.582717],
        [0.0,1.0,0.0],
        [0.582717,0.0,-0.812674],
        [37539.5,2214.04,-9538.31]
      ],
      "type": "Point"
    },
    "bdt_t2_bomb_zone_02": {
      "objLayer": 0,
      "props": {},
      "tm": [
        [-445.567,0.0,-63.0122],
        [0.0,450.0,0.0],
        [63.0122,0.0,-445.567],
        [33991.3,2295.23,-3340.19]
      ],
      "type": "Sphere"
    },
    "bdt_t2_bomb_zone_02_aaa_point_01": {
      "objLayer": 0,
      "props": {},
      "tm": [
        [-0.743031,0.0,-0.669255],
        [0.0,1.0,0.0],
        [0.669255,0.0,-0.743031],
        [34038.9,2328.9,-3096.25]
      ],
      "type": "Point"
    },
    "bdt_t2_bomb_zone_02_aaa_point_02": {
      "objLayer": 0,
      "props": {},
      "tm": [
        [-0.743031,0.0,-0.669255],
        [0.0,1.0,0.0],
        [0.669255,0.0,-0.743031],
        [34157.6,2359.15,-3622.07]
      ],
      "type": "Point"
    },
    "bdt_t2_bomb_zone_02_aaa_point_03": {
      "objLayer": 0,
      "props": {},
      "tm": [
        [-0.743031,0.0,-0.669255],
        [0.0,1.0,0.0],
        [0.669255,0.0,-0.743031],
        [34255.8,2415.11,-3249.46]
      ],
      "type": "Point"
    },
    "bdt_t2_bomb_zone_02_aaa_point_04": {
      "objLayer": 0,
      "props": {},
      "tm": [
        [-0.743031,0.0,-0.669255],
        [0.0,1.0,0.0],
        [0.669255,0.0,-0.743031],
        [33797.1,2268.37,-3462.4]
      ],
      "type": "Point"
    },
    "bdt_t2_bomb_zone_03": {
      "objLayer": 0,
      "props": {},
      "tm": [
        [-149.849,0.0,-424.317],
        [0.0,450.0,0.0],
        [424.317,0.0,-149.849],
        [31291.8,2345.5,-2280.71]
      ],
      "type": "Sphere"
    },
    "bdt_t2_bomb_zone_03_aaa_point_01": {
      "objLayer": 0,
      "props": {},
      "tm": [
        [-0.743031,0.0,-0.669255],
        [0.0,1.0,0.0],
        [0.669255,0.0,-0.743031],
        [31058.8,2418.88,-2095.04]
      ],
      "type": "Point"
    },
    "bdt_t2_bomb_zone_03_aaa_point_02": {
      "objLayer": 0,
      "props": {},
      "tm": [
        [-0.743031,0.0,-0.669255],
        [0.0,1.0,0.0],
        [0.669255,0.0,-0.743031],
        [31391.2,2248.26,-2555.93]
      ],
      "type": "Point"
    },
    "bdt_t2_bomb_zone_03_aaa_point_03": {
      "objLayer": 0,
      "props": {},
      "tm": [
        [-0.743031,0.0,-0.669255],
        [0.0,1.0,0.0],
        [0.669255,0.0,-0.743031],
        [31607.2,2334.35,-2337.19]
      ],
      "type": "Point"
    },
    "bdt_t2_bomb_zone_03_aaa_point_04": {
      "objLayer": 0,
      "props": {},
      "tm": [
        [-0.743031,0.0,-0.669255],
        [0.0,1.0,0.0],
        [0.669255,0.0,-0.743031],
        [31258.8,2385.4,-1982.56]
      ],
      "type": "Point"
    },
    "bdt_t2_bomb_zone_04": {
      "objLayer": 0,
      "props": {},
      "tm": [
        [-360.884,0.0,-268.815],
        [0.0,450.0,0.0],
        [268.815,0.0,-360.884],
        [39406.6,2288.17,-6775.39]
      ],
      "type": "Sphere"
    },
    "bdt_t2_bomb_zone_04_aaa_point_01": {
      "objLayer": 0,
      "props": {},
      "tm": [
        [-0.812674,0.0,-0.582717],
        [0.0,1.0,0.0],
        [0.582717,0.0,-0.812674],
        [39346.6,2289.49,-7102.19]
      ],
      "type": "Point"
    },
    "bdt_t2_bomb_zone_04_aaa_point_02": {
      "objLayer": 0,
      "props": {},
      "tm": [
        [-0.812674,0.0,-0.582717],
        [0.0,1.0,0.0],
        [0.582717,0.0,-0.812674],
        [39705.8,2331.51,-6818.23]
      ],
      "type": "Point"
    },
    "bdt_t2_bomb_zone_04_aaa_point_03": {
      "objLayer": 0,
      "props": {},
      "tm": [
        [-0.812674,0.0,-0.582717],
        [0.0,1.0,0.0],
        [0.582717,0.0,-0.812674],
        [39171.7,2257.29,-6649.43]
      ],
      "type": "Point"
    },
    "bdt_t2_bomb_zone_04_aaa_point_04": {
      "objLayer": 0,
      "props": {},
      "tm": [
        [-0.812674,0.0,-0.582717],
        [0.0,1.0,0.0],
        [0.582717,0.0,-0.812674],
        [39384.6,2277.74,-6529.43]
      ],
      "type": "Point"
    },
    "bdt_t2_bomb_zone_05": {
      "objLayer": 0,
      "props": {},
      "tm": [
        [-360.884,0.0,-268.815],
        [0.0,450.0,0.0],
        [268.815,0.0,-360.884],
        [40134.4,2856.97,-11292.0]
      ],
      "type": "Sphere"
    },
    "bdt_t2_bomb_zone_05_aaa_point_01": {
      "objLayer": 0,
      "props": {},
      "tm": [
        [-0.812674,0.0,-0.582717],
        [0.0,1.0,0.0],
        [0.582717,0.0,-0.812674],
        [40006.4,2757.47,-10969.5]
      ],
      "type": "Point"
    },
    "bdt_t2_bomb_zone_05_aaa_point_02": {
      "objLayer": 0,
      "props": {},
      "tm": [
        [-0.812674,0.0,-0.582717],
        [0.0,1.0,0.0],
        [0.582717,0.0,-0.812674],
        [40009.7,2900.67,-11646.0]
      ],
      "type": "Point"
    },
    "bdt_t2_bomb_zone_05_aaa_point_03": {
      "objLayer": 0,
      "props": {},
      "tm": [
        [-0.812674,0.0,-0.582717],
        [0.0,1.0,0.0],
        [0.582717,0.0,-0.812674],
        [40214.9,2989.63,-11628.2]
      ],
      "type": "Point"
    },
    "bdt_t2_bomb_zone_05_aaa_point_04": {
      "objLayer": 0,
      "props": {},
      "tm": [
        [-0.812674,0.0,-0.582717],
        [0.0,1.0,0.0],
        [0.582717,0.0,-0.812674],
        [40422.8,3005.7,-11139.5]
      ],
      "type": "Point"
    },
    "bdt_t2_bomb_zone_06": {
      "objLayer": 0,
      "props": {},
      "tm": [
        [-192.529,0.0,-406.735],
        [0.0,450.0,0.0],
        [406.735,0.0,-192.529],
        [37056.2,2133.47,-12513.3]
      ],
      "type": "Sphere"
    },
    "bdt_t2_bomb_zone_06_aaa_point_01": {
      "objLayer": 0,
      "props": {},
      "tm": [
        [-0.444172,0.0,-0.895944],
        [0.0,1.0,0.0],
        [0.895944,0.0,-0.444172],
        [37162.8,2137.6,-12186.2]
      ],
      "type": "Point"
    },
    "bdt_t2_bomb_zone_06_aaa_point_02": {
      "objLayer": 0,
      "props": {},
      "tm": [
        [-0.444172,0.0,-0.895944],
        [0.0,1.0,0.0],
        [0.895944,0.0,-0.444172],
        [37151.2,2131.71,-12950.8]
      ],
      "type": "Point"
    },
    "bdt_t2_bomb_zone_06_aaa_point_03": {
      "objLayer": 0,
      "props": {},
      "tm": [
        [-0.444172,0.0,-0.895944],
        [0.0,1.0,0.0],
        [0.895944,0.0,-0.444172],
        [36875.6,2048.45,-12936.1]
      ],
      "type": "Point"
    },
    "bdt_t2_bomb_zone_06_aaa_point_04": {
      "objLayer": 0,
      "props": {},
      "tm": [
        [-0.444172,0.0,-0.895944],
        [0.0,1.0,0.0],
        [0.895944,0.0,-0.444172],
        [36508.6,2131.33,-12530.9]
      ],
      "type": "Point"
    },
    "bdt_t2_bomb_zone_07": {
      "objLayer": 0,
      "props": {},
      "tm": [
        [-360.884,0.0,-268.815],
        [0.0,450.0,0.0],
        [268.815,0.0,-360.884],
        [36966.6,2158.38,-6097.43]
      ],
      "type": "Sphere"
    },
    "bdt_t2_bomb_zone_07_aaa_point_01": {
      "objLayer": 0,
      "props": {},
      "tm": [
        [-0.812674,0.0,-0.582717],
        [0.0,1.0,0.0],
        [0.582717,0.0,-0.812674],
        [36794.8,2150.05,-5707.8]
      ],
      "type": "Point"
    },
    "bdt_t2_bomb_zone_07_aaa_point_02": {
      "objLayer": 0,
      "props": {},
      "tm": [
        [-0.812674,0.0,-0.582717],
        [0.0,1.0,0.0],
        [0.582717,0.0,-0.812674],
        [36857.2,2148.66,-6510.96]
      ],
      "type": "Point"
    },
    "bdt_t2_bomb_zone_07_aaa_point_03": {
      "objLayer": 0,
      "props": {},
      "tm": [
        [-0.812674,0.0,-0.582717],
        [0.0,1.0,0.0],
        [0.582717,0.0,-0.812674],
        [37321.3,2155.38,-6382.92]
      ],
      "type": "Point"
    },
    "bdt_t2_bomb_zone_07_aaa_point_04": {
      "objLayer": 0,
      "props": {},
      "tm": [
        [-0.812674,0.0,-0.582717],
        [0.0,1.0,0.0],
        [0.582717,0.0,-0.812674],
        [37176.4,2160.37,-5753.57]
      ],
      "type": "Point"
    },
    "bdt_t2_bomb_zone_08": {
      "objLayer": 0,
      "props": {},
      "tm": [
        [-149.849,0.0,-424.317],
        [0.0,450.0,0.0],
        [424.317,0.0,-149.849],
        [32433.9,2878.04,-738.443]
      ],
      "type": "Sphere"
    },
    "bdt_t2_bomb_zone_08_aaa_point_01": {
      "objLayer": 0,
      "props": {},
      "tm": [
        [-0.743031,0.0,-0.669255],
        [0.0,1.0,0.0],
        [0.669255,0.0,-0.743031],
        [32239.6,2898.28,-850.445]
      ],
      "type": "Point"
    },
    "bdt_t2_bomb_zone_08_aaa_point_02": {
      "objLayer": 0,
      "props": {},
      "tm": [
        [-0.743031,0.0,-0.669255],
        [0.0,1.0,0.0],
        [0.669255,0.0,-0.743031],
        [32575.6,3002.37,-433.752]
      ],
      "type": "Point"
    },
    "bdt_t2_bomb_zone_08_aaa_point_03": {
      "objLayer": 0,
      "props": {},
      "tm": [
        [-0.743031,0.0,-0.669255],
        [0.0,1.0,0.0],
        [0.669255,0.0,-0.743031],
        [32660.7,2827.44,-978.308]
      ],
      "type": "Point"
    },
    "bdt_t2_bomb_zone_08_aaa_point_04": {
      "objLayer": 0,
      "props": {},
      "tm": [
        [-0.743031,0.0,-0.669255],
        [0.0,1.0,0.0],
        [0.669255,0.0,-0.743031],
        [32755.0,2956.25,-630.351]
      ],
      "type": "Point"
    },
    "bdt_t2_bomb_zone_09": {
      "objLayer": 0,
      "props": {},
      "tm": [
        [-149.849,0.0,-424.317],
        [0.0,450.0,0.0],
        [424.317,0.0,-149.849],
        [28002.9,2406.83,-2475.59]
      ],
      "type": "Sphere"
    },
    "bdt_t2_bomb_zone_09_aaa_point_01": {
      "objLayer": 0,
      "props": {},
      "tm": [
        [-0.743031,0.0,-0.669255],
        [0.0,1.0,0.0],
        [0.669255,0.0,-0.743031],
        [27618.2,2394.47,-2384.1]
      ],
      "type": "Point"
    },
    "bdt_t2_bomb_zone_09_aaa_point_02": {
      "objLayer": 0,
      "props": {},
      "tm": [
        [-0.743031,0.0,-0.669255],
        [0.0,1.0,0.0],
        [0.669255,0.0,-0.743031],
        [28273.4,2442.38,-2352.34]
      ],
      "type": "Point"
    },
    "bdt_t2_bomb_zone_09_aaa_point_03": {
      "objLayer": 0,
      "props": {},
      "tm": [
        [-0.743031,0.0,-0.669255],
        [0.0,1.0,0.0],
        [0.669255,0.0,-0.743031],
        [27769.7,3557.66,-2978.91]
      ],
      "type": "Point"
    },
    "bdt_t2_bomb_zone_09_aaa_point_04": {
      "objLayer": 0,
      "props": {},
      "tm": [
        [-0.743031,0.0,-0.669255],
        [0.0,1.0,0.0],
        [0.669255,0.0,-0.743031],
        [27860.9,2541.96,-2094.53]
      ],
      "type": "Point"
    },
    "bdt_t2_bomb_zone_10": {
      "objLayer": 0,
      "props": {},
      "tm": [
        [-149.849,0.0,-424.317],
        [0.0,450.0,0.0],
        [424.317,0.0,-149.849],
        [29091.0,3138.18,-252.0]
      ],
      "type": "Sphere"
    },
    "bdt_t2_bomb_zone_10_aaa_point_01": {
      "objLayer": 0,
      "props": {},
      "tm": [
        [-0.743031,0.0,-0.669255],
        [0.0,1.0,0.0],
        [0.669255,0.0,-0.743031],
        [29218.7,3080.83,192.16]
      ],
      "type": "Point"
    },
    "bdt_t2_bomb_zone_10_aaa_point_02": {
      "objLayer": 0,
      "props": {},
      "tm": [
        [-0.743031,0.0,-0.669255],
        [0.0,1.0,0.0],
        [0.669255,0.0,-0.743031],
        [29008.3,3059.91,-599.671]
      ],
      "type": "Point"
    },
    "bdt_t2_bomb_zone_10_aaa_point_03": {
      "objLayer": 0,
      "props": {},
      "tm": [
        [-0.743031,0.0,-0.669255],
        [0.0,1.0,0.0],
        [0.669255,0.0,-0.743031],
        [28824.0,3131.89,264.295]
      ],
      "type": "Point"
    },
    "bdt_t2_bomb_zone_10_aaa_point_04": {
      "objLayer": 0,
      "props": {},
      "tm": [
        [-0.743031,0.0,-0.669255],
        [0.0,1.0,0.0],
        [0.669255,0.0,-0.743031],
        [29437.6,3132.99,-327.979]
      ],
      "type": "Point"
    },
    "small_bomb_zones_area_7000": {
      "objLayer": 3,
      "props": {},
      "tm": [
        [9636.95,0.0,-10155.2],
        [0.0,14000.0,0.0],
        [10155.2,0.0,9636.95],
        [30558.0,2024.79,-9592.4]
      ],
      "type": "Sphere"
    },
    "small_bomb_zones_area_9000": {
      "objLayer": 3,
      "props": {},
      "tm": [
        [12390.4,0.0,-13056.7],
        [0.0,18000.0,0.0],
        [13056.7,0.0,12390.4],
        [30558.0,2000.0,-9592.4]
      ],
      "type": "Sphere"
    }
  },
  "bin_dump_file": "",
  "dialogs": {},
  "effects": {},
  "imports": {},
  "mission_objectives": {
    "isCategory": true,
    "is_enabled": true
  },
  "mission_settings": {
    "mission": {
      "environment": "Day",
      "level": "levels/air_smolensk.bin",
      "optionalTakeOff": false,
      "restoreType": "attempts",
      "type": "domination",
      "weather": "hazy"
    },
    "player": {
      "army": 1
    },
    "player_teamB": {
      "army": 2
    }
  },
  "objLayers": {
    "layer": [
      {
        "enabled": true
      },
      {
        "enabled": true
      },
      {
        "enabled": true
      },
      {
        "enabled": false
      },
      {
        "enabled": false
      }
    ]
  },
  "selected_tag": "",
  "triggers": {
    "isCategory": true,
    "is_enabled": true
  },
  "units": {
    "objectGroups": [
      {
        "name": "bdt_t2_bomb_object_01",
        "objLayer": 2,
        "props": {
          "active": false,
          "army": 2
        },
        "tm": [
          [-0.999567,0.0,-0.0293446],
          [0.0,1.0,0.0],
          [0.0293446,0.0,-0.999567],
          [37664.4,2278.65,-9031.35]
        ],
        "unit_class": "dynBase_hq_camp_square"
      },
      {
        "name": "bdt_t2_bomb_object_02",
        "objLayer": 2,
        "props": {
          "active": false,
          "army": 2
        },
        "tm": [
          [-0.824615,0.0,0.565699],
          [0.0,1.0,0.0],
          [-0.565699,0.0,-0.824615],
          [33998.0,2296.85,-3319.55]
        ],
        "unit_class": "dynBase_fuel_storage_square"
      },
      {
        "name": "bdt_t2_bomb_object_03",
        "objLayer": 2,
        "props": {
          "active": false,
          "army": 2
        },
        "tm": [
          [-0.332994,0.0,-0.942931],
          [0.0,1.0,0.0],
          [0.942931,0.0,-0.332994],
          [31282.3,2344.8,-2282.95]
        ],
        "unit_class": "dynBase_oil_storage_small_square"
      },
      {
        "name": "bdt_t1_bomb_object_01",
        "objLayer": 2,
        "props": {
          "active": false,
          "army": 1
        },
        "tm": [
          [-0.889927,0.0,-0.456102],
          [0.0,1.0,0.0],
          [0.456102,0.0,-0.889927],
          [32404.0,2559.85,-19080.8]
        ],
        "unit_class": "dynBase_fuel_storage_square"
      },
      {
        "name": "bdt_t1_bomb_object_02",
        "objLayer": 2,
        "props": {
          "active": false,
          "army": 1
        },
        "tm": [
          [-0.347984,0.0,-0.937499],
          [0.0,1.0,0.0],
          [0.937499,0.0,-0.347984],
          [30810.2,2063.55,-16658.4]
        ],
        "unit_class": "dynBase_small_factory_square"
      },
      {
        "name": "bdt_t1_bomb_object_03",
        "objLayer": 2,
        "props": {
          "active": false,
          "army": 1
        },
        "tm": [
          [-0.248105,0.0,-0.968732],
          [0.0,1.0,0.0],
          [0.968732,0.0,-0.248105],
          [24145.6,1954.2,-12623.1]
        ],
        "unit_class": "dynBase_oil_storage_small_square"
      },
      {
        "name": "bdt_t2_bomb_object_04",
        "objLayer": 2,
        "props": {
          "active": false,
          "army": 2
        },
        "tm": [
          [-0.801966,0.0,-0.597371],
          [0.0,1.0,0.0],
          [0.597371,0.0,-0.801966],
          [39413.9,2289.1,-6772.2]
        ],
        "unit_class": "dynBase_small_factory_square"
      },
      {
        "name": "bdt_t1_bomb_object_04",
        "objLayer": 2,
        "props": {
          "active": false,
          "army": 1
        },
        "tm": [
          [-0.571472,0.0,-0.820622],
          [0.0,1.0,0.0],
          [0.820622,0.0,-0.571472],
          [23418.7,2030.6,-9238.3]
        ],
        "unit_class": "dynBase_field_camp_square"
      },
      {
        "name": "bdt_t1_bomb_object_05",
        "objLayer": 2,
        "props": {
          "active": false,
          "army": 1
        },
        "tm": [
          [-0.571472,0.0,-0.820622],
          [0.0,1.0,0.0],
          [0.820622,0.0,-0.571472],
          [24067.7,2247.85,-6275.5]
        ],
        "unit_class": "dynBase_military_base_square"
      },
      {
        "name": "bdt_t1_bomb_object_06",
        "objLayer": 2,
        "props": {
          "active": false,
          "army": 1
        },
        "tm": [
          [-0.571472,0.0,-0.820622],
          [0.0,1.0,0.0],
          [0.820622,0.0,-0.571472],
          [21884.1,2203.7,-11606.2]
        ],
        "unit_class": "dynBase_oil_storage_large_square"
      },
      {
        "name": "bdt_t1_bomb_object_07",
        "objLayer": 2,
        "props": {
          "active": false,
          "army": 1
        },
        "tm": [
          [-0.571472,0.0,-0.820622],
          [0.0,1.0,0.0],
          [0.820622,0.0,-0.571472],
          [20664.3,2787.0,-7189.7]
        ],
        "unit_class": "dynBase_oil_storage_large_square"
      },
      {
        "name": "bdt_t1_bomb_object_08",
        "objLayer": 2,
        "props": {
          "active": false,
          "army": 1
        },
        "tm": [
          [-0.889927,0.0,-0.456102],
          [0.0,1.0,0.0],
          [0.456102,0.0,-0.889927],
          [33264.2,2169.3,-16062.6]
        ],
        "unit_class": "dynBase_small_factory_square"
      },
      {
        "name": "bdt_t1_bomb_object_09",
        "objLayer": 2,
        "props": {
          "active": false,
          "army": 1
        },
        "tm": [
          [-0.889927,0.0,-0.456102],
          [0.0,1.0,0.0],
          [0.456102,0.0,-0.889927],
          [27956.8,1997.31,-15769.7]
        ],
        "unit_class": "dynBase_petrol_camp_square"
      },
      {
        "name": "bdt_t1_bomb_object_10",
        "objLayer": 2,
        "props": {
          "active": false,
          "army": 1
        },
        "tm": [
          [-0.889927,0.0,-0.456102],
          [0.0,1.0,0.0],
          [0.456102,0.0,-0.889927],
          [28948.1,2748.5,-18788.0]
        ],
        "unit_class": "dynBase_petrol_camp_square"
      },
      {
        "name": "bdt_t2_bomb_object_05",
        "objLayer": 2,
        "props": {
          "active": false,
          "army": 2
        },
        "tm": [
          [-0.801966,0.0,-0.597371],
          [0.0,1.0,0.0],
          [0.597371,0.0,-0.801966],
          [40139.4,2870.3,-11224.5]
        ],
        "unit_class": "dynBase_petrol_camp_square"
      },
      {
        "name": "bdt_t2_bomb_object_06",
        "objLayer": 2,
        "props": {
          "active": false,
          "army": 2
        },
        "tm": [
          [-0.427842,0.0,-0.903855],
          [0.0,1.0,0.0],
          [0.903855,0.0,-0.427842],
          [37061.4,2133.55,-12507.3]
        ],
        "unit_class": "dynBase_military_base_square"
      },
      {
        "name": "bdt_t2_bomb_object_07",
        "objLayer": 2,
        "props": {
          "active": false,
          "army": 2
        },
        "tm": [
          [-0.801966,0.0,-0.597371],
          [0.0,1.0,0.0],
          [0.597371,0.0,-0.801966],
          [36974.0,2158.45,-6094.45]
        ],
        "unit_class": "dynBase_fuel_storage_square"
      },
      {
        "name": "bdt_t2_bomb_object_08",
        "objLayer": 2,
        "props": {
          "active": false,
          "army": 2
        },
        "tm": [
          [-0.332994,0.0,-0.942931],
          [0.0,1.0,0.0],
          [0.942931,0.0,-0.332994],
          [32424.4,2879.35,-740.6]
        ],
        "unit_class": "dynBase_ammunition_storage_square"
      },
      {
        "name": "bdt_t2_bomb_object_09",
        "objLayer": 2,
        "props": {
          "active": false,
          "army": 2
        },
        "tm": [
          [-0.332994,0.0,-0.942931],
          [0.0,1.0,0.0],
          [0.942931,0.0,-0.332994],
          [27993.2,2404.75,-2477.9]
        ],
        "unit_class": "dynBase_field_camp_square"
      },
      {
        "name": "bdt_t2_bomb_object_10",
        "objLayer": 2,
        "props": {
          "active": false,
          "army": 2
        },
        "tm": [
          [-0.332994,0.0,-0.942931],
          [0.0,1.0,0.0],
          [0.942931,0.0,-0.332994],
          [29081.6,3133.4,-254.25]
        ],
        "unit_class": "dynBase_oil_storage_small_square"
      }
    ]
  },
  "variables": {},
  "wayPoints": {}
}