{
  "airfields": [],
  "areas": {
    "bdt_t1_bomb_zone_01": {
      "objLayer": 0,
      "props": [],
      "tm": [
        [431.77,0.0,-126.785],
        [0.0,450.0,0.0],
        [126.785,0.0,431.77],
        [7232.69,113.107,-675.9]
      ],
      "type": "Sphere"
    },
    "bdt_t1_bomb_zone_01_aaa_point_01": {
      "objLayer": 0,
      "props": [],
      "tm": [
        [0.953211,0.0,0.302306],
        [0.0,1.0,0.0],
        [-0.302306,0.0,0.953211],
        [7472.58,116.489,-590.4]
      ],
      "type": "Point"
    },
    "bdt_t1_bomb_zone_01_aaa_point_02": {
      "objLayer": 0,
      "props": [],
      "tm": [
        [0.953211,0.0,0.302306],
        [0.0,1.0,0.0],
        [-0.302306,0.0,0.953211],
        [6980.01,110.436,-692.0]
      ],
      "type": "Point"
    },
    "bdt_t1_bomb_zone_01_aaa_point_03": {
      "objLayer": 0,
      "props": [],
      "tm": [
        [0.953211,0.0,0.302306],
        [0.0,1.0,0.0],
        [-0.302306,0.0,0.953211],
        [7274.98,125.968,-905.3]
      ],
      "type": "Point"
    },
    "bdt_t1_bomb_zone_01_aaa_point_04": {
      "objLayer": 0,
      "props": [],
      "tm": [
        [0.953211,0.0,0.302306],
        [0.0,1.0,0.0],
        [-0.302306,0.0,0.953211],
        [7053.68,119.206,-848.0]
      ],
      "type": "Point"
    },
    "bdt_t1_bomb_zone_02": {
      "objLayer": 0,
      "props": [],
      "tm": [
        [437.316,0.0,106.087],
        [0.0,450.0,0.0],
        [-106.087,0.0,437.316],
        [6193.9,78.4963,-3241.7]
      ],
      "type": "Sphere"
    },
    "bdt_t1_bomb_zone_02_aaa_point_01": {
      "objLayer": 0,
      "props": [],
      "tm": [
        [0.953211,0.0,0.302306],
        [0.0,1.0,0.0],
        [-0.302306,0.0,0.953211],
        [6329.95,76.2373,-3007.9]
      ],
      "type": "Point"
    },
    "bdt_t1_bomb_zone_02_aaa_point_02": {
      "objLayer": 0,
      "props": [],
      "tm": [
        [0.953211,0.0,0.302306],
        [0.0,1.0,0.0],
        [-0.302306,0.0,0.953211],
        [6040.21,145.798,-3024.8]
      ],
      "type": "Point"
    },
    "bdt_t1_bomb_zone_02_aaa_point_03": {
      "objLayer": 0,
      "props": [],
      "tm": [
        [0.953211,0.0,0.302306],
        [0.0,1.0,0.0],
        [-0.302306,0.0,0.953211],
        [6267.5,106.92,-3686.1]
      ],
      "type": "Point"
    },
    "bdt_t1_bomb_zone_02_aaa_point_04": {
      "objLayer": 0,
      "props": [],
      "tm": [
        [0.953211,0.0,0.302306],
        [0.0,1.0,0.0],
        [-0.302306,0.0,0.953211],
        [5871.09,154.57,-3305.9]
      ],
      "type": "Point"
    },
    "bdt_t1_bomb_zone_03": {
      "objLayer": 0,
      "props": [],
      "tm": [
        [443.475,0.0,76.3484],
        [0.0,450.0,0.0],
        [-76.3484,0.0,443.475],
        [8497.57,112.494,-10942.6]
      ],
      "type": "Sphere"
    },
    "bdt_t1_bomb_zone_03_aaa_point_01": {
      "objLayer": 0,
      "props": [],
      "tm": [
        [0.980859,0.0,0.194721],
        [0.0,1.0,0.0],
        [-0.194721,0.0,0.980859],
        [8344.29,116.865,-11209.4]
      ],
      "type": "Point"
    },
    "bdt_t1_bomb_zone_03_aaa_point_02": {
      "objLayer": 0,
      "props": [],
      "tm": [
        [0.980859,0.0,0.194721],
        [0.0,1.0,0.0],
        [-0.194721,0.0,0.980859],
        [8605.15,109.547,-10725.6]
      ],
      "type": "Point"
    },
    "bdt_t1_bomb_zone_03_aaa_point_03": {
      "objLayer": 0,
      "props": [],
      "tm": [
        [0.980859,0.0,0.194721],
        [0.0,1.0,0.0],
        [-0.194721,0.0,0.980859],
        [8325.52,116.314,-10713.1]
      ],
      "type": "Point"
    },
    "bdt_t1_bomb_zone_03_aaa_point_04": {
      "objLayer": 0,
      "props": [],
      "tm": [
        [0.980859,0.0,0.194721],
        [0.0,1.0,0.0],
        [-0.194721,0.0,0.980859],
        [8718.91,114.108,-11080.6]
      ],
      "type": "Point"
    },
    "bdt_t1_bomb_zone_04": {
      "objLayer": 0,
      "props": [],
      "tm": [
        [443.475,0.0,76.3484],
        [0.0,450.0,0.0],
        [-76.3484,0.0,443.475],
        [6404.95,191.19,-13597.8]
      ],
      "type": "Sphere"
    },
    "bdt_t1_bomb_zone_04_aaa_point_01": {
      "objLayer": 0,
      "props": [],
      "tm": [
        [0.980859,0.0,0.194721],
        [0.0,1.0,0.0],
        [-0.194721,0.0,0.980859],
        [6712.63,193.38,-13673.4]
      ],
      "type": "Point"
    },
    "bdt_t1_bomb_zone_04_aaa_point_02": {
      "objLayer": 0,
      "props": [],
      "tm": [
        [0.980859,0.0,0.194721],
        [0.0,1.0,0.0],
        [-0.194721,0.0,0.980859],
        [6476.72,191.307,-13358.3]
      ],
      "type": "Point"
    },
    "bdt_t1_bomb_zone_04_aaa_point_03": {
      "objLayer": 0,
      "props": [],
      "tm": [
        [0.980859,0.0,0.194721],
        [0.0,1.0,0.0],
        [-0.194721,0.0,0.980859],
        [6455.65,192.235,-13884.3]
      ],
      "type": "Point"
    },
    "bdt_t1_bomb_zone_04_aaa_point_04": {
      "objLayer": 0,
      "props": [],
      "tm": [
        [0.980859,0.0,0.194721],
        [0.0,1.0,0.0],
        [-0.194721,0.0,0.980859],
        [6198.65,190.648,-13361.3]
      ],
      "type": "Point"
    },
    "bdt_t1_bomb_zone_05": {
      "objLayer": 0,
      "props": [],
      "tm": [
        [443.475,0.0,76.3484],
        [0.0,450.0,0.0],
        [-76.3484,0.0,443.475],
        [3677.85,126.346,-16006.3]
      ],
      "type": "Sphere"
    },
    "bdt_t1_bomb_zone_05_aaa_point_01": {
      "objLayer": 0,
      "props": [],
      "tm": [
        [0.980859,0.0,0.194721],
        [0.0,1.0,0.0],
        [-0.194721,0.0,0.980859],
        [3405.56,126.604,-16037.2]
      ],
      "type": "Point"
    },
    "bdt_t1_bomb_zone_05_aaa_point_02": {
      "objLayer": 0,
      "props": [],
      "tm": [
        [0.980859,0.0,0.194721],
        [0.0,1.0,0.0],
        [-0.194721,0.0,0.980859],
        [3573.11,125.703,-16121.2]
      ],
      "type": "Point"
    },
    "bdt_t1_bomb_zone_05_aaa_point_03": {
      "objLayer": 0,
      "props": [],
      "tm": [
        [0.980859,0.0,0.194721],
        [0.0,1.0,0.0],
        [-0.194721,0.0,0.980859],
        [3964.78,126.913,-15984.9]
      ],
      "type": "Point"
    },
    "bdt_t1_bomb_zone_05_aaa_point_04": {
      "objLayer": 0,
      "props": [],
      "tm": [
        [0.980859,0.0,0.194721],
        [0.0,1.0,0.0],
        [-0.194721,0.0,0.980859],
        [3843.72,127.615,-15783.8]
      ],
      "type": "Point"
    },
    "bdt_t1_bomb_zone_06": {
      "objLayer": 0,
      "props": [],
      "tm": [
        [443.475,0.0,76.3484],
        [0.0,450.0,0.0],
        [-76.3484,0.0,443.475],
        [9263.26,176.764,-13247.0]
      ],
      "type": "Sphere"
    },
    "bdt_t1_bomb_zone_06_aaa_point_01": {
      "objLayer": 0,
      "props": [],
      "tm": [
        [0.980859,0.0,0.194721],
        [0.0,1.0,0.0],
        [-0.194721,0.0,0.980859],
        [9142.25,172.056,-13561.8]
      ],
      "type": "Point"
    },
    "bdt_t1_bomb_zone_06_aaa_point_02": {
      "objLayer": 0,
      "props": [],
      "tm": [
        [0.980859,0.0,0.194721],
        [0.0,1.0,0.0],
        [-0.194721,0.0,0.980859],
        [8962.5,174.314,-13369.2]
      ],
      "type": "Point"
    },
    "bdt_t1_bomb_zone_06_aaa_point_03": {
      "objLayer": 0,
      "props": [],
      "tm": [
        [0.980859,0.0,0.194721],
        [0.0,1.0,0.0],
        [-0.194721,0.0,0.980859],
        [9213.05,178.289,-12941.9]
      ],
      "type": "Point"
    },
    "bdt_t1_bomb_zone_06_aaa_point_04": {
      "objLayer": 0,
      "props": [],
      "tm": [
        [0.980859,0.0,0.194721],
        [0.0,1.0,0.0],
        [-0.194721,0.0,0.980859],
        [9551.14,174.063,-13322.8]
      ],
      "type": "Point"
    },
    "bdt_t1_bomb_zone_07": {
      "objLayer": 0,
      "props": [],
      "tm": [
        [443.475,0.0,76.3484],
        [0.0,450.0,0.0],
        [-76.3484,0.0,443.475],
        [5658.71,134.35,-16868.0]
      ],
      "type": "Sphere"
    },
    "bdt_t1_bomb_zone_07_aaa_point_01": {
      "objLayer": 0,
      "props": [],
      "tm": [
        [0.980859,0.0,0.194721],
        [0.0,1.0,0.0],
        [-0.194721,0.0,0.980859],
        [5754.37,135.652,-16582.4]
      ],
      "type": "Point"
    },
    "bdt_t1_bomb_zone_07_aaa_point_02": {
      "objLayer": 0,
      "props": [],
      "tm": [
        [0.980859,0.0,0.194721],
        [0.0,1.0,0.0],
        [-0.194721,0.0,0.980859],
        [5543.58,128.355,-17197.3]
      ],
      "type": "Point"
    },
    "bdt_t1_bomb_zone_07_aaa_point_03": {
      "objLayer": 0,
      "props": [],
      "tm": [
        [0.980859,0.0,0.194721],
        [0.0,1.0,0.0],
        [-0.194721,0.0,0.980859],
        [5980.95,123.493,-16963.2]
      ],
      "type": "Point"
    },
    "bdt_t1_bomb_zone_07_aaa_point_04": {
      "objLayer": 0,
      "props": [],
      "tm": [
        [0.980859,0.0,0.194721],
        [0.0,1.0,0.0],
        [-0.194721,0.0,0.980859],
        [5401.36,132.921,-16559.6]
      ],
      "type": "Point"
    },
    "bdt_t1_bomb_zone_08": {
      "objLayer": 0,
      "props": [],
      "tm": [
        [431.77,0.0,-126.785],
        [0.0,450.0,0.0],
        [126.785,0.0,431.77],
        [4084.65,94.2564,-1894.4]
      ],
      "type": "Sphere"
    },
    "bdt_t1_bomb_zone_08_aaa_point_01": {
      "objLayer": 0,
      "props": [],
      "tm": [
        [0.953211,0.0,0.302306],
        [0.0,1.0,0.0],
        [-0.302306,0.0,0.953211],
        [3827.94,80.9604,-1732.0]
      ],
      "type": "Point"
    },
    "bdt_t1_bomb_zone_08_aaa_point_02": {
      "objLayer": 0,
      "props": [],
      "tm": [
        [0.953211,0.0,0.302306],
        [0.0,1.0,0.0],
        [-0.302306,0.0,0.953211],
        [3847.92,95.4594,-2088.2]
      ],
      "type": "Point"
    },
    "bdt_t1_bomb_zone_08_aaa_point_03": {
      "objLayer": 0,
      "props": [],
      "tm": [
        [0.953211,0.0,0.302306],
        [0.0,1.0,0.0],
        [-0.302306,0.0,0.953211],
        [4249.52,93.0314,-2212.0]
      ],
      "type": "Point"
    },
    "bdt_t1_bomb_zone_08_aaa_point_04": {
      "objLayer": 0,
      "props": [],
      "tm": [
        [0.953211,0.0,0.302306],
        [0.0,1.0,0.0],
        [-0.302306,0.0,0.953211],
        [4272.96,96.1474,-1813.5]
      ],
      "type": "Point"
    },
    "bdt_t1_bomb_zone_09": {
      "objLayer": 0,
      "props": [],
      "tm": [
        [431.77,0.0,-126.785],
        [0.0,450.0,0.0],
        [126.785,0.0,431.77],
        [7938.26,145.086,-5872.18]
      ],
      "type": "Sphere"
    },
    "bdt_t1_bomb_zone_09_aaa_point_01": {
      "objLayer": 0,
      "props": [],
      "tm": [
        [0.953211,0.0,0.302306],
        [0.0,1.0,0.0],
        [-0.302306,0.0,0.953211],
        [7493.48,144.777,-5925.54]
      ],
      "type": "Point"
    },
    "bdt_t1_bomb_zone_09_aaa_point_02": {
      "objLayer": 0,
      "props": [],
      "tm": [
        [0.953211,0.0,0.302306],
        [0.0,1.0,0.0],
        [-0.302306,0.0,0.953211],
        [7845.7,136.265,-6271.88]
      ],
      "type": "Point"
    },
    "bdt_t1_bomb_zone_09_aaa_point_03": {
      "objLayer": 0,
      "props": [],
      "tm": [
        [0.953211,0.0,0.302306],
        [0.0,1.0,0.0],
        [-0.302306,0.0,0.953211],
        [7726.69,150.472,-5421.75]
      ],
      "type": "Point"
    },
    "bdt_t1_bomb_zone_09_aaa_point_04": {
      "objLayer": 0,
      "props": [],
      "tm": [
        [0.953211,0.0,0.302306],
        [0.0,1.0,0.0],
        [-0.302306,0.0,0.953211],
        [8268.84,136.859,-6104.43]
      ],
      "type": "Point"
    },
    "bdt_t1_bomb_zone_10": {
      "objLayer": 0,
      "props": [],
      "tm": [
        [431.77,0.0,-126.785],
        [0.0,450.0,0.0],
        [126.785,0.0,431.77],
        [8918.29,149.393,-2967.8]
      ],
      "type": "Sphere"
    },
    "bdt_t1_bomb_zone_10_aaa_point_01": {
      "objLayer": 0,
      "props": [],
      "tm": [
        [0.953211,0.0,0.302306],
        [0.0,1.0,0.0],
        [-0.302306,0.0,0.953211],
        [8781.57,172.293,-3053.6]
      ],
      "type": "Point"
    },
    "bdt_t1_bomb_zone_10_aaa_point_02": {
      "objLayer": 0,
      "props": [],
      "tm": [
        [0.953211,0.0,0.302306],
        [0.0,1.0,0.0],
        [-0.302306,0.0,0.953211],
        [8736.89,135.302,-2561.7]
      ],
      "type": "Point"
    },
    "bdt_t1_bomb_zone_10_aaa_point_03": {
      "objLayer": 0,
      "props": [],
      "tm": [
        [0.953211,0.0,0.302306],
        [0.0,1.0,0.0],
        [-0.302306,0.0,0.953211],
        [9031.03,126.347,-3206.7]
      ],
      "type": "Point"
    },
    "bdt_t1_bomb_zone_10_aaa_point_04": {
      "objLayer": 0,
      "props": [],
      "tm": [
        [0.953211,0.0,0.302306],
        [0.0,1.0,0.0],
        [-0.302306,0.0,0.953211],
        [9163.23,166.401,-2935.6]
      ],
      "type": "Point"
    },
    "bdt_t2_bomb_zone_01": {
      "objLayer": 0,
      "props": [],
      "tm": [
        [335.368,0.0,-300.048],
        [0.0,450.0,0.0],
        [300.048,0.0,335.368],
        [-4301.88,175.824,-4216.98]
      ],
      "type": "Sphere"
    },
    "bdt_t2_bomb_zone_01_aaa_point_01": {
      "objLayer": 0,
      "props": [],
      "tm": [
        [0.990608,0.0,-0.13672],
        [0.0,1.0,0.0],
        [0.13672,0.0,0.990608],
        [-4305.96,177.954,-4442.36]
      ],
      "type": "Point"
    },
    "bdt_t2_bomb_zone_01_aaa_point_02": {
      "objLayer": 0,
      "props": [],
      "tm": [
        [0.990608,0.0,-0.13672],
        [0.0,1.0,0.0],
        [0.13672,0.0,0.990608],
        [-4402.15,177.584,-3942.51]
      ],
      "type": "Point"
    },
    "bdt_t2_bomb_zone_01_aaa_point_03": {
      "objLayer": 0,
      "props": [],
      "tm": [
        [0.990608,0.0,-0.13672],
        [0.0,1.0,0.0],
        [0.13672,0.0,0.990608],
        [-4283.42,176.164,-3950.75]
      ],
      "type": "Point"
    },
    "bdt_t2_bomb_zone_01_aaa_point_04": {
      "objLayer": 0,
      "props": [],
      "tm": [
        [0.990608,0.0,-0.13672],
        [0.0,1.0,0.0],
        [0.13672,0.0,0.990608],
        [-3899.07,172.434,-3980.03]
      ],
      "type": "Point"
    },
    "bdt_t2_bomb_zone_02": {
      "objLayer": 0,
      "props": [],
      "tm": [
        [366.578,0.0,-261.001],
        [0.0,450.0,0.0],
        [261.001,0.0,366.578],
        [-5218.6,129.246,-10440.9]
      ],
      "type": "Sphere"
    },
    "bdt_t2_bomb_zone_02_aaa_point_01": {
      "objLayer": 0,
      "props": [],
      "tm": [
        [0.99966,0.0,-0.0260085],
        [0.0,1.0,0.0],
        [0.0260085,0.0,0.99966],
        [-5421.07,126.606,-10585.0]
      ],
      "type": "Point"
    },
    "bdt_t2_bomb_zone_02_aaa_point_02": {
      "objLayer": 0,
      "props": [],
      "tm": [
        [0.99966,0.0,-0.0260085],
        [0.0,1.0,0.0],
        [0.0260085,0.0,0.99966],
        [-5145.17,128.446,-10122.0]
      ],
      "type": "Point"
    },
    "bdt_t2_bomb_zone_02_aaa_point_03": {
      "objLayer": 0,
      "props": [],
      "tm": [
        [0.99966,0.0,-0.0260085],
        [0.0,1.0,0.0],
        [0.0260085,0.0,0.99966],
        [-5472.86,132.256,-10324.7]
      ],
      "type": "Point"
    },
    "bdt_t2_bomb_zone_02_aaa_point_04": {
      "objLayer": 0,
      "props": [],
      "tm": [
        [0.99966,0.0,-0.0260085],
        [0.0,1.0,0.0],
        [0.0260085,0.0,0.99966],
        [-4993.66,126.536,-10485.9]
      ],
      "type": "Point"
    },
    "bdt_t2_bomb_zone_03": {
      "objLayer": 0,
      "props": [],
      "tm": [
        [400.777,0.0,204.639],
        [0.0,450.0,0.0],
        [-204.639,0.0,400.777],
        [-3350.3,81.4441,-13006.6]
      ],
      "type": "Sphere"
    },
    "bdt_t2_bomb_zone_03_aaa_point_01": {
      "objLayer": 0,
      "props": [],
      "tm": [
        [0.99966,0.0,-0.0260085],
        [0.0,1.0,0.0],
        [0.0260085,0.0,0.99966],
        [-3309.05,84.2441,-13301.7]
      ],
      "type": "Point"
    },
    "bdt_t2_bomb_zone_03_aaa_point_02": {
      "objLayer": 0,
      "props": [],
      "tm": [
        [0.99966,0.0,-0.0260085],
        [0.0,1.0,0.0],
        [0.0260085,0.0,0.99966],
        [-3232.92,78.1841,-12738.6]
      ],
      "type": "Point"
    },
    "bdt_t2_bomb_zone_03_aaa_point_03": {
      "objLayer": 0,
      "props": [],
      "tm": [
        [0.99966,0.0,-0.0260085],
        [0.0,1.0,0.0],
        [0.0260085,0.0,0.99966],
        [-3564.53,78.5741,-12823.1]
      ],
      "type": "Point"
    },
    "bdt_t2_bomb_zone_03_aaa_point_04": {
      "objLayer": 0,
      "props": [],
      "tm": [
        [0.99966,0.0,-0.0260085],
        [0.0,1.0,0.0],
        [0.0260085,0.0,0.99966],
        [-3531.57,84.1041,-13245.6]
      ],
      "type": "Point"
    },
    "bdt_t2_bomb_zone_04": {
      "objLayer": 0,
      "props": [],
      "tm": [
        [446.816,0.0,-53.4248],
        [0.0,450.0,0.0],
        [53.4248,0.0,446.816],
        [-6787.7,189.089,-4445.89]
      ],
      "type": "Sphere"
    },
    "bdt_t2_bomb_zone_04_aaa_point_01": {
      "objLayer": 0,
      "props": [],
      "tm": [
        [0.990608,0.0,-0.13672],
        [0.0,1.0,0.0],
        [0.13672,0.0,0.990608],
        [-6519.19,184.942,-4250.17]
      ],
      "type": "Point"
    },
    "bdt_t2_bomb_zone_04_aaa_point_02": {
      "objLayer": 0,
      "props": [],
      "tm": [
        [0.990608,0.0,-0.13672],
        [0.0,1.0,0.0],
        [0.13672,0.0,0.990608],
        [-6975.19,184.703,-4208.9]
      ],
      "type": "Point"
    },
    "bdt_t2_bomb_zone_04_aaa_point_03": {
      "objLayer": 0,
      "props": [],
      "tm": [
        [0.990608,0.0,-0.13672],
        [0.0,1.0,0.0],
        [0.13672,0.0,0.990608],
        [-6703.99,184.546,-4698.98]
      ],
      "type": "Point"
    },
    "bdt_t2_bomb_zone_04_aaa_point_04": {
      "objLayer": 0,
      "props": [],
      "tm": [
        [0.990608,0.0,-0.13672],
        [0.0,1.0,0.0],
        [0.13672,0.0,0.990608],
        [-6941.0,144.801,-4639.49]
      ],
      "type": "Point"
    },
    "bdt_t2_bomb_zone_05": {
      "objLayer": 0,
      "props": [],
      "tm": [
        [446.816,0.0,-53.4248],
        [0.0,450.0,0.0],
        [53.4248,0.0,446.816],
        [-4125.96,114.799,-1080.77]
      ],
      "type": "Sphere"
    },
    "bdt_t2_bomb_zone_05_aaa_point_01": {
      "objLayer": 0,
      "props": [],
      "tm": [
        [0.990608,0.0,-0.13672],
        [0.0,1.0,0.0],
        [0.13672,0.0,0.990608],
        [-4255.19,114.493,-1402.77]
      ],
      "type": "Point"
    },
    "bdt_t2_bomb_zone_05_aaa_point_02": {
      "objLayer": 0,
      "props": [],
      "tm": [
        [0.990608,0.0,-0.13672],
        [0.0,1.0,0.0],
        [0.13672,0.0,0.990608],
        [-3791.82,117.385,-909.769]
      ],
      "type": "Point"
    },
    "bdt_t2_bomb_zone_05_aaa_point_03": {
      "objLayer": 0,
      "props": [],
      "tm": [
        [0.990608,0.0,-0.13672],
        [0.0,1.0,0.0],
        [0.13672,0.0,0.990608],
        [-3952.99,116.527,-781.469]
      ],
      "type": "Point"
    },
    "bdt_t2_bomb_zone_05_aaa_point_04": {
      "objLayer": 0,
      "props": [],
      "tm": [
        [0.990608,0.0,-0.13672],
        [0.0,1.0,0.0],
        [0.13672,0.0,0.990608],
        [-4440.21,114.177,-992.869]
      ],
      "type": "Point"
    },
    "bdt_t2_bomb_zone_06": {
      "objLayer": 0,
      "props": [],
      "tm": [
        [419.633,0.0,162.507],
        [0.0,450.0,0.0],
        [-162.507,0.0,419.633],
        [-1022.48,131.044,-1891.2]
      ],
      "type": "Sphere"
    },
    "bdt_t2_bomb_zone_06_aaa_point_01": {
      "objLayer": 0,
      "props": [],
      "tm": [
        [0.938918,0.0,0.344147],
        [0.0,1.0,0.0],
        [-0.344147,0.0,0.938918],
        [-1324.92,135.173,-2055.2]
      ],
      "type": "Point"
    },
    "bdt_t2_bomb_zone_06_aaa_point_02": {
      "objLayer": 0,
      "props": [],
      "tm": [
        [0.938918,0.0,0.344147],
        [0.0,1.0,0.0],
        [-0.344147,0.0,0.938918],
        [-790.2,129.283,-1508.4]
      ],
      "type": "Point"
    },
    "bdt_t2_bomb_zone_06_aaa_point_03": {
      "objLayer": 0,
      "props": [],
      "tm": [
        [0.938918,0.0,0.344147],
        [0.0,1.0,0.0],
        [-0.344147,0.0,0.938918],
        [-600.31,46.0172,-1708.9]
      ],
      "type": "Point"
    },
    "bdt_t2_bomb_zone_06_aaa_point_04": {
      "objLayer": 0,
      "props": [],
      "tm": [
        [0.938918,0.0,0.344147],
        [0.0,1.0,0.0],
        [-0.344147,0.0,0.938918],
        [-613.15,128.896,-2255.4]
      ],
      "type": "Point"
    },
    "bdt_t2_bomb_zone_07": {
      "objLayer": 0,
      "props": [],
      "tm": [
        [446.816,0.0,-53.4248],
        [0.0,450.0,0.0],
        [53.4248,0.0,446.816],
        [-5484.45,204.691,-6617.27]
      ],
      "type": "Sphere"
    },
    "bdt_t2_bomb_zone_07_aaa_point_01": {
      "objLayer": 0,
      "props": [],
      "tm": [
        [0.990608,0.0,-0.13672],
        [0.0,1.0,0.0],
        [0.13672,0.0,0.990608],
        [-5628.04,155.154,-7018.15]
      ],
      "type": "Point"
    },
    "bdt_t2_bomb_zone_07_aaa_point_02": {
      "objLayer": 0,
      "props": [],
      "tm": [
        [0.990608,0.0,-0.13672],
        [0.0,1.0,0.0],
        [0.13672,0.0,0.990608],
        [-5120.41,200.559,-6392.6]
      ],
      "type": "Point"
    },
    "bdt_t2_bomb_zone_07_aaa_point_03": {
      "objLayer": 0,
      "props": [],
      "tm": [
        [0.990608,0.0,-0.13672],
        [0.0,1.0,0.0],
        [0.13672,0.0,0.990608],
        [-5545.2,206.897,-6166.01]
      ],
      "type": "Point"
    },
    "bdt_t2_bomb_zone_07_aaa_point_04": {
      "objLayer": 0,
      "props": [],
      "tm": [
        [0.990608,0.0,-0.13672],
        [0.0,1.0,0.0],
        [0.13672,0.0,0.990608],
        [-5873.33,215.317,-6722.27]
      ],
      "type": "Point"
    },
    "bdt_t2_bomb_zone_08": {
      "objLayer": 0,
      "props": [],
      "tm": [
        [400.777,0.0,204.639],
        [0.0,450.0,0.0],
        [-204.639,0.0,400.777],
        [-5896.5,125.332,-13156.4]
      ],
      "type": "Sphere"
    },
    "bdt_t2_bomb_zone_08_aaa_point_01": {
      "objLayer": 0,
      "props": [],
      "tm": [
        [0.99966,0.0,-0.0260085],
        [0.0,1.0,0.0],
        [0.0260085,0.0,0.99966],
        [-5678.42,126.103,-13209.0]
      ],
      "type": "Point"
    },
    "bdt_t2_bomb_zone_08_aaa_point_02": {
      "objLayer": 0,
      "props": [],
      "tm": [
        [0.99966,0.0,-0.0260085],
        [0.0,1.0,0.0],
        [0.0260085,0.0,0.99966],
        [-6208.99,123.548,-13279.9]
      ],
      "type": "Point"
    },
    "bdt_t2_bomb_zone_08_aaa_point_03": {
      "objLayer": 0,
      "props": [],
      "tm": [
        [0.99966,0.0,-0.0260085],
        [0.0,1.0,0.0],
        [0.0260085,0.0,0.99966],
        [-5895.89,124.322,-12826.2]
      ],
      "type": "Point"
    },
    "bdt_t2_bomb_zone_08_aaa_point_04": {
      "objLayer": 0,
      "props": [],
      "tm": [
        [0.99966,0.0,-0.0260085],
        [0.0,1.0,0.0],
        [0.0260085,0.0,0.99966],
        [-6203.83,123.775,-13013.8]
      ],
      "type": "Point"
    },
    "bdt_t2_bomb_zone_09": {
      "objLayer": 0,
      "props": [],
      "tm": [
        [400.777,0.0,204.639],
        [0.0,450.0,0.0],
        [-204.639,0.0,400.777],
        [-806.35,84.0833,-15606.8]
      ],
      "type": "Sphere"
    },
    "bdt_t2_bomb_zone_09_aaa_point_01": {
      "objLayer": 0,
      "props": [],
      "tm": [
        [0.99966,0.0,-0.0260085],
        [0.0,1.0,0.0],
        [0.0260085,0.0,0.99966],
        [-616.11,82.3091,-15873.9]
      ],
      "type": "Point"
    },
    "bdt_t2_bomb_zone_09_aaa_point_02": {
      "objLayer": 0,
      "props": [],
      "tm": [
        [0.99966,0.0,-0.0260085],
        [0.0,1.0,0.0],
        [0.0260085,0.0,0.99966],
        [-1032.37,77.3988,-15496.3]
      ],
      "type": "Point"
    },
    "bdt_t2_bomb_zone_09_aaa_point_03": {
      "objLayer": 0,
      "props": [],
      "tm": [
        [0.99966,0.0,-0.0260085],
        [0.0,1.0,0.0],
        [0.0260085,0.0,0.99966],
        [-629.42,81.4325,-15236.1]
      ],
      "type": "Point"
    },
    "bdt_t2_bomb_zone_09_aaa_point_04": {
      "objLayer": 0,
      "props": [],
      "tm": [
        [0.99966,0.0,-0.0260085],
        [0.0,1.0,0.0],
        [0.0260085,0.0,0.99966],
        [-930.46,79.7986,-15892.8]
      ],
      "type": "Point"
    },
    "bdt_t2_bomb_zone_10": {
      "objLayer": 0,
      "props": [],
      "tm": [
        [400.777,0.0,204.639],
        [0.0,450.0,0.0],
        [-204.639,0.0,400.777],
        [-1934.17,79.9463,-17225.8]
      ],
      "type": "Sphere"
    },
    "bdt_t2_bomb_zone_10_aaa_point_01": {
      "objLayer": 0,
      "props": [],
      "tm": [
        [0.99966,0.0,-0.0260085],
        [0.0,1.0,0.0],
        [0.0260085,0.0,0.99966],
        [-2332.53,99.2593,-17460.1]
      ],
      "type": "Point"
    },
    "bdt_t2_bomb_zone_10_aaa_point_02": {
      "objLayer": 0,
      "props": [],
      "tm": [
        [0.99966,0.0,-0.0260085],
        [0.0,1.0,0.0],
        [0.0260085,0.0,0.99966],
        [-1624.14,90.7003,-17108.5]
      ],
      "type": "Point"
    },
    "bdt_t2_bomb_zone_10_aaa_point_03": {
      "objLayer": 0,
      "props": [],
      "tm": [
        [0.99966,0.0,-0.0260085],
        [0.0,1.0,0.0],
        [0.0260085,0.0,0.99966],
        [-2085.31,85.5543,-17543.6]
      ],
      "type": "Point"
    },
    "bdt_t2_bomb_zone_10_aaa_point_04": {
      "objLayer": 0,
      "props": [],
      "tm": [
        [0.99966,0.0,-0.0260085],
        [0.0,1.0,0.0],
        [0.0260085,0.0,0.99966],
        [-2217.52,86.8973,-17211.9]
      ],
      "type": "Point"
    },
    "small_bomb_zones_area_7000": {
      "objLayer": 3,
      "props": [],
      "tm": [
        [0.00488281,0.0,14000.0],
        [0.0,14000.0,0.0],
        [-14000.0,0.0,0.00488281],
        [1570.0,722.2,-8493.5]
      ],
      "type": "Sphere"
    },
    "small_bomb_zones_area_9000": {
      "objLayer": 3,
      "props": [],
      "tm": [
        [0.000976562,0.0,18000.0],
        [0.0,18000.0,0.0],
        [-18000.0,0.0,0.000976562],
        [1570.0,697.406,-8493.5]
      ],
      "type": "Sphere"
    }
  },
  "bin_dump_file": "",
  "dialogs": [],
  "effects": [],
  "imports": [],
  "mission_objectives": {
    "isCategory": true,
    "is_enabled": true
  },
  "mission_settings": {
    "mission": {
      "environment": "Day",
      "level": "levels/air_smolensk.bin",
      "optionalTakeOff": false,
      "restoreType": "attempts",
      "type": "domination",
      "weather": "hazy"
    },
    "player": {
      "army": 1
    },
    "player_teamB": {
      "army": 2
    }
  },
  "objLayers": [
    {
      "layer": {
        "enabled": true
      }
    },
    {
      "layer": {
        "enabled": true
      }
    },
    {
      "layer": {
        "enabled": true
      }
    },
    {
      "layer": {
        "enabled": false
      }
    },
    {
      "layer": {
        "enabled": false
      }
    }
  ],
  "selected_tag": "",
  "triggers": {
    "isCategory": true,
    "is_enabled": true
  },
  "units": [
    {
      "objectGroups": {
        "name": "bdt_t2_bomb_object_01",
        "objLayer": 2,
        "props": {
          "active": false,
          "army": 2
        },
        "tm": [
          [0.74526,0.0,-0.666771],
          [0.0,1.0,0.0],
          [0.666771,0.0,0.74526],
          [-4295.64,175.754,-4213.62]
        ],
        "unit_class": "dynBase_hq_camp_square"
      }
    },
    {
      "objectGroups": {
        "name": "bdt_t2_bomb_object_02",
        "objLayer": 2,
        "props": {
          "active": false,
          "army": 2
        },
        "tm": [
          [0.208753,0.0,-0.977971],
          [0.0,1.0,0.0],
          [0.977971,0.0,0.208753],
          [-5237.67,128.926,-10451.2]
        ],
        "unit_class": "dynBase_fuel_storage_square"
      }
    },
    {
      "objectGroups": {
        "name": "bdt_t2_bomb_object_03",
        "objLayer": 2,
        "props": {
          "active": false,
          "army": 2
        },
        "tm": [
          [0.890617,0.0,0.45476],
          [0.0,1.0,0.0],
          [-0.45476,0.0,0.890617],
          [-3341.82,81.4941,-13011.6]
        ],
        "unit_class": "dynBase_oil_storage_small_square"
      }
    },
    {
      "objectGroups": {
        "name": "bdt_t1_bomb_object_01",
        "objLayer": 2,
        "props": {
          "active": false,
          "army": 1
        },
        "tm": [
          [0.95949,0.0,-0.281741],
          [0.0,1.0,0.0],
          [0.281741,0.0,0.95949],
          [7220.04,113.065,-675.4]
        ],
        "unit_class": "dynBase_fuel_storage_square"
      }
    },
    {
      "objectGroups": {
        "name": "bdt_t1_bomb_object_02",
        "objLayer": 2,
        "props": {
          "active": false,
          "army": 1
        },
        "tm": [
          [0.897751,0.0,0.440501],
          [0.0,1.0,0.0],
          [-0.440501,0.0,0.897751],
          [6190.26,79.9813,-3244.7]
        ],
        "unit_class": "dynBase_small_factory_square"
      }
    },
    {
      "objectGroups": {
        "name": "bdt_t1_bomb_object_03",
        "objLayer": 2,
        "props": {
          "active": false,
          "army": 1
        },
        "tm": [
          [0.8468,0.0,0.53191],
          [0.0,1.0,0.0],
          [-0.53191,0.0,0.8468],
          [8492.09,112.625,-10944.1]
        ],
        "unit_class": "dynBase_oil_storage_small_square"
      }
    },
    {
      "objectGroups": {
        "name": "bdt_t2_bomb_object_04",
        "objLayer": 2,
        "props": {
          "active": false,
          "army": 2
        },
        "tm": [
          [0.992928,0.0,-0.118719],
          [0.0,1.0,0.0],
          [0.118719,0.0,0.992928],
          [-6795.16,189.155,-4443.21]
        ],
        "unit_class": "dynBase_small_factory_square"
      }
    },
    {
      "objectGroups": {
        "name": "bdt_t1_bomb_object_04",
        "objLayer": 2,
        "props": {
          "active": false,
          "army": 1
        },
        "tm": [
          [0.97941,0.0,0.201883],
          [0.0,1.0,0.0],
          [-0.201883,0.0,0.97941],
          [6405.66,191.223,-13603.5]
        ],
        "unit_class": "dynBase_field_camp_square"
      }
    },
    {
      "objectGroups": {
        "name": "bdt_t1_bomb_object_05",
        "objLayer": 2,
        "props": {
          "active": false,
          "army": 1
        },
        "tm": [
          [0.97941,0.0,0.201883],
          [0.0,1.0,0.0],
          [-0.201883,0.0,0.97941],
          [3678.67,126.324,-16012.1]
        ],
        "unit_class": "dynBase_military_base_square"
      }
    },
    {
      "objectGroups": {
        "name": "bdt_t1_bomb_object_06",
        "objLayer": 2,
        "props": {
          "active": false,
          "army": 1
        },
        "tm": [
          [0.97941,0.0,0.201883],
          [0.0,1.0,0.0],
          [-0.201883,0.0,0.97941],
          [9263.96,176.706,-13252.7]
        ],
        "unit_class": "dynBase_oil_storage_large_square"
      }
    },
    {
      "objectGroups": {
        "name": "bdt_t1_bomb_object_07",
        "objLayer": 2,
        "props": {
          "active": false,
          "army": 1
        },
        "tm": [
          [0.97941,0.0,0.201883],
          [0.0,1.0,0.0],
          [-0.201883,0.0,0.97941],
          [5659.4,134.234,-16873.9]
        ],
        "unit_class": "dynBase_oil_storage_large_square"
      }
    },
    {
      "objectGroups": {
        "name": "bdt_t1_bomb_object_08",
        "objLayer": 2,
        "props": {
          "active": false,
          "army": 1
        },
        "tm": [
          [0.95949,0.0,-0.281741],
          [0.0,1.0,0.0],
          [0.281741,0.0,0.95949],
          [4071.96,93.8374,-1893.9]
        ],
        "unit_class": "dynBase_small_factory_square"
      }
    },
    {
      "objectGroups": {
        "name": "bdt_t1_bomb_object_09",
        "objLayer": 2,
        "props": {
          "active": false,
          "army": 1
        },
        "tm": [
          [0.95949,0.0,-0.281741],
          [0.0,1.0,0.0],
          [0.281741,0.0,0.95949],
          [7925.83,144.795,-5871.64]
        ],
        "unit_class": "dynBase_petrol_camp_square"
      }
    },
    {
      "objectGroups": {
        "name": "bdt_t1_bomb_object_10",
        "objLayer": 2,
        "props": {
          "active": false,
          "army": 1
        },
        "tm": [
          [0.95949,0.0,-0.281741],
          [0.0,1.0,0.0],
          [0.281741,0.0,0.95949],
          [8905.62,147.225,-2967.2]
        ],
        "unit_class": "dynBase_petrol_camp_square"
      }
    },
    {
      "objectGroups": {
        "name": "bdt_t2_bomb_object_05",
        "objLayer": 2,
        "props": {
          "active": false,
          "army": 2
        },
        "tm": [
          [0.992928,0.0,-0.118719],
          [0.0,1.0,0.0],
          [0.118719,0.0,0.992928],
          [-4133.14,114.732,-1077.87]
        ],
        "unit_class": "dynBase_petrol_camp_square"
      }
    },
    {
      "objectGroups": {
        "name": "bdt_t2_bomb_object_06",
        "objLayer": 2,
        "props": {
          "active": false,
          "army": 2
        },
        "tm": [
          [0.932518,0.0,0.361126],
          [0.0,1.0,0.0],
          [-0.361126,0.0,0.932518],
          [-1030.37,131.123,-1892.0]
        ],
        "unit_class": "dynBase_military_base_square"
      }
    },
    {
      "objectGroups": {
        "name": "bdt_t2_bomb_object_07",
        "objLayer": 2,
        "props": {
          "active": false,
          "army": 2
        },
        "tm": [
          [0.992928,0.0,-0.118719],
          [0.0,1.0,0.0],
          [0.118719,0.0,0.992928],
          [-5491.83,204.714,-6614.37]
        ],
        "unit_class": "dynBase_fuel_storage_square"
      }
    },
    {
      "objectGroups": {
        "name": "bdt_t2_bomb_object_08",
        "objLayer": 2,
        "props": {
          "active": false,
          "army": 2
        },
        "tm": [
          [0.890617,0.0,0.45476],
          [0.0,1.0,0.0],
          [-0.45476,0.0,0.890617],
          [-5888.08,125.468,-13161.4]
        ],
        "unit_class": "dynBase_ammunition_storage_square"
      }
    },
    {
      "objectGroups": {
        "name": "bdt_t2_bomb_object_09",
        "objLayer": 2,
        "props": {
          "active": false,
          "army": 2
        },
        "tm": [
          [0.890617,0.0,0.45476],
          [0.0,1.0,0.0],
          [-0.45476,0.0,0.890617],
          [-797.77,65.3932,-15611.8]
        ],
        "unit_class": "dynBase_field_camp_square"
      }
    },
    {
      "objectGroups": {
        "name": "bdt_t2_bomb_object_10",
        "objLayer": 2,
        "props": {
          "active": false,
          "army": 2
        },
        "tm": [
          [0.890617,0.0,0.45476],
          [0.0,1.0,0.0],
          [-0.45476,0.0,0.890617],
          [-1925.79,75.1683,-17230.6]
        ],
        "unit_class": "dynBase_oil_storage_small_square"
      }
    }
  ],
  "variables": [],
  "wayPoints": []
}