{
  "airfields": [
    []
  ],
  "areas": [
    {
      "at_area": [
        {
          "objLayer": [
            0
          ],
          "props": [
            []
          ],
          "tm": [
            [
              [13340.5,0.0,-8833.55],
              [0.0,16000.0,0.0],
              [8833.55,0.0,13340.5],
              [-4718.0,2500.0,9866.2]
            ]
          ],
          "type": [
            "Sphere"
          ]
        }
      ],
      "at_t1_spawn_01_01": [
        {
          "objLayer": [
            0
          ],
          "props": [
            []
          ],
          "tm": [
            [
              [-0.570876,0.0,-0.821038],
              [0.0,1.0,0.0],
              [0.821038,0.0,-0.570876],
              [1289.73,2499.99,15164.2]
            ]
          ],
          "type": [
            "Point"
          ]
        }
      ],
      "at_t1_spawn_01_02": [
        {
          "objLayer": [
            0
          ],
          "props": [
            []
          ],
          "tm": [
            [
              [-0.570876,0.0,-0.821038],
              [0.0,1.0,0.0],
              [0.821038,0.0,-0.570876],
              [-2178.1,2499.99,17452.3]
            ]
          ],
          "type": [
            "Point"
          ]
        }
      ],
      "at_t1_spawn_02_01": [
        {
          "objLayer": [
            0
          ],
          "props": [
            []
          ],
          "tm": [
            [
              [-0.570876,0.0,-0.821038],
              [0.0,1.0,0.0],
              [0.821038,0.0,-0.570876],
              [-4166.0,2499.99,17844.2]
            ]
          ],
          "type": [
            "Point"
          ]
        }
      ],
      "at_t1_spawn_02_02": [
        {
          "objLayer": [
            0
          ],
          "props": [
            []
          ],
          "tm": [
            [
              [-0.570876,0.0,-0.821038],
              [0.0,1.0,0.0],
              [0.821038,0.0,-0.570876],
              [2394.54,2499.99,13526.3]
            ]
          ],
          "type": [
            "Point"
          ]
        }
      ],
      "at_t2_spawn_01_01": [
        {
          "objLayer": [
            0
          ],
          "props": [
            []
          ],
          "tm": [
            [
              [0.570876,0.0,0.821038],
              [0.0,1.0,0.0],
              [-0.821038,0.0,0.570876],
              [-7246.2,2500.0,2279.67]
            ]
          ],
          "type": [
            "Point"
          ]
        }
      ],
      "at_t2_spawn_01_02": [
        {
          "objLayer": [
            0
          ],
          "props": [
            []
          ],
          "tm": [
            [
              [0.570876,0.0,0.821038],
              [0.0,1.0,0.0],
              [-0.821038,0.0,0.570876],
              [-10707.8,2500.0,4564.27]
            ]
          ],
          "type": [
            "Point"
          ]
        }
      ],
      "at_t2_spawn_02_01": [
        {
          "objLayer": [
            0
          ],
          "props": [
            []
          ],
          "tm": [
            [
              [0.570876,0.0,0.821038],
              [0.0,1.0,0.0],
              [-0.821038,0.0,0.570876],
              [-12095.4,2500.01,6385.4]
            ]
          ],
          "type": [
            "Point"
          ]
        }
      ],
      "at_t2_spawn_02_02": [
        {
          "objLayer": [
            0
          ],
          "props": [
            []
          ],
          "tm": [
            [
              [0.570876,0.0,0.821038],
              [0.0,1.0,0.0],
              [-0.821038,0.0,0.570876],
              [-5245.6,2500.0,1902.32]
            ]
          ],
          "type": [
            "Point"
          ]
        }
      ]
    }
  ],
  "bin_dump_file": [
    ""
  ],
  "dialogs": [
    []
  ],
  "effects": [
    []
  ],
  "imports": [
    {
      "import_record": [
        {
          "excludes": [
            []
          ],
          "file": [
            "gameData/missions/templates/air_templates/gs/assaults_gs_template.blk"
          ],
          "importAreas": [
            true
          ],
          "importMissionObjectives": [
            true
          ],
          "importTriggers": [
            true
          ],
          "importUnits": [
            true
          ],
          "importWayPoints": [
            true
          ],
          "showAreas": [
            true
          ],
          "showMissionObjectives": [
            true
          ],
          "showTriggers": [
            true
          ],
          "showUnits": [
            true
          ],
          "showWayPoints": [
            true
          ]
        }
      ]
    }
  ],
  "mission_objectives": [
    {
      "isCategory": [
        true
      ],
      "is_enabled": [
        true
      ]
    }
  ],
  "mission_settings": [
    {
      "mission": [
        {
          "deathPenaltyMulRounds": [
            0.0
          ],
          "environment": [
            "Day"
          ],
          "level": [
            "levels/berlin.bin"
          ],
          "stars": [
            {
              "day": [
                2
              ],
              "latitude": [
                52.5
              ],
              "longitude": [
                13.0
              ],
              "month": [
                4
              ],
              "year": [
                1945
              ]
            }
          ],
          "type": [
            "domination"
          ],
          "weather": [
            "hazy"
          ]
        }
      ],
      "player": [
        {
          "army": [
            1
          ],
          "wing": [
            ""
          ]
        }
      ],
      "player_teamB": [
        {
          "army": [
            2
          ],
          "wing": [
            ""
          ]
        }
      ],
      "spectator_points": [
        []
      ]
    }
  ],
  "objLayers": [
    []
  ],
  "selected_tag": [
    ""
  ],
  "triggers": [
    {
      "isCategory": [
        true
      ],
      "is_enabled": [
        true
      ]
    }
  ],
  "units": [
    []
  ],
  "variables": [
    {
      "ai_assaults_saved": [
        0
      ],
      "ft_helicopters_pad_exclusive": [
        false
      ]
    }
  ],
  "wayPoints": [
    []
  ]
}