{
  "airfields": {},
  "areas": {
    "heli_4000": {
      "objLayer": 4,
      "props": {},
      "tm": [
        [2915.89,0.0,-7449.67],
        [0.0,8000.0,0.0],
        [7449.67,0.0,2915.89],
        [2436.14,8.05176,1090.13]
      ],
      "type": "Sphere"
    }
  },
  "bin_dump_file": "",
  "dialogs": {},
  "effects": {},
  "imports": {},
  "mission_objectives": {
    "isCategory": true,
    "is_enabled": true
  },
  "mission_settings": {
    "mission": {
      "environment": "Day",
      "level": "levels/water.bin",
      "type": "singleMission",
      "weather": "hazy"
    },
    "player": {
      "army": 1
    },
    "player_teamB": {
      "army": 2
    }
  },
  "objLayers": {
    "layer": [
      {
        "enabled": true
      },
      {
        "enabled": true
      },
      {
        "enabled": true
      },
      {
        "enabled": true
      },
      {
        "enabled": true
      }
    ]
  },
  "selected_tag": "",
  "triggers": {
    "isCategory": true,
    "is_enabled": true
  },
  "units": {
    "air_defence": [
      {
        "bullets0": "",
        "bullets1": "",
        "bullets2": "",
        "bullets3": "",
        "bulletsCount0": 0,
        "bulletsCount1": 0,
        "bulletsCount2": 0,
        "bulletsCount3": 0,
        "closed_waypoints": false,
        "crewSkillK": 0.0,
        "isShipSpline": false,
        "name": "t2_helipad_defence_01",
        "objLayer": 1,
        "props": {
          "army": 2,
          "attack_type": "fire_at_will",
          "count": 1,
          "formation_div": 3,
          "formation_noise": [0.1,0.1],
          "formation_step": [2.5,2.0],
          "formation_type": "rows",
          "uniqueName": ""
        },
        "shipTurnRadius": 100.0,
        "tm": [
          [-0.461021,0.0,0.887389],
          [0.0,1.0,0.0],
          [-0.887389,0.0,-0.461021],
          [3991.13,90.4119,-3402.51]
        ],
        "unit_class": "germ_20mm_flak38_longrange_helipad",
        "way": {},
        "weapons": ""
      },
      {
        "bullets0": "",
        "bullets1": "",
        "bullets2": "",
        "bullets3": "",
        "bulletsCount0": 0,
        "bulletsCount1": 0,
        "bulletsCount2": 0,
        "bulletsCount3": 0,
        "closed_waypoints": false,
        "crewSkillK": 0.0,
        "isShipSpline": false,
        "name": "t2_helipad_defence_02",
        "objLayer": 1,
        "props": {
          "army": 2,
          "attack_type": "fire_at_will",
          "count": 1,
          "formation_div": 3,
          "formation_noise": [0.1,0.1],
          "formation_step": [2.5,2.0],
          "formation_type": "rows",
          "uniqueName": ""
        },
        "shipTurnRadius": 100.0,
        "tm": [
          [-0.461021,0.0,0.887389],
          [0.0,1.0,0.0],
          [-0.887389,0.0,-0.461021],
          [3694.21,76.4342,-3094.34]
        ],
        "unit_class": "germ_20mm_flak38_longrange_helipad",
        "way": {},
        "weapons": ""
      },
      {
        "bullets0": "",
        "bullets1": "",
        "bullets2": "",
        "bullets3": "",
        "bulletsCount0": 0,
        "bulletsCount1": 0,
        "bulletsCount2": 0,
        "bulletsCount3": 0,
        "closed_waypoints": false,
        "crewSkillK": 0.0,
        "isShipSpline": false,
        "name": "t2_helipad_defence_03",
        "objLayer": 1,
        "props": {
          "army": 2,
          "attack_type": "fire_at_will",
          "count": 1,
          "formation_div": 3,
          "formation_noise": [0.1,0.1],
          "formation_step": [2.5,2.0],
          "formation_type": "rows",
          "uniqueName": ""
        },
        "shipTurnRadius": 100.0,
        "tm": [
          [-0.461021,0.0,0.887389],
          [0.0,1.0,0.0],
          [-0.887389,0.0,-0.461021],
          [4020.35,80.0283,-2878.92]
        ],
        "unit_class": "germ_20mm_flak38_helipad",
        "way": {},
        "weapons": ""
      },
      {
        "bullets0": "",
        "bullets1": "",
        "bullets2": "",
        "bullets3": "",
        "bulletsCount0": 0,
        "bulletsCount1": 0,
        "bulletsCount2": 0,
        "bulletsCount3": 0,
        "closed_waypoints": false,
        "crewSkillK": 0.0,
        "isShipSpline": false,
        "name": "t2_helipad_defence_04",
        "objLayer": 1,
        "props": {
          "army": 2,
          "attack_type": "fire_at_will",
          "count": 1,
          "formation_div": 3,
          "formation_noise": [0.1,0.1],
          "formation_step": [2.5,2.0],
          "formation_type": "rows",
          "uniqueName": ""
        },
        "shipTurnRadius": 100.0,
        "tm": [
          [-0.461021,0.0,0.887389],
          [0.0,1.0,0.0],
          [-0.887389,0.0,-0.461021],
          [4284.03,73.428,-3191.03]
        ],
        "unit_class": "germ_20mm_flak38_helipad",
        "way": {},
        "weapons": ""
      },
      {
        "bullets0": "",
        "bullets1": "",
        "bullets2": "",
        "bullets3": "",
        "bulletsCount0": 0,
        "bulletsCount1": 0,
        "bulletsCount2": 0,
        "bulletsCount3": 0,
        "closed_waypoints": false,
        "crewSkillK": 0.0,
        "isShipSpline": false,
        "name": "t1_helipad_defence_01",
        "objLayer": 1,
        "props": {
          "army": 1,
          "attack_type": "fire_at_will",
          "count": 1,
          "formation_div": 3,
          "formation_noise": [0.1,0.1],
          "formation_step": [2.5,2.0],
          "formation_type": "rows",
          "uniqueName": ""
        },
        "shipTurnRadius": 100.0,
        "tm": [
          [0.552015,0.0,-0.833834],
          [0.0,1.0,0.0],
          [0.833834,0.0,0.552015],
          [743.95,56.2,5088.85]
        ],
        "unit_class": "germ_20mm_flak38_longrange_helipad",
        "way": {},
        "weapons": ""
      },
      {
        "bullets0": "",
        "bullets1": "",
        "bullets2": "",
        "bullets3": "",
        "bulletsCount0": 0,
        "bulletsCount1": 0,
        "bulletsCount2": 0,
        "bulletsCount3": 0,
        "closed_waypoints": false,
        "crewSkillK": 0.0,
        "isShipSpline": false,
        "name": "t1_helipad_defence_02",
        "objLayer": 1,
        "props": {
          "army": 1,
          "attack_type": "fire_at_will",
          "count": 1,
          "formation_div": 3,
          "formation_noise": [0.1,0.1],
          "formation_step": [2.5,2.0],
          "formation_type": "rows",
          "uniqueName": ""
        },
        "shipTurnRadius": 100.0,
        "tm": [
          [0.552015,0.0,-0.833834],
          [0.0,1.0,0.0],
          [0.833834,0.0,0.552015],
          [621.45,56.6,5559.9]
        ],
        "unit_class": "germ_20mm_flak38_longrange_helipad",
        "way": {},
        "weapons": ""
      },
      {
        "bullets0": "",
        "bullets1": "",
        "bullets2": "",
        "bullets3": "",
        "bulletsCount0": 0,
        "bulletsCount1": 0,
        "bulletsCount2": 0,
        "bulletsCount3": 0,
        "closed_waypoints": false,
        "crewSkillK": 0.0,
        "isShipSpline": false,
        "name": "t1_helipad_defence_03",
        "objLayer": 1,
        "props": {
          "army": 1,
          "attack_type": "fire_at_will",
          "count": 1,
          "formation_div": 3,
          "formation_noise": [0.1,0.1],
          "formation_step": [2.5,2.0],
          "formation_type": "rows",
          "uniqueName": ""
        },
        "shipTurnRadius": 100.0,
        "tm": [
          [0.552015,0.0,-0.833834],
          [0.0,1.0,0.0],
          [0.833834,0.0,0.552015],
          [942.942,54.4279,5635.19]
        ],
        "unit_class": "germ_20mm_flak38_helipad",
        "way": {},
        "weapons": ""
      },
      {
        "bullets0": "",
        "bullets1": "",
        "bullets2": "",
        "bullets3": "",
        "bulletsCount0": 0,
        "bulletsCount1": 0,
        "bulletsCount2": 0,
        "bulletsCount3": 0,
        "closed_waypoints": false,
        "crewSkillK": 0.0,
        "isShipSpline": false,
        "name": "t1_helipad_defence_04",
        "objLayer": 1,
        "props": {
          "army": 1,
          "attack_type": "fire_at_will",
          "count": 1,
          "formation_div": 3,
          "formation_noise": [0.1,0.1],
          "formation_step": [2.5,2.0],
          "formation_type": "rows",
          "uniqueName": ""
        },
        "shipTurnRadius": 100.0,
        "tm": [
          [0.552015,0.0,-0.833834],
          [0.0,1.0,0.0],
          [0.833834,0.0,0.552015],
          [1080.8,59.7732,5193.78]
        ],
        "unit_class": "germ_20mm_flak38_helipad",
        "way": {},
        "weapons": ""
      }
    ],
    "objectGroups": [
      {
        "name": "t1_helipad",
        "objLayer": 2,
        "props": {
          "active": true,
          "army": 1,
          "isDelayed": true
        },
        "tm": [
          [-0.164978,0.0,0.986298],
          [0.0,1.0,0.0],
          [-0.986298,0.0,-0.164978],
          [883.383,54.2715,5370.02]
        ],
        "unit_class": "dynHelipad_beton_a_ussr"
      },
      {
        "name": "t1_helipad_farspawn",
        "objLayer": 2,
        "props": {
          "active": true,
          "army": 1,
          "isDelayed": true
        },
        "tm": [
          [-0.176574,0.0,0.984287],
          [0.0,1.0,0.0],
          [-0.984287,0.0,-0.176574],
          [202.7,64.9,10141.9]
        ],
        "unit_class": "dynHelipad_beton_b_ussr"
      },
      {
        "name": "t2_helipad",
        "objLayer": 2,
        "props": {
          "active": true,
          "army": 2,
          "isDelayed": true
        },
        "tm": [
          [0.290631,0.0,-0.956836],
          [0.0,1.0,0.0],
          [0.956836,0.0,0.290631],
          [4038.59,76.2004,-3134.43]
        ],
        "unit_class": "dynHelipad_beton_a_usa"
      },
      {
        "name": "t2_helipad_farspawn",
        "objLayer": 2,
        "props": {
          "active": true,
          "army": 2,
          "isDelayed": true
        },
        "tm": [
          [0.201782,0.0,-0.979431],
          [0.0,1.0,0.0],
          [0.979431,0.0,0.201782],
          [4214.4,61.3653,-8093.05]
        ],
        "unit_class": "dynHelipad_beton_b_usa"
      }
    ],
    "squad": [
      {
        "name": "t2_helipad_aaa_squad",
        "props": {
          "object_marking": 0,
          "squad_members": [
            "t2_helipad_defence_04",
            "t2_helipad_defence_03",
            "t2_helipad_defence_02",
            "t2_helipad_defence_01"
          ]
        },
        "tm": [
          [1.0,0.0,0.0],
          [0.0,1.0,0.0],
          [0.0,0.0,1.0],
          [4036.67,87.3537,-3139.92]
        ]
      },
      {
        "name": "t1_helipad_aaa_squad",
        "props": {
          "object_marking": 0,
          "squad_members": [
            "t1_helipad_defence_01",
            "t1_helipad_defence_02",
            "t1_helipad_defence_03",
            "t1_helipad_defence_04"
          ]
        },
        "tm": [
          [1.0,0.0,0.0],
          [0.0,1.0,0.0],
          [0.0,0.0,1.0],
          [878.06,65.2853,5357.74]
        ]
      }
    ]
  },
  "variables": {},
  "wayPoints": {}
}