{
  "airfields": [],
  "areas": {
    "t1_end": {
      "objLayer": 0,
      "props": [],
      "tm": [
        [166.968,0.0,-12.028],
        [0.0,167.4,0.0],
        [12.028,0.0,166.968],
        [-7870.46,0.0,3807.07]
      ],
      "type": "Sphere"
    },
    "t1_start": {
      "objLayer": 0,
      "props": [],
      "tm": [
        [166.822,0.0,-13.9069],
        [0.0,167.4,0.0],
        [13.9069,0.0,166.822],
        [-10887.8,0.0,3933.59]
      ],
      "type": "Sphere"
    },
    "t1_waterfield": {
      "objLayer": 0,
      "props": [],
      "tm": [
        [2998.08,0.0,-107.307],
        [0.0,296.7,0.0],
        [14.3073,0.0,399.744],
        [-9379.52,-6.10352e-05,3837.92]
      ],
      "type": "Box"
    },
    "t2_end": {
      "objLayer": 0,
      "props": [],
      "tm": [
        [-166.291,0.0,19.2328],
        [0.0,167.4,0.0],
        [-19.2328,0.0,-166.291],
        [9468.26,-0.00146484,925.945]
      ],
      "type": "Sphere"
    },
    "t2_start": {
      "objLayer": 0,
      "props": [],
      "tm": [
        [-167.152,0.0,9.09045],
        [0.0,167.4,0.0],
        [-9.09045,0.0,-167.152],
        [12460.1,-0.00146484,703.164]
      ],
      "type": "Sphere"
    },
    "t2_waterfield": {
      "objLayer": 0,
      "props": [],
      "tm": [
        [2993.4,0.0,-198.834],
        [0.0,296.7,0.0],
        [26.5111,0.0,399.12],
        [10966.2,-0.00152588,822.46]
      ],
      "type": "Box"
    }
  },
  "bin_dump_file": "",
  "dialogs": [],
  "effects": [],
  "imports": {
    "import_record": {
      "excludes": [],
      "file": "gameData/missions/templates/navy_templates/air_spawn_template.blk",
      "importAreas": true,
      "importMissionObjectives": true,
      "importTriggers": true,
      "importUnits": true,
      "importWayPoints": true,
      "showAreas": true,
      "showMissionObjectives": true,
      "showTriggers": true,
      "showUnits": true,
      "showWayPoints": true
    }
  },
  "mission_objectives": {
    "isCategory": true,
    "is_enabled": true
  },
  "mission_settings": {
    "mission": {
      "environment": "Day",
      "level": "levels/water.bin",
      "optionalTakeOff": false,
      "restoreType": "attempts",
      "type": "singleMission",
      "weather": "hazy"
    },
    "player": {
      "army": 1
    },
    "player_teamB": {
      "army": 2
    },
    "spectator_points": []
  },
  "objLayers": [
    {
      "layer": {
        "enabled": true
      }
    },
    {
      "layer": {
        "enabled": true
      }
    },
    {
      "layer": {
        "enabled": true
      }
    },
    {
      "layer": {
        "enabled": false
      }
    }
  ],
  "selected_tag": "",
  "triggers": {
    "isCategory": true,
    "is_enabled": true
  },
  "units": [
    {
      "air_defence": {
        "bullets0": "",
        "bullets1": "",
        "bullets2": "",
        "bullets3": "",
        "bulletsCount0": 0,
        "bulletsCount1": 0,
        "bulletsCount2": 0,
        "bulletsCount3": 0,
        "closed_waypoints": false,
        "isShipSpline": false,
        "name": "t1_airfield_aaa01",
        "objLayer": 1,
        "props": {
          "army": 1,
          "attack_type": "fire_at_will",
          "count": 1,
          "formation_div": 3,
          "formation_noise": [0.1,0.1],
          "formation_step": [2.5,2.0],
          "formation_type": "rows",
          "uniqueName": ""
        },
        "shipTurnRadius": 100.0,
        "tm": [
          [-0.177353,0.0,-0.984147],
          [0.0,1.0,0.0],
          [0.984147,0.0,-0.177353],
          [-7832.83,4.32702,4818.59]
        ],
        "unit_class": "ussr_37mm_61k_airfield",
        "way": [],
        "weapons": ""
      }
    },
    {
      "air_defence": {
        "bullets0": "",
        "bullets1": "",
        "bullets2": "",
        "bullets3": "",
        "bulletsCount0": 0,
        "bulletsCount1": 0,
        "bulletsCount2": 0,
        "bulletsCount3": 0,
        "closed_waypoints": false,
        "isShipSpline": false,
        "name": "t1_airfield_aaa02",
        "objLayer": 1,
        "props": {
          "army": 1,
          "attack_type": "fire_at_will",
          "count": 1,
          "formation_div": 3,
          "formation_noise": [0.1,0.1],
          "formation_step": [2.5,2.0],
          "formation_type": "rows",
          "uniqueName": ""
        },
        "shipTurnRadius": 100.0,
        "tm": [
          [-0.177353,0.0,-0.984147],
          [0.0,1.0,0.0],
          [0.984147,0.0,-0.177353],
          [-7750.54,4.41264,5276.12]
        ],
        "unit_class": "ussr_37mm_61k_airfield",
        "way": [],
        "weapons": ""
      }
    },
    {
      "air_defence": {
        "bullets0": "",
        "bullets1": "",
        "bullets2": "",
        "bullets3": "",
        "bulletsCount0": 0,
        "bulletsCount1": 0,
        "bulletsCount2": 0,
        "bulletsCount3": 0,
        "closed_waypoints": false,
        "isShipSpline": false,
        "name": "t1_airfield_aaa03",
        "objLayer": 1,
        "props": {
          "army": 1,
          "attack_type": "fire_at_will",
          "count": 1,
          "formation_div": 3,
          "formation_noise": [0.1,0.1],
          "formation_step": [2.5,2.0],
          "formation_type": "rows",
          "uniqueName": ""
        },
        "shipTurnRadius": 100.0,
        "tm": [
          [-0.177353,0.0,-0.984147],
          [0.0,1.0,0.0],
          [0.984147,0.0,-0.177353],
          [-7559.47,4.14843,5191.67]
        ],
        "unit_class": "ussr_37mm_61k_airfield",
        "way": [],
        "weapons": ""
      }
    },
    {
      "air_defence": {
        "bullets0": "",
        "bullets1": "",
        "bullets2": "",
        "bullets3": "",
        "bulletsCount0": 0,
        "bulletsCount1": 0,
        "bulletsCount2": 0,
        "bulletsCount3": 0,
        "closed_waypoints": false,
        "isShipSpline": false,
        "name": "t1_airfield_aaa04",
        "objLayer": 1,
        "props": {
          "army": 1,
          "attack_type": "fire_at_will",
          "count": 1,
          "formation_div": 3,
          "formation_noise": [0.1,0.1],
          "formation_step": [2.5,2.0],
          "formation_type": "rows",
          "uniqueName": ""
        },
        "shipTurnRadius": 100.0,
        "tm": [
          [-0.177353,0.0,-0.984147],
          [0.0,1.0,0.0],
          [0.984147,0.0,-0.177353],
          [-7224.37,4.20762,4993.63]
        ],
        "unit_class": "ussr_37mm_61k_airfield",
        "way": [],
        "weapons": ""
      }
    },
    {
      "air_defence": {
        "bullets0": "",
        "bullets1": "",
        "bullets2": "",
        "bullets3": "",
        "bulletsCount0": 0,
        "bulletsCount1": 0,
        "bulletsCount2": 0,
        "bulletsCount3": 0,
        "closed_waypoints": false,
        "isShipSpline": false,
        "name": "t1_airfield_aaa05",
        "objLayer": 1,
        "props": {
          "army": 1,
          "attack_type": "fire_at_will",
          "count": 1,
          "formation_div": 3,
          "formation_noise": [0.1,0.1],
          "formation_step": [2.5,2.0],
          "formation_type": "rows",
          "uniqueName": ""
        },
        "shipTurnRadius": 100.0,
        "tm": [
          [-0.177353,0.0,-0.984147],
          [0.0,1.0,0.0],
          [0.984147,0.0,-0.177353],
          [-7945.71,4.49843,5350.04]
        ],
        "unit_class": "ussr_37mm_61k_airfield",
        "way": [],
        "weapons": ""
      }
    },
    {
      "air_defence": {
        "bullets0": "",
        "bullets1": "",
        "bullets2": "",
        "bullets3": "",
        "bulletsCount0": 0,
        "bulletsCount1": 0,
        "bulletsCount2": 0,
        "bulletsCount3": 0,
        "closed_waypoints": false,
        "isShipSpline": false,
        "name": "t1_airfield_aaa06",
        "objLayer": 1,
        "props": {
          "army": 1,
          "attack_type": "fire_at_will",
          "count": 1,
          "formation_div": 3,
          "formation_noise": [0.1,0.1],
          "formation_step": [2.5,2.0],
          "formation_type": "rows",
          "uniqueName": ""
        },
        "shipTurnRadius": 100.0,
        "tm": [
          [-0.177353,0.0,-0.984147],
          [0.0,1.0,0.0],
          [0.984147,0.0,-0.177353],
          [-7493.48,4.3335,4715.93]
        ],
        "unit_class": "ussr_37mm_61k_airfield",
        "way": [],
        "weapons": ""
      }
    },
    {
      "air_defence": {
        "bullets0": "",
        "bullets1": "",
        "bullets2": "",
        "bullets3": "",
        "bulletsCount0": 0,
        "bulletsCount1": 0,
        "bulletsCount2": 0,
        "bulletsCount3": 0,
        "closed_waypoints": false,
        "isShipSpline": false,
        "name": "t1_airfield_aaa07",
        "objLayer": 1,
        "props": {
          "army": 1,
          "attack_type": "fire_at_will",
          "count": 1,
          "formation_div": 3,
          "formation_noise": [0.1,0.1],
          "formation_step": [2.5,2.0],
          "formation_type": "rows",
          "uniqueName": ""
        },
        "shipTurnRadius": 100.0,
        "tm": [
          [-0.177353,0.0,-0.984147],
          [0.0,1.0,0.0],
          [0.984147,0.0,-0.177353],
          [-7263.37,4.4073,4456.72]
        ],
        "unit_class": "ussr_37mm_61k_airfield",
        "way": [],
        "weapons": ""
      }
    },
    {
      "air_defence": {
        "bullets0": "",
        "bullets1": "",
        "bullets2": "",
        "bullets3": "",
        "bulletsCount0": 0,
        "bulletsCount1": 0,
        "bulletsCount2": 0,
        "bulletsCount3": 0,
        "closed_waypoints": false,
        "isShipSpline": false,
        "name": "t1_airfield_aaa08",
        "objLayer": 1,
        "props": {
          "army": 1,
          "attack_type": "fire_at_will",
          "count": 1,
          "formation_div": 3,
          "formation_noise": [0.1,0.1],
          "formation_step": [2.5,2.0],
          "formation_type": "rows",
          "uniqueName": ""
        },
        "shipTurnRadius": 100.0,
        "tm": [
          [-0.177353,0.0,-0.984147],
          [0.0,1.0,0.0],
          [0.984147,0.0,-0.177353],
          [-8192.83,4.49054,4963.84]
        ],
        "unit_class": "ussr_37mm_61k_airfield",
        "way": [],
        "weapons": ""
      }
    },
    {
      "air_defence": {
        "bullets0": "",
        "bullets1": "",
        "bullets2": "",
        "bullets3": "",
        "bulletsCount0": 0,
        "bulletsCount1": 0,
        "bulletsCount2": 0,
        "bulletsCount3": 0,
        "closed_waypoints": false,
        "isShipSpline": false,
        "name": "t1_airfield_aaa09",
        "objLayer": 1,
        "props": {
          "army": 1,
          "attack_type": "fire_at_will",
          "count": 1,
          "formation_div": 3,
          "formation_noise": [0.1,0.1],
          "formation_step": [2.5,2.0],
          "formation_type": "rows",
          "uniqueName": ""
        },
        "shipTurnRadius": 100.0,
        "tm": [
          [-0.177353,0.0,-0.984147],
          [0.0,1.0,0.0],
          [0.984147,0.0,-0.177353],
          [-7597.72,4.37068,4633.98]
        ],
        "unit_class": "ussr_37mm_61k_airfield",
        "way": [],
        "weapons": ""
      }
    },
    {
      "air_defence": {
        "bullets0": "",
        "bullets1": "",
        "bullets2": "",
        "bullets3": "",
        "bulletsCount0": 0,
        "bulletsCount1": 0,
        "bulletsCount2": 0,
        "bulletsCount3": 0,
        "closed_waypoints": false,
        "isShipSpline": false,
        "name": "t1_airfield_aaa10",
        "objLayer": 1,
        "props": {
          "army": 1,
          "attack_type": "fire_at_will",
          "count": 1,
          "formation_div": 3,
          "formation_noise": [0.1,0.1],
          "formation_step": [2.5,2.0],
          "formation_type": "rows",
          "uniqueName": ""
        },
        "shipTurnRadius": 100.0,
        "tm": [
          [-0.177353,0.0,-0.984147],
          [0.0,1.0,0.0],
          [0.984147,0.0,-0.177353],
          [-7082.15,4.25334,4863.83]
        ],
        "unit_class": "ussr_37mm_61k_airfield",
        "way": [],
        "weapons": ""
      }
    },
    {
      "air_defence": {
        "bullets0": "",
        "bullets1": "",
        "bullets2": "",
        "bullets3": "",
        "bulletsCount0": 0,
        "bulletsCount1": 0,
        "bulletsCount2": 0,
        "bulletsCount3": 0,
        "closed_waypoints": false,
        "isShipSpline": false,
        "name": "t2_airfield_aaa01",
        "objLayer": 1,
        "props": {
          "army": 2,
          "attack_type": "fire_at_will",
          "count": 1,
          "formation_div": 3,
          "formation_noise": [0.1,0.1],
          "formation_step": [2.5,2.0],
          "formation_type": "rows",
          "uniqueName": ""
        },
        "shipTurnRadius": 100.0,
        "tm": [
          [0.725963,0.0,-0.687734],
          [0.0,1.0,0.0],
          [0.687734,0.0,0.725963],
          [11864.1,1.0119,-644.269]
        ],
        "unit_class": "germ_37mm_flak43_airfield",
        "way": [],
        "weapons": ""
      }
    },
    {
      "air_defence": {
        "bullets0": "",
        "bullets1": "",
        "bullets2": "",
        "bullets3": "",
        "bulletsCount0": 0,
        "bulletsCount1": 0,
        "bulletsCount2": 0,
        "bulletsCount3": 0,
        "closed_waypoints": false,
        "isShipSpline": false,
        "name": "t2_airfield_aaa02",
        "objLayer": 1,
        "props": {
          "army": 2,
          "attack_type": "fire_at_will",
          "count": 1,
          "formation_div": 3,
          "formation_noise": [0.1,0.1],
          "formation_step": [2.5,2.0],
          "formation_type": "rows",
          "uniqueName": ""
        },
        "shipTurnRadius": 100.0,
        "tm": [
          [0.725963,0.0,-0.687734],
          [0.0,1.0,0.0],
          [0.687734,0.0,0.725963],
          [12108.7,1.10162,-1983.64]
        ],
        "unit_class": "germ_37mm_flak43_airfield",
        "way": [],
        "weapons": ""
      }
    },
    {
      "air_defence": {
        "bullets0": "",
        "bullets1": "",
        "bullets2": "",
        "bullets3": "",
        "bulletsCount0": 0,
        "bulletsCount1": 0,
        "bulletsCount2": 0,
        "bulletsCount3": 0,
        "closed_waypoints": false,
        "isShipSpline": false,
        "name": "t2_airfield_aaa03",
        "objLayer": 1,
        "props": {
          "army": 2,
          "attack_type": "fire_at_will",
          "count": 1,
          "formation_div": 3,
          "formation_noise": [0.1,0.1],
          "formation_step": [2.5,2.0],
          "formation_type": "rows",
          "uniqueName": ""
        },
        "shipTurnRadius": 100.0,
        "tm": [
          [0.725963,0.0,-0.687734],
          [0.0,1.0,0.0],
          [0.687734,0.0,0.725963],
          [11309.4,0.839905,-1409.83]
        ],
        "unit_class": "germ_37mm_flak43_airfield",
        "way": [],
        "weapons": ""
      }
    },
    {
      "air_defence": {
        "bullets0": "",
        "bullets1": "",
        "bullets2": "",
        "bullets3": "",
        "bulletsCount0": 0,
        "bulletsCount1": 0,
        "bulletsCount2": 0,
        "bulletsCount3": 0,
        "closed_waypoints": false,
        "isShipSpline": false,
        "name": "t2_airfield_aaa04",
        "objLayer": 1,
        "props": {
          "army": 2,
          "attack_type": "fire_at_will",
          "count": 1,
          "formation_div": 3,
          "formation_noise": [0.1,0.1],
          "formation_step": [2.5,2.0],
          "formation_type": "rows",
          "uniqueName": ""
        },
        "shipTurnRadius": 100.0,
        "tm": [
          [0.725963,0.0,-0.687734],
          [0.0,1.0,0.0],
          [0.687734,0.0,0.725963],
          [11775.5,0.931793,-1671.52]
        ],
        "unit_class": "germ_37mm_flak43_airfield",
        "way": [],
        "weapons": ""
      }
    },
    {
      "air_defence": {
        "bullets0": "",
        "bullets1": "",
        "bullets2": "",
        "bullets3": "",
        "bulletsCount0": 0,
        "bulletsCount1": 0,
        "bulletsCount2": 0,
        "bulletsCount3": 0,
        "closed_waypoints": false,
        "isShipSpline": false,
        "name": "t2_airfield_aaa05",
        "objLayer": 1,
        "props": {
          "army": 2,
          "attack_type": "fire_at_will",
          "count": 1,
          "formation_div": 3,
          "formation_noise": [0.1,0.1],
          "formation_step": [2.5,2.0],
          "formation_type": "rows",
          "uniqueName": ""
        },
        "shipTurnRadius": 100.0,
        "tm": [
          [0.725963,0.0,-0.687734],
          [0.0,1.0,0.0],
          [0.687734,0.0,0.725963],
          [12085.4,0.756104,-895.518]
        ],
        "unit_class": "germ_37mm_flak43_airfield",
        "way": [],
        "weapons": ""
      }
    },
    {
      "air_defence": {
        "bullets0": "",
        "bullets1": "",
        "bullets2": "",
        "bullets3": "",
        "bulletsCount0": 0,
        "bulletsCount1": 0,
        "bulletsCount2": 0,
        "bulletsCount3": 0,
        "closed_waypoints": false,
        "isShipSpline": false,
        "name": "t2_airfield_aaa06",
        "objLayer": 1,
        "props": {
          "army": 2,
          "attack_type": "fire_at_will",
          "count": 1,
          "formation_div": 3,
          "formation_noise": [0.1,0.1],
          "formation_step": [2.5,2.0],
          "formation_type": "rows",
          "uniqueName": ""
        },
        "shipTurnRadius": 100.0,
        "tm": [
          [0.725963,0.0,-0.687734],
          [0.0,1.0,0.0],
          [0.687734,0.0,0.725963],
          [12446.0,1.01755,-1482.85]
        ],
        "unit_class": "germ_37mm_flak43_airfield",
        "way": [],
        "weapons": ""
      }
    },
    {
      "air_defence": {
        "bullets0": "",
        "bullets1": "",
        "bullets2": "",
        "bullets3": "",
        "bulletsCount0": 0,
        "bulletsCount1": 0,
        "bulletsCount2": 0,
        "bulletsCount3": 0,
        "closed_waypoints": false,
        "isShipSpline": false,
        "name": "t2_airfield_aaa07",
        "objLayer": 1,
        "props": {
          "army": 2,
          "attack_type": "fire_at_will",
          "count": 1,
          "formation_div": 3,
          "formation_noise": [0.1,0.1],
          "formation_step": [2.5,2.0],
          "formation_type": "rows",
          "uniqueName": ""
        },
        "shipTurnRadius": 100.0,
        "tm": [
          [0.725963,0.0,-0.687734],
          [0.0,1.0,0.0],
          [0.687734,0.0,0.725963],
          [11447.3,1.31424,-405.155]
        ],
        "unit_class": "germ_37mm_flak43_airfield",
        "way": [],
        "weapons": ""
      }
    },
    {
      "air_defence": {
        "bullets0": "",
        "bullets1": "",
        "bullets2": "",
        "bullets3": "",
        "bulletsCount0": 0,
        "bulletsCount1": 0,
        "bulletsCount2": 0,
        "bulletsCount3": 0,
        "closed_waypoints": false,
        "isShipSpline": false,
        "name": "t2_airfield_aaa08",
        "objLayer": 1,
        "props": {
          "army": 2,
          "attack_type": "fire_at_will",
          "count": 1,
          "formation_div": 3,
          "formation_noise": [0.1,0.1],
          "formation_step": [2.5,2.0],
          "formation_type": "rows",
          "uniqueName": ""
        },
        "shipTurnRadius": 100.0,
        "tm": [
          [0.725963,0.0,-0.687734],
          [0.0,1.0,0.0],
          [0.687734,0.0,0.725963],
          [11529.8,0.963959,-1574.6]
        ],
        "unit_class": "germ_37mm_flak43_airfield",
        "way": [],
        "weapons": ""
      }
    },
    {
      "air_defence": {
        "bullets0": "",
        "bullets1": "",
        "bullets2": "",
        "bullets3": "",
        "bulletsCount0": 0,
        "bulletsCount1": 0,
        "bulletsCount2": 0,
        "bulletsCount3": 0,
        "closed_waypoints": false,
        "isShipSpline": false,
        "name": "t2_airfield_aaa09",
        "objLayer": 1,
        "props": {
          "army": 2,
          "attack_type": "fire_at_will",
          "count": 1,
          "formation_div": 3,
          "formation_noise": [0.1,0.1],
          "formation_step": [2.5,2.0],
          "formation_type": "rows",
          "uniqueName": ""
        },
        "shipTurnRadius": 100.0,
        "tm": [
          [0.725963,0.0,-0.687734],
          [0.0,1.0,0.0],
          [0.687734,0.0,0.725963],
          [12356.0,0.930786,-2024.46]
        ],
        "unit_class": "germ_37mm_flak43_airfield",
        "way": [],
        "weapons": ""
      }
    },
    {
      "air_defence": {
        "bullets0": "",
        "bullets1": "",
        "bullets2": "",
        "bullets3": "",
        "bulletsCount0": 0,
        "bulletsCount1": 0,
        "bulletsCount2": 0,
        "bulletsCount3": 0,
        "closed_waypoints": false,
        "isShipSpline": false,
        "name": "t2_airfield_aaa10",
        "objLayer": 1,
        "props": {
          "army": 2,
          "attack_type": "fire_at_will",
          "count": 1,
          "formation_div": 3,
          "formation_noise": [0.1,0.1],
          "formation_step": [2.5,2.0],
          "formation_type": "rows",
          "uniqueName": ""
        },
        "shipTurnRadius": 100.0,
        "tm": [
          [0.725963,0.0,-0.687734],
          [0.0,1.0,0.0],
          [0.687734,0.0,0.725963],
          [12168.1,0.72995,-1282.28]
        ],
        "unit_class": "germ_37mm_flak43_airfield",
        "way": [],
        "weapons": ""
      }
    },
    {
      "squad": {
        "name": "t1_airfield_aaa_squad",
        "props": [
          {
            "squad_members": "t1_airfield_aaa01"
          },
          {
            "squad_members": "t1_airfield_aaa02"
          },
          {
            "squad_members": "t1_airfield_aaa03"
          },
          {
            "squad_members": "t1_airfield_aaa04"
          },
          {
            "squad_members": "t1_airfield_aaa05"
          },
          {
            "squad_members": "t1_airfield_aaa06"
          },
          {
            "squad_members": "t1_airfield_aaa07"
          },
          {
            "squad_members": "t1_airfield_aaa08"
          },
          {
            "squad_members": "t1_airfield_aaa09"
          },
          {
            "squad_members": "t1_airfield_aaa10"
          }
        ],
        "tm": [
          [0.998729,0.0,-0.0504077],
          [0.0,1.0,0.0],
          [0.0504077,0.0,0.998729],
          [-6823.63,-10.1275,5802.0]
        ]
      }
    },
    {
      "squad": {
        "name": "t2_airfield_aaa_squad",
        "props": [
          {
            "squad_members": "t2_airfield_aaa01"
          },
          {
            "squad_members": "t2_airfield_aaa02"
          },
          {
            "squad_members": "t2_airfield_aaa03"
          },
          {
            "squad_members": "t2_airfield_aaa04"
          },
          {
            "squad_members": "t2_airfield_aaa05"
          },
          {
            "squad_members": "t2_airfield_aaa06"
          },
          {
            "squad_members": "t2_airfield_aaa07"
          },
          {
            "squad_members": "t2_airfield_aaa08"
          },
          {
            "squad_members": "t2_airfield_aaa09"
          },
          {
            "squad_members": "t2_airfield_aaa10"
          }
        ],
        "tm": [
          [0.725963,0.0,-0.687734],
          [0.0,1.0,0.0],
          [0.687734,0.0,0.725963],
          [12031.1,-39.5005,-3783.46]
        ]
      }
    },
    {
      "objectGroups": {
        "name": "t1_airfield",
        "objLayer": 2,
        "props": {
          "active": true,
          "army": 1
        },
        "tm": [
          [-0.880619,0.0,0.473826],
          [0.0,1.0,0.0],
          [-0.473826,0.0,-0.880619],
          [-7487.75,19.4995,4943.28]
        ],
        "unit_class": "dynAF_sicily_ally"
      }
    },
    {
      "objectGroups": {
        "name": "t2_airfield",
        "objLayer": 2,
        "props": {
          "active": true,
          "army": 2
        },
        "tm": [
          [0.742146,0.0,-0.670239],
          [0.0,1.0,0.0],
          [0.670239,0.0,0.742146],
          [11623.3,25.0176,-960.65]
        ],
        "unit_class": "dynAF_sicily_ally"
      }
    }
  ],
  "variables": [],
  "wayPoints": []
}