{
  "airfields": [
    []
  ],
  "areas": [
    {
      "bdt_t1_bomb_zone_01": [
        {
          "objLayer": [
            0
          ],
          "props": [
            []
          ],
          "tm": [
            [
              [-181.34,0.0,-411.844],
              [0.0,450.0,0.0],
              [411.844,0.0,-181.34],
              [-13392.2,277.955,-3421.11]
            ]
          ],
          "type": [
            "Sphere"
          ]
        }
      ],
      "bdt_t1_bomb_zone_01_aaa_point_01": [
        {
          "objLayer": [
            0
          ],
          "props": [
            []
          ],
          "tm": [
            [
              [0.177017,0.0,-0.984208],
              [0.0,1.0,0.0],
              [0.984208,0.0,0.177017],
              [-13338.4,281.337,-3669.95]
            ]
          ],
          "type": [
            "Point"
          ]
        }
      ],
      "bdt_t1_bomb_zone_01_aaa_point_02": [
        {
          "objLayer": [
            0
          ],
          "props": [
            []
          ],
          "tm": [
            [
              [0.177017,0.0,-0.984208],
              [0.0,1.0,0.0],
              [0.984208,0.0,0.177017],
              [-13375.7,275.284,-3168.49]
            ]
          ],
          "type": [
            "Point"
          ]
        }
      ],
      "bdt_t1_bomb_zone_01_aaa_point_03": [
        {
          "objLayer": [
            0
          ],
          "props": [
            []
          ],
          "tm": [
            [
              [0.177017,0.0,-0.984208],
              [0.0,1.0,0.0],
              [0.984208,0.0,0.177017],
              [-13625.2,290.816,-3433.42]
            ]
          ],
          "type": [
            "Point"
          ]
        }
      ],
      "bdt_t1_bomb_zone_01_aaa_point_04": [
        {
          "objLayer": [
            0
          ],
          "props": [
            []
          ],
          "tm": [
            [
              [0.177017,0.0,-0.984208],
              [0.0,1.0,0.0],
              [0.984208,0.0,0.177017],
              [-13539.8,284.054,-3221.44]
            ]
          ],
          "type": [
            "Point"
          ]
        }
      ],
      "bdt_t1_bomb_zone_02": [
        {
          "objLayer": [
            0
          ],
          "props": [
            []
          ],
          "tm": [
            [
              [48.8787,0.0,-447.337],
              [0.0,450.0,0.0],
              [447.337,0.0,48.8787],
              [-10399.4,338.865,3651.94]
            ]
          ],
          "type": [
            "Sphere"
          ]
        }
      ],
      "bdt_t1_bomb_zone_02_aaa_point_01": [
        {
          "objLayer": [
            0
          ],
          "props": [
            []
          ],
          "tm": [
            [
              [0.177017,0.0,-0.984208],
              [0.0,1.0,0.0],
              [0.984208,0.0,0.177017],
              [-10185.1,336.606,3486.92]
            ]
          ],
          "type": [
            "Point"
          ]
        }
      ],
      "bdt_t1_bomb_zone_02_aaa_point_02": [
        {
          "objLayer": [
            0
          ],
          "props": [
            []
          ],
          "tm": [
            [
              [0.177017,0.0,-0.984208],
              [0.0,1.0,0.0],
              [0.984208,0.0,0.177017],
              [-10164.5,406.167,3776.39]
            ]
          ],
          "type": [
            "Point"
          ]
        }
      ],
      "bdt_t1_bomb_zone_02_aaa_point_03": [
        {
          "objLayer": [
            0
          ],
          "props": [
            []
          ],
          "tm": [
            [
              [0.177017,0.0,-0.984208],
              [0.0,1.0,0.0],
              [0.984208,0.0,0.177017],
              [-10849.6,367.289,3636.21]
            ]
          ],
          "type": [
            "Point"
          ]
        }
      ],
      "bdt_t1_bomb_zone_02_aaa_point_04": [
        {
          "objLayer": [
            0
          ],
          "props": [
            []
          ],
          "tm": [
            [
              [0.177017,0.0,-0.984208],
              [0.0,1.0,0.0],
              [0.984208,0.0,0.177017],
              [-10421.6,414.939,3980.31]
            ]
          ],
          "type": [
            "Point"
          ]
        }
      ],
      "bdt_t1_bomb_zone_03": [
        {
          "objLayer": [
            0
          ],
          "props": [
            []
          ],
          "tm": [
            [
              [18.5948,0.0,-449.615],
              [0.0,450.0,0.0],
              [449.615,0.0,18.5948],
              [-21769.0,90.2837,-771.587]
            ]
          ],
          "type": [
            "Sphere"
          ]
        }
      ],
      "bdt_t1_bomb_zone_03_aaa_point_01": [
        {
          "objLayer": [
            0
          ],
          "props": [
            []
          ],
          "tm": [
            [
              [0.0667674,0.0,-0.997769],
              [0.0,1.0,0.0],
              [0.997769,0.0,0.0667674],
              [-22013.8,94.6547,-585.209]
            ]
          ],
          "type": [
            "Point"
          ]
        }
      ],
      "bdt_t1_bomb_zone_03_aaa_point_02": [
        {
          "objLayer": [
            0
          ],
          "props": [
            []
          ],
          "tm": [
            [
              [0.0667674,0.0,-0.997769],
              [0.0,1.0,0.0],
              [0.997769,0.0,0.0667674],
              [-21567.7,87.3367,-906.222]
            ]
          ],
          "type": [
            "Point"
          ]
        }
      ],
      "bdt_t1_bomb_zone_03_aaa_point_03": [
        {
          "objLayer": [
            0
          ],
          "props": [
            []
          ],
          "tm": [
            [
              [0.0667674,0.0,-0.997769],
              [0.0,1.0,0.0],
              [0.997769,0.0,0.0667674],
              [-21519.2,94.1037,-630.503]
            ]
          ],
          "type": [
            "Point"
          ]
        }
      ],
      "bdt_t1_bomb_zone_03_aaa_point_04": [
        {
          "objLayer": [
            0
          ],
          "props": [
            []
          ],
          "tm": [
            [
              [0.0667674,0.0,-0.997769],
              [0.0,1.0,0.0],
              [0.997769,0.0,0.0667674],
              [-21934.4,91.8977,-973.306]
            ]
          ],
          "type": [
            "Point"
          ]
        }
      ],
      "bdt_t1_bomb_zone_04": [
        {
          "objLayer": [
            0
          ],
          "props": [
            []
          ],
          "tm": [
            [
              [18.5948,0.0,-449.615],
              [0.0,450.0,0.0],
              [449.615,0.0,18.5948],
              [-27024.3,89.5469,5756.87]
            ]
          ],
          "type": [
            "Sphere"
          ]
        }
      ],
      "bdt_t1_bomb_zone_04_aaa_point_01": [
        {
          "objLayer": [
            0
          ],
          "props": [
            []
          ],
          "tm": [
            [
              [0.0667674,0.0,-0.997769],
              [0.0,1.0,0.0],
              [0.997769,0.0,0.0667674],
              [-27138.9,91.7369,5461.49]
            ]
          ],
          "type": [
            "Point"
          ]
        }
      ],
      "bdt_t1_bomb_zone_04_aaa_point_02": [
        {
          "objLayer": [
            0
          ],
          "props": [
            []
          ],
          "tm": [
            [
              [0.0667674,0.0,-0.997769],
              [0.0,1.0,0.0],
              [0.997769,0.0,0.0667674],
              [-26841.5,89.6639,5582.43]
            ]
          ],
          "type": [
            "Point"
          ]
        }
      ],
      "bdt_t1_bomb_zone_04_aaa_point_03": [
        {
          "objLayer": [
            0
          ],
          "props": [
            []
          ],
          "tm": [
            [
              [0.0667674,0.0,-0.997769],
              [0.0,1.0,0.0],
              [0.997769,0.0,0.0667674],
              [-27315.0,90.5919,5743.46]
            ]
          ],
          "type": [
            "Point"
          ]
        }
      ],
      "bdt_t1_bomb_zone_04_aaa_point_04": [
        {
          "objLayer": [
            0
          ],
          "props": [
            []
          ],
          "tm": [
            [
              [0.0667674,0.0,-0.997769],
              [0.0,1.0,0.0],
              [0.997769,0.0,0.0667674],
              [-26763.2,89.0049,5930.98]
            ]
          ],
          "type": [
            "Point"
          ]
        }
      ],
      "bdt_t1_bomb_zone_05": [
        {
          "objLayer": [
            0
          ],
          "props": [
            []
          ],
          "tm": [
            [
              [18.5948,0.0,-449.615],
              [0.0,450.0,0.0],
              [449.615,0.0,18.5948],
              [-25288.9,68.3177,2462.34]
            ]
          ],
          "type": [
            "Sphere"
          ]
        }
      ],
      "bdt_t1_bomb_zone_05_aaa_point_01": [
        {
          "objLayer": [
            0
          ],
          "props": [
            []
          ],
          "tm": [
            [
              [0.0667674,0.0,-0.997769],
              [0.0,1.0,0.0],
              [0.997769,0.0,0.0667674],
              [-25284.4,68.5757,2736.34]
            ]
          ],
          "type": [
            "Point"
          ]
        }
      ],
      "bdt_t1_bomb_zone_05_aaa_point_02": [
        {
          "objLayer": [
            0
          ],
          "props": [
            []
          ],
          "tm": [
            [
              [0.0667674,0.0,-0.997769],
              [0.0,1.0,0.0],
              [0.997769,0.0,0.0667674],
              [-25389.3,67.6747,2581.02]
            ]
          ],
          "type": [
            "Point"
          ]
        }
      ],
      "bdt_t1_bomb_zone_05_aaa_point_03": [
        {
          "objLayer": [
            0
          ],
          "props": [
            []
          ],
          "tm": [
            [
              [0.0667674,0.0,-0.997769],
              [0.0,1.0,0.0],
              [0.997769,0.0,0.0667674],
              [-25304.6,68.8846,2175.04]
            ]
          ],
          "type": [
            "Point"
          ]
        }
      ],
      "bdt_t1_bomb_zone_05_aaa_point_04": [
        {
          "objLayer": [
            0
          ],
          "props": [
            []
          ],
          "tm": [
            [
              [0.0667674,0.0,-0.997769],
              [0.0,1.0,0.0],
              [0.997769,0.0,0.0667674],
              [-25089.6,69.5866,2269.2]
            ]
          ],
          "type": [
            "Point"
          ]
        }
      ],
      "bdt_t1_bomb_zone_06": [
        {
          "objLayer": [
            0
          ],
          "props": [
            []
          ],
          "tm": [
            [
              [18.5948,0.0,-449.615],
              [0.0,450.0,0.0],
              [449.615,0.0,18.5948],
              [-25091.8,69.9082,-2240.48]
            ]
          ],
          "type": [
            "Sphere"
          ]
        }
      ],
      "bdt_t1_bomb_zone_06_aaa_point_01": [
        {
          "objLayer": [
            0
          ],
          "props": [
            []
          ],
          "tm": [
            [
              [0.0667674,0.0,-0.997769],
              [0.0,1.0,0.0],
              [0.997769,0.0,0.0667674],
              [-25388.5,65.2002,-2079.93]
            ]
          ],
          "type": [
            "Point"
          ]
        }
      ],
      "bdt_t1_bomb_zone_06_aaa_point_02": [
        {
          "objLayer": [
            0
          ],
          "props": [
            []
          ],
          "tm": [
            [
              [0.0667674,0.0,-0.997769],
              [0.0,1.0,0.0],
              [0.997769,0.0,0.0667674],
              [-25174.3,67.4582,-1926.47]
            ]
          ],
          "type": [
            "Point"
          ]
        }
      ],
      "bdt_t1_bomb_zone_06_aaa_point_03": [
        {
          "objLayer": [
            0
          ],
          "props": [
            []
          ],
          "tm": [
            [
              [0.0667674,0.0,-0.997769],
              [0.0,1.0,0.0],
              [0.997769,0.0,0.0667674],
              [-24782.8,71.4332,-2229.96]
            ]
          ],
          "type": [
            "Point"
          ]
        }
      ],
      "bdt_t1_bomb_zone_06_aaa_point_04": [
        {
          "objLayer": [
            0
          ],
          "props": [
            []
          ],
          "tm": [
            [
              [0.0667674,0.0,-0.997769],
              [0.0,1.0,0.0],
              [0.997769,0.0,0.0667674],
              [-25204.1,67.2072,-2516.18]
            ]
          ],
          "type": [
            "Point"
          ]
        }
      ],
      "bdt_t1_bomb_zone_07": [
        {
          "objLayer": [
            0
          ],
          "props": [
            []
          ],
          "tm": [
            [
              [18.5948,0.0,-449.615],
              [0.0,450.0,0.0],
              [449.615,0.0,18.5948],
              [-28146.7,37.2218,642.321]
            ]
          ],
          "type": [
            "Sphere"
          ]
        }
      ],
      "bdt_t1_bomb_zone_07_aaa_point_01": [
        {
          "objLayer": [
            0
          ],
          "props": [
            []
          ],
          "tm": [
            [
              [0.0667674,0.0,-0.997769],
              [0.0,1.0,0.0],
              [0.997769,0.0,0.0667674],
              [-27875.8,38.5238,510.645]
            ]
          ],
          "type": [
            "Point"
          ]
        }
      ],
      "bdt_t1_bomb_zone_07_aaa_point_02": [
        {
          "objLayer": [
            0
          ],
          "props": [
            []
          ],
          "tm": [
            [
              [0.0667674,0.0,-0.997769],
              [0.0,1.0,0.0],
              [0.997769,0.0,0.0667674],
              [-28458.5,31.2278,798.872]
            ]
          ],
          "type": [
            "Point"
          ]
        }
      ],
      "bdt_t1_bomb_zone_07_aaa_point_03": [
        {
          "objLayer": [
            0
          ],
          "props": [
            []
          ],
          "tm": [
            [
              [0.0667674,0.0,-0.997769],
              [0.0,1.0,0.0],
              [0.997769,0.0,0.0667674],
              [-28282.7,26.3648,334.936]
            ]
          ],
          "type": [
            "Point"
          ]
        }
      ],
      "bdt_t1_bomb_zone_07_aaa_point_04": [
        {
          "objLayer": [
            0
          ],
          "props": [
            []
          ],
          "tm": [
            [
              [0.0667674,0.0,-0.997769],
              [0.0,1.0,0.0],
              [0.997769,0.0,0.0667674],
              [-27807.7,35.7928,857.756]
            ]
          ],
          "type": [
            "Point"
          ]
        }
      ],
      "bdt_t1_bomb_zone_08": [
        {
          "objLayer": [
            0
          ],
          "props": [
            []
          ],
          "tm": [
            [
              [-181.34,0.0,-411.844],
              [0.0,450.0,0.0],
              [411.844,0.0,-181.34],
              [-12547.3,317.619,948.332]
            ]
          ],
          "type": [
            "Sphere"
          ]
        }
      ],
      "bdt_t1_bomb_zone_08_aaa_point_01": [
        {
          "objLayer": [
            0
          ],
          "props": [
            []
          ],
          "tm": [
            [
              [0.177017,0.0,-0.984208],
              [0.0,1.0,0.0],
              [0.984208,0.0,0.177017],
              [-12264.8,261.463,1077.87]
            ]
          ],
          "type": [
            "Point"
          ]
        }
      ],
      "bdt_t1_bomb_zone_08_aaa_point_02": [
        {
          "objLayer": [
            0
          ],
          "props": [
            []
          ],
          "tm": [
            [
              [0.177017,0.0,-0.984208],
              [0.0,1.0,0.0],
              [0.984208,0.0,0.177017],
              [-12709.0,318.822,1208.05]
            ]
          ],
          "type": [
            "Point"
          ]
        }
      ],
      "bdt_t1_bomb_zone_08_aaa_point_03": [
        {
          "objLayer": [
            0
          ],
          "props": [
            []
          ],
          "tm": [
            [
              [0.177017,0.0,-0.984208],
              [0.0,1.0,0.0],
              [0.984208,0.0,0.177017],
              [-12883.5,316.394,825.735]
            ]
          ],
          "type": [
            "Point"
          ]
        }
      ],
      "bdt_t1_bomb_zone_08_aaa_point_04": [
        {
          "objLayer": [
            0
          ],
          "props": [
            []
          ],
          "tm": [
            [
              [0.177017,0.0,-0.984208],
              [0.0,1.0,0.0],
              [0.984208,0.0,0.177017],
              [-12493.4,319.51,681.575]
            ]
          ],
          "type": [
            "Point"
          ]
        }
      ],
      "bdt_t1_bomb_zone_09": [
        {
          "objLayer": [
            0
          ],
          "props": [
            []
          ],
          "tm": [
            [
              [-181.34,0.0,-411.844],
              [0.0,450.0,0.0],
              [411.844,0.0,-181.34],
              [-17237.4,217.474,-1290.65]
            ]
          ],
          "type": [
            "Sphere"
          ]
        }
      ],
      "bdt_t1_bomb_zone_09_aaa_point_01": [
        {
          "objLayer": [
            0
          ],
          "props": [
            []
          ],
          "tm": [
            [
              [0.177017,0.0,-0.984208],
              [0.0,1.0,0.0],
              [0.984208,0.0,0.177017],
              [-17233.0,217.165,-842.688]
            ]
          ],
          "type": [
            "Point"
          ]
        }
      ],
      "bdt_t1_bomb_zone_09_aaa_point_02": [
        {
          "objLayer": [
            0
          ],
          "props": [
            []
          ],
          "tm": [
            [
              [0.177017,0.0,-0.984208],
              [0.0,1.0,0.0],
              [0.984208,0.0,0.177017],
              [-17621.8,208.653,-1147.34]
            ]
          ],
          "type": [
            "Point"
          ]
        }
      ],
      "bdt_t1_bomb_zone_09_aaa_point_03": [
        {
          "objLayer": [
            0
          ],
          "props": [
            []
          ],
          "tm": [
            [
              [0.177017,0.0,-0.984208],
              [0.0,1.0,0.0],
              [0.984208,0.0,0.177017],
              [-16763.4,222.86,-1138.85]
            ]
          ],
          "type": [
            "Point"
          ]
        }
      ],
      "bdt_t1_bomb_zone_09_aaa_point_04": [
        {
          "objLayer": [
            0
          ],
          "props": [
            []
          ],
          "tm": [
            [
              [0.177017,0.0,-0.984208],
              [0.0,1.0,0.0],
              [0.984208,0.0,0.177017],
              [-17510.2,209.247,-1588.56]
            ]
          ],
          "type": [
            "Point"
          ]
        }
      ],
      "bdt_t1_bomb_zone_10": [
        {
          "objLayer": [
            0
          ],
          "props": [
            []
          ],
          "tm": [
            [
              [-181.34,0.0,-411.844],
              [0.0,450.0,0.0],
              [411.844,0.0,-181.34],
              [-9443.08,407.426,-30.7578]
            ]
          ],
          "type": [
            "Sphere"
          ]
        }
      ],
      "bdt_t1_bomb_zone_10_aaa_point_01": [
        {
          "objLayer": [
            0
          ],
          "props": [
            []
          ],
          "tm": [
            [
              [0.177017,0.0,-0.984208],
              [0.0,1.0,0.0],
              [0.984208,0.0,0.177017],
              [-9545.18,398.086,324.249]
            ]
          ],
          "type": [
            "Point"
          ]
        }
      ],
      "bdt_t1_bomb_zone_10_aaa_point_02": [
        {
          "objLayer": [
            0
          ],
          "props": [
            []
          ],
          "tm": [
            [
              [0.177017,0.0,-0.984208],
              [0.0,1.0,0.0],
              [0.984208,0.0,0.177017],
              [-9016.92,393.335,96.7461]
            ]
          ],
          "type": [
            "Point"
          ]
        }
      ],
      "bdt_t1_bomb_zone_10_aaa_point_03": [
        {
          "objLayer": [
            0
          ],
          "props": [
            []
          ],
          "tm": [
            [
              [0.177017,0.0,-0.984208],
              [0.0,1.0,0.0],
              [0.984208,0.0,0.177017],
              [-9694.55,384.38,-111.778]
            ]
          ],
          "type": [
            "Point"
          ]
        }
      ],
      "bdt_t1_bomb_zone_10_aaa_point_04": [
        {
          "objLayer": [
            0
          ],
          "props": [
            []
          ],
          "tm": [
            [
              [0.177017,0.0,-0.984208],
              [0.0,1.0,0.0],
              [0.984208,0.0,0.177017],
              [-9390.38,424.434,-347.093]
            ]
          ],
          "type": [
            "Point"
          ]
        }
      ],
      "bdt_t2_bomb_zone_01": [
        {
          "objLayer": [
            0
          ],
          "props": [
            []
          ],
          "tm": [
            [
              [-340.743,0.0,-293.93],
              [0.0,450.0,0.0],
              [293.93,0.0,-340.743],
              [-14718.9,373.549,16541.6]
            ]
          ],
          "type": [
            "Sphere"
          ]
        }
      ],
      "bdt_t2_bomb_zone_01_aaa_point_01": [
        {
          "objLayer": [
            0
          ],
          "props": [
            []
          ],
          "tm": [
            [
              [-0.263168,0.0,-0.964749],
              [0.0,1.0,0.0],
              [0.964749,0.0,-0.263168],
              [-14941.9,375.681,16574.6]
            ]
          ],
          "type": [
            "Point"
          ]
        }
      ],
      "bdt_t2_bomb_zone_01_aaa_point_02": [
        {
          "objLayer": [
            0
          ],
          "props": [
            []
          ],
          "tm": [
            [
              [-0.263168,0.0,-0.964749],
              [0.0,1.0,0.0],
              [0.964749,0.0,-0.263168],
              [-14433.7,375.307,16605.6]
            ]
          ],
          "type": [
            "Point"
          ]
        }
      ],
      "bdt_t2_bomb_zone_01_aaa_point_03": [
        {
          "objLayer": [
            0
          ],
          "props": [
            []
          ],
          "tm": [
            [
              [-0.263168,0.0,-0.964749],
              [0.0,1.0,0.0],
              [0.964749,0.0,-0.263168],
              [-14457.2,373.89,16489.0]
            ]
          ],
          "type": [
            "Point"
          ]
        }
      ],
      "bdt_t2_bomb_zone_01_aaa_point_04": [
        {
          "objLayer": [
            0
          ],
          "props": [
            []
          ],
          "tm": [
            [
              [-0.263168,0.0,-0.964749],
              [0.0,1.0,0.0],
              [0.964749,0.0,-0.263168],
              [-14535.8,370.152,16111.6]
            ]
          ],
          "type": [
            "Point"
          ]
        }
      ],
      "bdt_t2_bomb_zone_02": [
        {
          "objLayer": [
            0
          ],
          "props": [
            []
          ],
          "tm": [
            [
              [-306.042,0.0,-329.908],
              [0.0,450.0,0.0],
              [329.908,0.0,-306.042],
              [-23594.6,103.266,15186.6]
            ]
          ],
          "type": [
            "Sphere"
          ]
        }
      ],
      "bdt_t2_bomb_zone_02_aaa_point_01": [
        {
          "objLayer": [
            0
          ],
          "props": [
            []
          ],
          "tm": [
            [
              [-0.154545,0.0,-0.987984],
              [0.0,1.0,0.0],
              [0.987984,0.0,-0.154545],
              [-23711.5,100.626,15405.9]
            ]
          ],
          "type": [
            "Point"
          ]
        }
      ],
      "bdt_t2_bomb_zone_02_aaa_point_02": [
        {
          "objLayer": [
            0
          ],
          "props": [
            []
          ],
          "tm": [
            [
              [-0.154545,0.0,-0.987984],
              [0.0,1.0,0.0],
              [0.987984,0.0,-0.154545],
              [-23287.8,102.466,15072.6]
            ]
          ],
          "type": [
            "Point"
          ]
        }
      ],
      "bdt_t2_bomb_zone_02_aaa_point_03": [
        {
          "objLayer": [
            0
          ],
          "props": [
            []
          ],
          "tm": [
            [
              [-0.154545,0.0,-0.987984],
              [0.0,1.0,0.0],
              [0.987984,0.0,-0.154545],
              [-23446.7,106.276,15423.8]
            ]
          ],
          "type": [
            "Point"
          ]
        }
      ],
      "bdt_t2_bomb_zone_02_aaa_point_04": [
        {
          "objLayer": [
            0
          ],
          "props": [
            []
          ],
          "tm": [
            [
              [-0.154545,0.0,-0.987984],
              [0.0,1.0,0.0],
              [0.987984,0.0,-0.154545],
              [-23668.2,100.556,14969.2]
            ]
          ],
          "type": [
            "Point"
          ]
        }
      ],
      "bdt_t2_bomb_zone_03": [
        {
          "objLayer": [
            0
          ],
          "props": [
            []
          ],
          "tm": [
            [
              [151.316,0.0,-423.796],
              [0.0,450.0,0.0],
              [423.796,0.0,151.316],
              [-26038.1,62.1172,12463.9]
            ]
          ],
          "type": [
            "Sphere"
          ]
        }
      ],
      "bdt_t2_bomb_zone_03_aaa_point_01": [
        {
          "objLayer": [
            0
          ],
          "props": [
            []
          ],
          "tm": [
            [
              [-0.154545,0.0,-0.987984],
              [0.0,1.0,0.0],
              [0.987984,0.0,-0.154545],
              [-26336.1,64.9172,12461.0]
            ]
          ],
          "type": [
            "Point"
          ]
        }
      ],
      "bdt_t2_bomb_zone_03_aaa_point_02": [
        {
          "objLayer": [
            0
          ],
          "props": [
            []
          ],
          "tm": [
            [
              [-0.154545,0.0,-0.987984],
              [0.0,1.0,0.0],
              [0.987984,0.0,-0.154545],
              [-25787.4,58.8572,12313.0]
            ]
          ],
          "type": [
            "Point"
          ]
        }
      ],
      "bdt_t2_bomb_zone_03_aaa_point_03": [
        {
          "objLayer": [
            0
          ],
          "props": [
            []
          ],
          "tm": [
            [
              [-0.154545,0.0,-0.987984],
              [0.0,1.0,0.0],
              [0.987984,0.0,-0.154545],
              [-25757.8,59.2472,12618.9]
            ]
          ],
          "type": [
            "Point"
          ]
        }
      ],
      "bdt_t2_bomb_zone_03_aaa_point_04": [
        {
          "objLayer": [
            0
          ],
          "props": [
            []
          ],
          "tm": [
            [
              [-0.154545,0.0,-0.987984],
              [0.0,1.0,0.0],
              [0.987984,0.0,-0.154545],
              [-26251.7,64.7772,12674.4]
            ]
          ],
          "type": [
            "Point"
          ]
        }
      ],
      "bdt_t2_bomb_zone_04": [
        {
          "objLayer": [
            0
          ],
          "props": [
            []
          ],
          "tm": [
            [
              [-110.528,0.0,-436.213],
              [0.0,450.0,0.0],
              [436.213,0.0,-110.528],
              [-11111.0,473.185,17856.1]
            ]
          ],
          "type": [
            "Sphere"
          ]
        }
      ],
      "bdt_t2_bomb_zone_04_aaa_point_01": [
        {
          "objLayer": [
            0
          ],
          "props": [
            []
          ],
          "tm": [
            [
              [-0.263168,0.0,-0.964749],
              [0.0,1.0,0.0],
              [0.964749,0.0,-0.263168],
              [-10951.5,469.038,17564.6]
            ]
          ],
          "type": [
            "Point"
          ]
        }
      ],
      "bdt_t2_bomb_zone_04_aaa_point_02": [
        {
          "objLayer": [
            0
          ],
          "props": [
            []
          ],
          "tm": [
            [
              [-0.263168,0.0,-0.964749],
              [0.0,1.0,0.0],
              [0.964749,0.0,-0.263168],
              [-10851.8,468.799,18011.6]
            ]
          ],
          "type": [
            "Point"
          ]
        }
      ],
      "bdt_t2_bomb_zone_04_aaa_point_03": [
        {
          "objLayer": [
            0
          ],
          "props": [
            []
          ],
          "tm": [
            [
              [-0.263168,0.0,-0.964749],
              [0.0,1.0,0.0],
              [0.964749,0.0,-0.263168],
              [-11372.8,468.642,17805.6]
            ]
          ],
          "type": [
            "Point"
          ]
        }
      ],
      "bdt_t2_bomb_zone_04_aaa_point_04": [
        {
          "objLayer": [
            0
          ],
          "props": [
            []
          ],
          "tm": [
            [
              [-0.263168,0.0,-0.964749],
              [0.0,1.0,0.0],
              [0.964749,0.0,-0.263168],
              [-11283.2,428.897,18033.1]
            ]
          ],
          "type": [
            "Point"
          ]
        }
      ],
      "bdt_t2_bomb_zone_05": [
        {
          "objLayer": [
            0
          ],
          "props": [
            []
          ],
          "tm": [
            [
              [-110.528,0.0,-436.213],
              [0.0,450.0,0.0],
              [436.213,0.0,-110.528],
              [-8233.76,545.29,14780.3]
            ]
          ],
          "type": [
            "Sphere"
          ]
        }
      ],
      "bdt_t2_bomb_zone_05_aaa_point_01": [
        {
          "objLayer": [
            0
          ],
          "props": [
            []
          ],
          "tm": [
            [
              [-0.263168,0.0,-0.964749],
              [0.0,1.0,0.0],
              [0.964749,0.0,-0.263168],
              [-8536.55,544.984,14950.0]
            ]
          ],
          "type": [
            "Point"
          ]
        }
      ],
      "bdt_t2_bomb_zone_05_aaa_point_02": [
        {
          "objLayer": [
            0
          ],
          "props": [
            []
          ],
          "tm": [
            [
              [-0.263168,0.0,-0.964749],
              [0.0,1.0,0.0],
              [0.964749,0.0,-0.263168],
              [-8107.33,547.876,14426.9]
            ]
          ],
          "type": [
            "Point"
          ]
        }
      ],
      "bdt_t2_bomb_zone_05_aaa_point_03": [
        {
          "objLayer": [
            0
          ],
          "props": [
            []
          ],
          "tm": [
            [
              [-0.263168,0.0,-0.964749],
              [0.0,1.0,0.0],
              [0.964749,0.0,-0.263168],
              [-7959.23,547.018,14570.2]
            ]
          ],
          "type": [
            "Point"
          ]
        }
      ],
      "bdt_t2_bomb_zone_05_aaa_point_04": [
        {
          "objLayer": [
            0
          ],
          "props": [
            []
          ],
          "tm": [
            [
              [-0.263168,0.0,-0.964749],
              [0.0,1.0,0.0],
              [0.964749,0.0,-0.263168],
              [-8106.18,544.668,15080.6]
            ]
          ],
          "type": [
            "Point"
          ]
        }
      ],
      "bdt_t2_bomb_zone_06": [
        {
          "objLayer": [
            0
          ],
          "props": [
            []
          ],
          "tm": [
            [
              [107.106,0.0,-437.069],
              [0.0,450.0,0.0],
              [437.069,0.0,107.106],
              [-9157.43,523.53,10958.9]
            ]
          ],
          "type": [
            "Sphere"
          ]
        }
      ],
      "bdt_t2_bomb_zone_06_aaa_point_01": [
        {
          "objLayer": [
            0
          ],
          "props": [
            []
          ],
          "tm": [
            [
              [0.220351,0.0,-0.975423],
              [0.0,1.0,0.0],
              [0.975423,0.0,0.220351],
              [-9281.08,527.659,11280.0]
            ]
          ],
          "type": [
            "Point"
          ]
        }
      ],
      "bdt_t2_bomb_zone_06_aaa_point_02": [
        {
          "objLayer": [
            0
          ],
          "props": [
            []
          ],
          "tm": [
            [
              [0.220351,0.0,-0.975423],
              [0.0,1.0,0.0],
              [0.975423,0.0,0.220351],
              [-8807.76,521.769,10679.3]
            ]
          ],
          "type": [
            "Point"
          ]
        }
      ],
      "bdt_t2_bomb_zone_06_aaa_point_03": [
        {
          "objLayer": [
            0
          ],
          "props": [
            []
          ],
          "tm": [
            [
              [0.220351,0.0,-0.975423],
              [0.0,1.0,0.0],
              [0.975423,0.0,0.220351],
              [-9030.98,438.503,10516.8]
            ]
          ],
          "type": [
            "Point"
          ]
        }
      ],
      "bdt_t2_bomb_zone_06_aaa_point_04": [
        {
          "objLayer": [
            0
          ],
          "props": [
            []
          ],
          "tm": [
            [
              [0.220351,0.0,-0.975423],
              [0.0,1.0,0.0],
              [0.975423,0.0,0.220351],
              [-9571.29,521.382,10599.9]
            ]
          ],
          "type": [
            "Point"
          ]
        }
      ],
      "bdt_t2_bomb_zone_07": [
        {
          "objLayer": [
            0
          ],
          "props": [
            []
          ],
          "tm": [
            [
              [-110.528,0.0,-436.213],
              [0.0,450.0,0.0],
              [436.213,0.0,-110.528],
              [-11741.0,442.7,14101.9]
            ]
          ],
          "type": [
            "Sphere"
          ]
        }
      ],
      "bdt_t2_bomb_zone_07_aaa_point_01": [
        {
          "objLayer": [
            0
          ],
          "props": [
            []
          ],
          "tm": [
            [
              [-0.263168,0.0,-0.964749],
              [0.0,1.0,0.0],
              [0.964749,0.0,-0.263168],
              [-12120.1,393.163,14295.9]
            ]
          ],
          "type": [
            "Point"
          ]
        }
      ],
      "bdt_t2_bomb_zone_07_aaa_point_02": [
        {
          "objLayer": [
            0
          ],
          "props": [
            []
          ],
          "tm": [
            [
              [-0.263168,0.0,-0.964749],
              [0.0,1.0,0.0],
              [0.964749,0.0,-0.263168],
              [-11565.1,438.568,13712.0]
            ]
          ],
          "type": [
            "Point"
          ]
        }
      ],
      "bdt_t2_bomb_zone_07_aaa_point_03": [
        {
          "objLayer": [
            0
          ],
          "props": [
            []
          ],
          "tm": [
            [
              [-0.263168,0.0,-0.964749],
              [0.0,1.0,0.0],
              [0.964749,0.0,-0.263168],
              [-11285.7,444.906,14104.0]
            ]
          ],
          "type": [
            "Point"
          ]
        }
      ],
      "bdt_t2_bomb_zone_07_aaa_point_04": [
        {
          "objLayer": [
            0
          ],
          "props": [
            []
          ],
          "tm": [
            [
              [-0.263168,0.0,-0.964749],
              [0.0,1.0,0.0],
              [0.964749,0.0,-0.263168],
              [-11795.1,453.326,14501.1]
            ]
          ],
          "type": [
            "Point"
          ]
        }
      ],
      "bdt_t2_bomb_zone_08": [
        {
          "objLayer": [
            0
          ],
          "props": [
            []
          ],
          "tm": [
            [
              [151.316,0.0,-423.796],
              [0.0,450.0,0.0],
              [423.796,0.0,151.316],
              [-23302.5,133.417,19119.2]
            ]
          ],
          "type": [
            "Sphere"
          ]
        }
      ],
      "bdt_t2_bomb_zone_08_aaa_point_01": [
        {
          "objLayer": [
            0
          ],
          "props": [
            []
          ],
          "tm": [
            [
              [-0.154545,0.0,-0.987984],
              [0.0,1.0,0.0],
              [0.987984,0.0,-0.154545],
              [-23382.7,134.188,18909.6]
            ]
          ],
          "type": [
            "Point"
          ]
        }
      ],
      "bdt_t2_bomb_zone_08_aaa_point_02": [
        {
          "objLayer": [
            0
          ],
          "props": [
            []
          ],
          "tm": [
            [
              [-0.154545,0.0,-0.987984],
              [0.0,1.0,0.0],
              [0.987984,0.0,-0.154545],
              [-23384.8,131.633,19444.9]
            ]
          ],
          "type": [
            "Point"
          ]
        }
      ],
      "bdt_t2_bomb_zone_08_aaa_point_03": [
        {
          "objLayer": [
            0
          ],
          "props": [
            []
          ],
          "tm": [
            [
              [-0.154545,0.0,-0.987984],
              [0.0,1.0,0.0],
              [0.987984,0.0,-0.154545],
              [-22975.3,132.407,19076.0]
            ]
          ],
          "type": [
            "Point"
          ]
        }
      ],
      "bdt_t2_bomb_zone_08_aaa_point_04": [
        {
          "objLayer": [
            0
          ],
          "props": [
            []
          ],
          "tm": [
            [
              [-0.154545,0.0,-0.987984],
              [0.0,1.0,0.0],
              [0.987984,0.0,-0.154545],
              [-23121.5,131.86,19405.6]
            ]
          ],
          "type": [
            "Point"
          ]
        }
      ],
      "bdt_t2_bomb_zone_09": [
        {
          "objLayer": [
            0
          ],
          "props": [
            []
          ],
          "tm": [
            [
              [151.316,0.0,-423.796],
              [0.0,450.0,0.0],
              [423.796,0.0,151.316],
              [-27765.9,83.7565,16181.4]
            ]
          ],
          "type": [
            "Sphere"
          ]
        }
      ],
      "bdt_t2_bomb_zone_09_aaa_point_01": [
        {
          "objLayer": [
            0
          ],
          "props": [
            []
          ],
          "tm": [
            [
              [-0.154545,0.0,-0.987984],
              [0.0,1.0,0.0],
              [0.987984,0.0,-0.154545],
              [-28122.1,68.8365,16009.9]
            ]
          ],
          "type": [
            "Point"
          ]
        }
      ],
      "bdt_t2_bomb_zone_09_aaa_point_02": [
        {
          "objLayer": [
            0
          ],
          "props": [
            []
          ],
          "tm": [
            [
              [-0.154545,0.0,-0.987984],
              [0.0,1.0,0.0],
