{
  "airfields": [
    []
  ],
  "areas": [
    {
      "bdt_t1_bomb_zone_01": [
        {
          "objLayer": [
            0
          ],
          "props": [
            []
          ],
          "tm": [
            [
              [322.96,0.0,-313.364],
              [0.0,450.0,0.0],
              [313.364,0.0,322.96],
              [9513.71,31.3344,-12914.5]
            ]
          ],
          "type": [
            "Sphere"
          ]
        }
      ],
      "bdt_t1_bomb_zone_01_aaa_point_01": [
        {
          "objLayer": [
            0
          ],
          "props": [
            []
          ],
          "tm": [
            [
              [0.984271,0.0,-0.176668],
              [0.0,1.0,0.0],
              [0.176668,0.0,0.984271],
              [9765.99,31.3402,-12950.6]
            ]
          ],
          "type": [
            "Point"
          ]
        }
      ],
      "bdt_t1_bomb_zone_01_aaa_point_02": [
        {
          "objLayer": [
            0
          ],
          "props": [
            []
          ],
          "tm": [
            [
              [0.984271,0.0,-0.176668],
              [0.0,1.0,0.0],
              [0.176668,0.0,0.984271],
              [9282.74,31.3272,-12811.0]
            ]
          ],
          "type": [
            "Point"
          ]
        }
      ],
      "bdt_t1_bomb_zone_01_aaa_point_03": [
        {
          "objLayer": [
            0
          ],
          "props": [
            []
          ],
          "tm": [
            [
              [0.984271,0.0,-0.176668],
              [0.0,1.0,0.0],
              [0.176668,0.0,0.984271],
              [9444.11,31.3387,-13137.1]
            ]
          ],
          "type": [
            "Point"
          ]
        }
      ],
      "bdt_t1_bomb_zone_01_aaa_point_04": [
        {
          "objLayer": [
            0
          ],
          "props": [
            []
          ],
          "tm": [
            [
              [0.984271,0.0,-0.176668],
              [0.0,1.0,0.0],
              [0.176668,0.0,0.984271],
              [9275.17,31.3315,-12983.3]
            ]
          ],
          "type": [
            "Point"
          ]
        }
      ],
      "bdt_t1_bomb_zone_02": [
        {
          "objLayer": [
            0
          ],
          "props": [
            []
          ],
          "tm": [
            [
              [436.375,0.0,-109.902],
              [0.0,450.0,0.0],
              [109.902,0.0,436.375],
              [6875.13,23.3476,-13001.5]
            ]
          ],
          "type": [
            "Sphere"
          ]
        }
      ],
      "bdt_t1_bomb_zone_02_aaa_point_01": [
        {
          "objLayer": [
            0
          ],
          "props": [
            []
          ],
          "tm": [
            [
              [0.984271,0.0,-0.176668],
              [0.0,1.0,0.0],
              [0.176668,0.0,0.984271],
              [7104.41,7.75502,-12858.0]
            ]
          ],
          "type": [
            "Point"
          ]
        }
      ],
      "bdt_t1_bomb_zone_02_aaa_point_02": [
        {
          "objLayer": [
            0
          ],
          "props": [
            []
          ],
          "tm": [
            [
              [0.984271,0.0,-0.176668],
              [0.0,1.0,0.0],
              [0.176668,0.0,0.984271],
              [6840.04,23.2358,-12737.9]
            ]
          ],
          "type": [
            "Point"
          ]
        }
      ],
      "bdt_t1_bomb_zone_02_aaa_point_03": [
        {
          "objLayer": [
            0
          ],
          "props": [
            []
          ],
          "tm": [
            [
              [0.984271,0.0,-0.176668],
              [0.0,1.0,0.0],
              [0.176668,0.0,0.984271],
              [6733.12,4.07233,-13429.1]
            ]
          ],
          "type": [
            "Point"
          ]
        }
      ],
      "bdt_t1_bomb_zone_02_aaa_point_04": [
        {
          "objLayer": [
            0
          ],
          "props": [
            []
          ],
          "tm": [
            [
              [0.984271,0.0,-0.176668],
              [0.0,1.0,0.0],
              [0.176668,0.0,0.984271],
              [6559.59,23.4854,-12908.0]
            ]
          ],
          "type": [
            "Point"
          ]
        }
      ],
      "bdt_t1_bomb_zone_03": [
        {
          "objLayer": [
            0
          ],
          "props": [
            []
          ],
          "tm": [
            [
              [22.8734,0.0,449.418],
              [0.0,450.0,0.0],
              [-449.418,0.0,22.8734],
              [6385.97,38.6363,-16781.7]
            ]
          ],
          "type": [
            "Sphere"
          ]
        }
      ],
      "bdt_t1_bomb_zone_03_aaa_point_01": [
        {
          "objLayer": [
            0
          ],
          "props": [
            []
          ],
          "tm": [
            [
              [0.0253625,0.0,0.999679],
              [0.0,1.0,0.0],
              [-0.999679,0.0,0.0253625],
              [6612.65,41.4366,-16989.8]
            ]
          ],
          "type": [
            "Point"
          ]
        }
      ],
      "bdt_t1_bomb_zone_03_aaa_point_02": [
        {
          "objLayer": [
            0
          ],
          "props": [
            []
          ],
          "tm": [
            [
              [0.0253625,0.0,0.999679],
              [0.0,1.0,0.0],
              [-0.999679,0.0,0.0253625],
              [6197.96,36.8197,-16629.2]
            ]
          ],
          "type": [
            "Point"
          ]
        }
      ],
      "bdt_t1_bomb_zone_03_aaa_point_03": [
        {
          "objLayer": [
            0
          ],
          "props": [
            []
          ],
          "tm": [
            [
              [0.0253625,0.0,0.999679],
              [0.0,1.0,0.0],
              [-0.999679,0.0,0.0253625],
              [6124.37,49.2942,-16899.3]
            ]
          ],
          "type": [
            "Point"
          ]
        }
      ],
      "bdt_t1_bomb_zone_03_aaa_point_04": [
        {
          "objLayer": [
            0
          ],
          "props": [
            []
          ],
          "tm": [
            [
              [0.0253625,0.0,0.999679],
              [0.0,1.0,0.0],
              [-0.999679,0.0,0.0253625],
              [6569.23,37.0407,-16596.0]
            ]
          ],
          "type": [
            "Point"
          ]
        }
      ],
      "bdt_t1_bomb_zone_04": [
        {
          "objLayer": [
            0
          ],
          "props": [
            []
          ],
          "tm": [
            [
              [440.752,0.0,-90.762],
              [0.0,450.0,0.0],
              [90.762,0.0,440.752],
              [12008.4,9.90152,-13193.6]
            ]
          ],
          "type": [
            "Sphere"
          ]
        }
      ],
      "bdt_t1_bomb_zone_04_aaa_point_01": [
        {
          "objLayer": [
            0
          ],
          "props": [
            []
          ],
          "tm": [
            [
              [0.984271,0.0,-0.176668],
              [0.0,1.0,0.0],
              [0.176668,0.0,0.984271],
              [12267.3,15.379,-13376.4]
            ]
          ],
          "type": [
            "Point"
          ]
        }
      ],
      "bdt_t1_bomb_zone_04_aaa_point_02": [
        {
          "objLayer": [
            0
          ],
          "props": [
            []
          ],
          "tm": [
            [
              [0.984271,0.0,-0.176668],
              [0.0,1.0,0.0],
              [0.176668,0.0,0.984271],
              [12221.9,9.7473,-13058.4]
            ]
          ],
          "type": [
            "Point"
          ]
        }
      ],
      "bdt_t1_bomb_zone_04_aaa_point_03": [
        {
          "objLayer": [
            0
          ],
          "props": [
            []
          ],
          "tm": [
            [
              [0.984271,0.0,-0.176668],
              [0.0,1.0,0.0],
              [0.176668,0.0,0.984271],
              [11951.1,13.8044,-13478.9]
            ]
          ],
          "type": [
            "Point"
          ]
        }
      ],
      "bdt_t1_bomb_zone_04_aaa_point_04": [
        {
          "objLayer": [
            0
          ],
          "props": [
            []
          ],
          "tm": [
            [
              [0.984271,0.0,-0.176668],
              [0.0,1.0,0.0],
              [0.176668,0.0,0.984271],
              [11902.6,17.4158,-12898.1]
            ]
          ],
          "type": [
            "Point"
          ]
        }
      ],
      "bdt_t1_bomb_zone_05": [
        {
          "objLayer": [
            0
          ],
          "props": [
            []
          ],
          "tm": [
            [
              [440.752,0.0,-90.762],
              [0.0,450.0,0.0],
              [90.762,0.0,440.752],
              [11915.8,41.5659,-11493.7]
            ]
          ],
          "type": [
            "Sphere"
          ]
        }
      ],
      "bdt_t1_bomb_zone_05_aaa_point_01": [
        {
          "objLayer": [
            0
          ],
          "props": [
            []
          ],
          "tm": [
            [
              [0.984271,0.0,-0.176668],
              [0.0,1.0,0.0],
              [0.176668,0.0,0.984271],
              [11651.0,33.0505,-11422.9]
            ]
          ],
          "type": [
            "Point"
          ]
        }
      ],
      "bdt_t1_bomb_zone_05_aaa_point_02": [
        {
          "objLayer": [
            0
          ],
          "props": [
            []
          ],
          "tm": [
            [
              [0.984271,0.0,-0.176668],
              [0.0,1.0,0.0],
              [0.176668,0.0,0.984271],
              [11822.5,53.618,-11774.0]
            ]
          ],
          "type": [
            "Point"
          ]
        }
      ],
      "bdt_t1_bomb_zone_05_aaa_point_03": [
        {
          "objLayer": [
            0
          ],
          "props": [
            []
          ],
          "tm": [
            [
              [0.984271,0.0,-0.176668],
              [0.0,1.0,0.0],
              [0.176668,0.0,0.984271],
              [12171.1,37.9512,-11834.2]
            ]
          ],
          "type": [
            "Point"
          ]
        }
      ],
      "bdt_t1_bomb_zone_05_aaa_point_04": [
        {
          "objLayer": [
            0
          ],
          "props": [
            []
          ],
          "tm": [
            [
              [0.984271,0.0,-0.176668],
              [0.0,1.0,0.0],
              [0.176668,0.0,0.984271],
              [12151.4,36.0759,-11347.0]
            ]
          ],
          "type": [
            "Point"
          ]
        }
      ],
      "bdt_t1_bomb_zone_06": [
        {
          "objLayer": [
            0
          ],
          "props": [
            []
          ],
          "tm": [
            [
              [22.8734,0.0,449.418],
              [0.0,450.0,0.0],
              [-449.418,0.0,22.8734],
              [7782.3,46.3131,-15837.0]
            ]
          ],
          "type": [
            "Sphere"
          ]
        }
      ],
      "bdt_t1_bomb_zone_06_aaa_point_01": [
        {
          "objLayer": [
            0
          ],
          "props": [
            []
          ],
          "tm": [
            [
              [0.0253625,0.0,0.999679],
              [0.0,1.0,0.0],
              [-0.999679,0.0,0.0253625],
              [8062.92,46.2561,-16024.2]
            ]
          ],
          "type": [
            "Point"
          ]
        }
      ],
      "bdt_t1_bomb_zone_06_aaa_point_02": [
        {
          "objLayer": [
            0
          ],
          "props": [
            []
          ],
          "tm": [
            [
              [0.0253625,0.0,0.999679],
              [0.0,1.0,0.0],
              [-0.999679,0.0,0.0253625],
              [7835.58,38.8544,-16157.3]
            ]
          ],
          "type": [
            "Point"
          ]
        }
      ],
      "bdt_t1_bomb_zone_06_aaa_point_03": [
        {
          "objLayer": [
            0
          ],
          "props": [
            []
          ],
          "tm": [
            [
              [0.0253625,0.0,0.999679],
              [0.0,1.0,0.0],
              [-0.999679,0.0,0.0253625],
              [7473.7,42.6936,-15819.0]
            ]
          ],
          "type": [
            "Point"
          ]
        }
      ],
      "bdt_t1_bomb_zone_06_aaa_point_04": [
        {
          "objLayer": [
            0
          ],
          "props": [
            []
          ],
          "tm": [
            [
              [0.0253625,0.0,0.999679],
              [0.0,1.0,0.0],
              [-0.999679,0.0,0.0253625],
              [7919.63,42.3442,-15572.9]
            ]
          ],
          "type": [
            "Point"
          ]
        }
      ],
      "bdt_t1_bomb_zone_07": [
        {
          "objLayer": [
            0
          ],
          "props": [
            []
          ],
          "tm": [
            [
              [440.752,0.0,-90.762],
              [0.0,450.0,0.0],
              [90.762,0.0,440.752],
              [7861.59,126.238,-18842.2]
            ]
          ],
          "type": [
            "Sphere"
          ]
        }
      ],
      "bdt_t1_bomb_zone_07_aaa_point_01": [
        {
          "objLayer": [
            0
          ],
          "props": [
            []
          ],
          "tm": [
            [
              [0.984271,0.0,-0.176668],
              [0.0,1.0,0.0],
              [0.176668,0.0,0.984271],
              [8054.86,130.475,-18611.2]
            ]
          ],
          "type": [
            "Point"
          ]
        }
      ],
      "bdt_t1_bomb_zone_07_aaa_point_02": [
        {
          "objLayer": [
            0
          ],
          "props": [
            []
          ],
          "tm": [
            [
              [0.984271,0.0,-0.176668],
              [0.0,1.0,0.0],
              [0.176668,0.0,0.984271],
              [7634.24,120.777,-19106.8]
            ]
          ],
          "type": [
            "Point"
          ]
        }
      ],
      "bdt_t1_bomb_zone_07_aaa_point_03": [
        {
          "objLayer": [
            0
          ],
          "props": [
            []
          ],
          "tm": [
            [
              [0.984271,0.0,-0.176668],
              [0.0,1.0,0.0],
              [0.176668,0.0,0.984271],
              [8126.87,121.057,-19048.4]
            ]
          ],
          "type": [
            "Point"
          ]
        }
      ],
      "bdt_t1_bomb_zone_07_aaa_point_04": [
        {
          "objLayer": [
            0
          ],
          "props": [
            []
          ],
          "tm": [
            [
              [0.984271,0.0,-0.176668],
              [0.0,1.0,0.0],
              [0.176668,0.0,0.984271],
              [7734.58,133.767,-18461.2]
            ]
          ],
          "type": [
            "Point"
          ]
        }
      ],
      "bdt_t1_bomb_zone_08": [
        {
          "objLayer": [
            0
          ],
          "props": [
            []
          ],
          "tm": [
            [
              [322.96,0.0,-313.364],
              [0.0,450.0,0.0],
              [313.364,0.0,322.96],
              [6011.07,105.695,-20057.8]
            ]
          ],
          "type": [
            "Sphere"
          ]
        }
      ],
      "bdt_t1_bomb_zone_08_aaa_point_01": [
        {
          "objLayer": [
            0
          ],
          "props": [
            []
          ],
          "tm": [
            [
              [0.984271,0.0,-0.176668],
              [0.0,1.0,0.0],
              [0.176668,0.0,0.984271],
              [5987.92,132.532,-19747.9]
            ]
          ],
          "type": [
            "Point"
          ]
        }
      ],
      "bdt_t1_bomb_zone_08_aaa_point_02": [
        {
          "objLayer": [
            0
          ],
          "props": [
            []
          ],
          "tm": [
            [
              [0.984271,0.0,-0.176668],
              [0.0,1.0,0.0],
              [0.176668,0.0,0.984271],
              [5711.32,132.536,-20119.1]
            ]
          ],
          "type": [
            "Point"
          ]
        }
      ],
      "bdt_t1_bomb_zone_08_aaa_point_03": [
        {
          "objLayer": [
            0
          ],
          "props": [
            []
          ],
          "tm": [
            [
              [0.984271,0.0,-0.176668],
              [0.0,1.0,0.0],
              [0.176668,0.0,0.984271],
              [6009.0,132.549,-20415.7]
            ]
          ],
          "type": [
            "Point"
          ]
        }
      ],
      "bdt_t1_bomb_zone_08_aaa_point_04": [
        {
          "objLayer": [
            0
          ],
          "props": [
            []
          ],
          "tm": [
            [
              [0.984271,0.0,-0.176668],
              [0.0,1.0,0.0],
              [0.176668,0.0,0.984271],
              [6279.9,132.546,-20100.2]
            ]
          ],
          "type": [
            "Point"
          ]
        }
      ],
      "bdt_t1_bomb_zone_09": [
        {
          "objLayer": [
            0
          ],
          "props": [
            []
          ],
          "tm": [
            [
              [322.96,0.0,-313.364],
              [0.0,450.0,0.0],
              [313.364,0.0,322.96],
              [10094.7,118.535,-19758.9]
            ]
          ],
          "type": [
            "Sphere"
          ]
        }
      ],
      "bdt_t1_bomb_zone_09_aaa_point_01": [
        {
          "objLayer": [
            0
          ],
          "props": [
            []
          ],
          "tm": [
            [
              [0.984271,0.0,-0.176668],
              [0.0,1.0,0.0],
              [0.176668,0.0,0.984271],
              [9876.34,118.523,-19447.3]
            ]
          ],
          "type": [
            "Point"
          ]
        }
      ],
      "bdt_t1_bomb_zone_09_aaa_point_02": [
        {
          "objLayer": [
            0
          ],
          "props": [
            []
          ],
          "tm": [
            [
              [0.984271,0.0,-0.176668],
              [0.0,1.0,0.0],
              [0.176668,0.0,0.984271],
              [9826.47,118.538,-20069.5]
            ]
          ],
          "type": [
            "Point"
          ]
        }
      ],
      "bdt_t1_bomb_zone_09_aaa_point_03": [
        {
          "objLayer": [
            0
          ],
          "props": [
            []
          ],
          "tm": [
            [
              [0.984271,0.0,-0.176668],
              [0.0,1.0,0.0],
              [0.176668,0.0,0.984271],
              [10259.8,118.532,-19503.0]
            ]
          ],
          "type": [
            "Point"
          ]
        }
      ],
      "bdt_t1_bomb_zone_09_aaa_point_04": [
        {
          "objLayer": [
            0
          ],
          "props": [
            []
          ],
          "tm": [
            [
              [0.984271,0.0,-0.176668],
              [0.0,1.0,0.0],
              [0.176668,0.0,0.984271],
              [10278.8,118.409,-20118.4]
            ]
          ],
          "type": [
            "Point"
          ]
        }
      ],
      "bdt_t1_bomb_zone_10": [
        {
          "objLayer": [
            0
          ],
          "props": [
            []
          ],
          "tm": [
            [
              [322.96,0.0,-313.364],
              [0.0,450.0,0.0],
              [313.364,0.0,322.96],
              [8027.25,16.4679,-14152.5]
            ]
          ],
          "type": [
            "Sphere"
          ]
        }
      ],
      "bdt_t1_bomb_zone_10_aaa_point_01": [
        {
          "objLayer": [
            0
          ],
          "props": [
            []
          ],
          "tm": [
            [
              [0.984271,0.0,-0.176668],
              [0.0,1.0,0.0],
              [0.176668,0.0,0.984271],
              [7658.89,16.6744,-14124.6]
            ]
          ],
          "type": [
            "Point"
          ]
        }
      ],
      "bdt_t1_bomb_zone_10_aaa_point_02": [
        {
          "objLayer": [
            0
          ],
          "props": [
            []
          ],
          "tm": [
            [
              [0.984271,0.0,-0.176668],
              [0.0,1.0,0.0],
              [0.176668,0.0,0.984271],
              [8056.02,4.85492,-13708.6]
            ]
          ],
          "type": [
            "Point"
          ]
        }
      ],
      "bdt_t1_bomb_zone_10_aaa_point_03": [
        {
          "objLayer": [
            0
          ],
          "props": [
            []
          ],
          "tm": [
            [
              [0.984271,0.0,-0.176668],
              [0.0,1.0,0.0],
              [0.176668,0.0,0.984271],
              [8015.62,16.6231,-14416.5]
            ]
          ],
          "type": [
            "Point"
          ]
        }
      ],
      "bdt_t1_bomb_zone_10_aaa_point_04": [
        {
          "objLayer": [
            0
          ],
          "props": [
            []
          ],
          "tm": [
            [
              [0.984271,0.0,-0.176668],
              [0.0,1.0,0.0],
              [0.176668,0.0,0.984271],
              [8342.12,16.3121,-14213.2]
            ]
          ],
          "type": [
            "Point"
          ]
        }
      ],
      "bdt_t2_bomb_zone_01": [
        {
          "objLayer": [
            0
          ],
          "props": [
            []
          ],
          "tm": [
            [
              [202.737,0.0,-401.744],
              [0.0,450.0,0.0],
              [401.744,0.0,202.737],
              [-10622.7,58.3427,-8269.62]
            ]
          ],
          "type": [
            "Sphere"
          ]
        }
      ],
      "bdt_t2_bomb_zone_01_aaa_point_01": [
        {
          "objLayer": [
            0
          ],
          "props": [
            []
          ],
          "tm": [
            [
              [0.872392,0.0,-0.488807],
              [0.0,1.0,0.0],
              [0.488807,0.0,0.872392],
              [-10695.0,30.5507,-8482.58]
            ]
          ],
          "type": [
            "Point"
          ]
        }
      ],
      "bdt_t2_bomb_zone_01_aaa_point_02": [
        {
          "objLayer": [
            0
          ],
          "props": [
            []
          ],
          "tm": [
            [
              [0.872392,0.0,-0.488807],
              [0.0,1.0,0.0],
              [0.488807,0.0,0.872392],
              [-10602.2,41.6907,-7981.96]
            ]
          ],
          "type": [
            "Point"
          ]
        }
      ],
      "bdt_t2_bomb_zone_01_aaa_point_03": [
        {
          "objLayer": [
            0
          ],
          "props": [
            []
          ],
          "tm": [
            [
              [0.872392,0.0,-0.488807],
              [0.0,1.0,0.0],
              [0.488807,0.0,0.872392],
              [-10494.6,34.1337,-8032.95]
            ]
          ],
          "type": [
            "Point"
          ]
        }
      ],
      "bdt_t2_bomb_zone_01_aaa_point_04": [
        {
          "objLayer": [
            0
          ],
          "props": [
            []
          ],
          "tm": [
            [
              [0.872392,0.0,-0.488807],
              [0.0,1.0,0.0],
              [0.488807,0.0,0.872392],
              [-10147.5,34.9487,-8200.64]
            ]
          ],
          "type": [
            "Point"
          ]
        }
      ],
      "bdt_t2_bomb_zone_02": [
        {
          "objLayer": [
            0
          ],
          "props": [
            []
          ],
          "tm": [
            [
              [202.737,0.0,-401.744],
              [0.0,450.0,0.0],
              [401.744,0.0,202.737],
              [-8863.0,58.603,-10665.3]
            ]
          ],
          "type": [
            "Sphere"
          ]
        }
      ],
      "bdt_t2_bomb_zone_02_aaa_point_01": [
        {
          "objLayer": [
            0
          ],
          "props": [
            []
          ],
          "tm": [
            [
              [0.872392,0.0,-0.488807],
              [0.0,1.0,0.0],
              [0.488807,0.0,0.872392],
              [-9109.21,63.226,-10698.6]
            ]
          ],
          "type": [
            "Point"
          ]
        }
      ],
      "bdt_t2_bomb_zone_02_aaa_point_02": [
        {
          "objLayer": [
            0
          ],
          "props": [
            []
          ],
          "tm": [
            [
              [0.872392,0.0,-0.488807],
              [0.0,1.0,0.0],
              [0.488807,0.0,0.872392],
              [-8649.21,53.61,-10417.5]
            ]
          ],
          "type": [
            "Point"
          ]
        }
      ],
      "bdt_t2_bomb_zone_02_aaa_point_03": [
        {
          "objLayer": [
            0
          ],
          "props": [
            []
          ],
          "tm": [
            [
              [0.872392,0.0,-0.488807],
              [0.0,1.0,0.0],
              [0.488807,0.0,0.872392],
              [-9033.74,55.193,-10444.1]
            ]
          ],
          "type": [
            "Point"
          ]
        }
      ],
      "bdt_t2_bomb_zone_02_aaa_point_04": [
        {
          "objLayer": [
            0
          ],
          "props": [
            []
          ],
          "tm": [
            [
              [0.872392,0.0,-0.488807],
              [0.0,1.0,0.0],
              [0.488807,0.0,0.872392],
              [-8684.91,51.086,-10810.0]
            ]
          ],
          "type": [
            "Point"
          ]
        }
      ],
      "bdt_t2_bomb_zone_03": [
        {
          "objLayer": [
            0
          ],
          "props": [
            []
          ],
          "tm": [
            [
              [449.964,0.0,-5.67504],
              [0.0,450.0,0.0],
              [5.67504,0.0,449.964],
              [-12619.6,211.025,-13282.5]
            ]
          ],
          "type": [
            "Sphere"
          ]
        }
      ],
      "bdt_t2_bomb_zone_03_aaa_point_01": [
        {
          "objLayer": [
            0
          ],
          "props": [
            []
          ],
          "tm": [
            [
              [0.872392,0.0,-0.488807],
              [0.0,1.0,0.0],
              [0.488807,0.0,0.872392],
              [-12477.8,181.044,-13712.6]
            ]
          ],
          "type": [
            "Point"
          ]
        }
      ],
      "bdt_t2_bomb_zone_03_aaa_point_02": [
        {
          "objLayer": [
            0
          ],
          "props": [
            []
          ],
          "tm": [
            [
              [0.872392,0.0,-0.488807],
              [0.0,1.0,0.0],
              [0.488807,0.0,0.872392],
              [-12390.8,193.916,-13100.1]
            ]
          ],
          "type": [
            "Point"
          ]
        }
      ],
      "bdt_t2_bomb_zone_03_aaa_point_03": [
        {
          "objLayer": [
            0
          ],
          "props": [
            []
          ],
          "tm": [
            [
              [0.872392,0.0,-0.488807],
              [0.0,1.0,0.0],
              [0.488807,0.0,0.872392],
              [-12667.3,200.634,-12965.8]
            ]
          ],
          "type": [
            "Point"
          ]
        }
      ],
      "bdt_t2_bomb_zone_03_aaa_point_04": [
        {
          "objLayer": [
            0
          ],
          "props": [
            []
          ],
          "tm": [
            [
              [0.872392,0.0,-0.488807],
              [0.0,1.0,0.0],
              [0.488807,0.0,0.872392],
              [-12950.0,219.942,-13330.8]
            ]
          ],
          "type": [
            "Point"
          ]
        }
      ],
      "bdt_t2_bomb_zone_04": [
        {
          "objLayer": [
            0
          ],
          "props": [
            []
          ],
          "tm": [
            [
              [396.503,0.0,-212.803],
              [0.0,450.0,0.0],
              [212.803,0.0,396.503],
              [-13992.1,272.772,-14331.7]
            ]
          ],
          "type": [
            "Sphere"
          ]
        }
      ],
      "bdt_t2_bomb_zone_04_aaa_point_01": [
        {
          "objLayer": [
            0
          ],
          "props": [
            []
          ],
          "tm": [
            [
              [0.872392,0.0,-0.488807],
              [0.0,1.0,0.0],
              [0.488807,0.0,0.872392],
              [-13670.7,274.984,-14247.5]
            ]
          ],
          "type": [
            "Point"
          ]
        }
      ],
      "bdt_t2_bomb_zone_04_aaa_point_02": [
        {
          "objLayer": [
            0
          ],
          "props": [
            []
          ],
          "tm": [
            [
              [0.872392,0.0,-0.488807],
              [0.0,1.0,0.0],
              [0.488807,0.0,0.872392],
              [-14080.0,273.15,-14042.6]
            ]
          ],
          "type": [
            "Point"
          ]
        }
      ],
      "bdt_t2_bomb_zone_04_aaa_point_03": [
        {
          "objLayer": [
            0
          ],
          "props": [
            []
          ],
          "tm": [
            [
              [0.872392,0.0,-0.488807],
              [0.0,1.0,0.0],
              [0.488807,0.0,0.872392],
              [-14006.3,274.558,-14597.9]
            ]
          ],
          "type": [
            "Point"
          ]
        }
      ],
      "bdt_t2_bomb_zone_04_aaa_point_04": [
        {
          "objLayer": [
            0
          ],
          "props": [
            []
          ],
          "tm": [
            [
              [0.872392,0.0,-0.488807],
              [0.0,1.0,0.0],
              [0.488807,0.0,0.872392],
              [-14205.4,273.755,-14456.0]
            ]
          ],
          "type": [
            "Point"
          ]
        }
      ],
      "bdt_t2_bomb_zone_05": [
        {
          "objLayer": [
            0
          ],
          "props": [
            []
          ],
          "tm": [
            [
              [396.503,0.0,-212.803],
              [0.0,450.0,0.0],
              [212.803,0.0,396.503],
              [-14789.1,127.471,-12980.8]
            ]
          ],
          "type": [
            "Sphere"
          ]
        }
      ],
      "bdt_t2_bomb_zone_05_aaa_point_01": [
        {
          "objLayer": [
            0
          ],
          "props": [
            []
          ],
          "tm": [
            [
              [0.872392,0.0,-0.488807],
              [0.0,1.0,0.0],
              [0.488807,0.0,0.872392],
              [-15027.0,127.546,-13233.5]
            ]
          ],
          "type": [
            "Point"
          ]
        }
      ],
      "bdt_t2_bomb_zone_05_aaa_point_02": [
        {
          "objLayer": [
            0
          ],
          "props": [
            []
          ],
          "tm": [
            [
              [0.872392,0.0,-0.488807],
              [0.0,1.0,0.0],
              [0.488807,0.0,0.872392],
              [-14415.6,127.936,-12943.6]
            ]
          ],
          "type": [
            "Point"
          ]
        }
      ],
      "bdt_t2_bomb_zone_05_aaa_point_03": [
        {
          "objLayer": [
            0
          ],
          "props": [
            []
          ],
          "tm": [
            [
              [0.872392,0.0,-0.488807],
              [0.0,1.0,0.0],
              [0.488807,0.0,0.872392],
              [-14518.7,127.502,-12765.2]
            ]
          ],
          "type": [
            "Point"
          ]
        }
      ],
      "bdt_t2_bomb_zone_05_aaa_point_04": [
        {
          "objLayer": [
            0
          ],
          "props": [
            []
          ],
          "tm": [
            [
              [0.872392,0.0,-0.488807],
              [0.0,1.0,0.0],
              [0.488807,0.0,0.872392],
              [-15049.6,126.963,-12784.2]
            ]
          ],
          "type": [
            "Point"
          ]
        }
      ],
      "bdt_t2_bomb_zone_06": [
        {
          "objLayer": [
            0
          ],
          "props": [
            []
          ],
          "tm": [
            [
              [449.997,0.0,-1.84368],
              [0.0,450.0,0.0],
              [1.84368,0.0,449.997],
              [-11274.7,196.487,-10921.5]
            ]
          ],
          "type": [
            "Sphere"
          ]
        }
      ],
      "bdt_t2_bomb_zone_06_aaa_point_01": [
        {
          "objLayer": [
            0
          ],
          "props": [
            []
          ],
          "tm": [
            [
              [0.999753,0.0,-0.0222411],
              [0.0,1.0,0.0],
              [0.0222411,0.0,0.999753],
              [-11616.1,157.005,-10963.9]
            ]
          ],
          "type": [
            "Point"
          ]
        }
      ],
      "bdt_t2_bomb_zone_06_aaa_point_02": [
        {
          "objLayer": [
            0
          ],
          "props": [
            []
          ],
          "tm": [
            [
              [0.999753,0.0,-0.0222411],
              [0.0,1.0,0.0],
              [0.0222411,0.0,0.999753],
              [-10918.7,147.742,-10649.9]
            ]
          ],
          "type": [
            "Point"
          ]
        }
      ],
      "bdt_t2_bomb_zone_06_aaa_point_03": [
        {
          "objLayer": [
            0
          ],
          "props": [
            []
          ],
          "tm": [
            [
              [0.999753,0.0,-0.0222411],
              [0.0,1.0,0.0],
              [0.0222411,0.0,0.999753],
              [-10897.7,150.796,-10975.6]
            ]
          ],
          "type": [
            "Point"
          ]
        }
      ],
      "bdt_t2_bomb_zone_06_aaa_point_04": [
        {
          "objLayer": [
            0
          ],
          "props": [
            []
          ],
          "tm": [
            [
              [0.999753,0.0,-0.0222411],
              [0.0,1.0,0.0],
              [0.0222411,0.0,0.999753],
              [-11026.5,168.936,-11410.0]
            ]
          ],
          "type": [
            "Point"
          ]
        }
      ],
      "bdt_t2_bomb_zone_07": [
        {
          "objLayer": [
            0
          ],
          "props": [
            []
          ],
          "tm": [
            [
              [396.503,0.0,-212.803],
              [0.0,450.0,0.0],
              [212.803,0.0,396.503],
              [-14497.3,346.769,-11641.3]
            ]
          ],
          "type": [
            "Sphere"
          ]
        }
      ],
      "bdt_t2_bomb_zone_07_aaa_point_01": [
        {
          "objLayer": [
            0
          ],
          "props": [
            []
          ],
          "tm": [
            [
              [0.872392,0.0,-0.488807],
              [0.0,1.0,0.0],
              [0.488807,0.0,0.872392],
              [-14777.4,307.211,-11962.1]
            ]
          ],
          "type": [
            "Point"
          ]
        }
      ],
      "bdt_t2_bomb_zone_07_aaa_point_02": [
        {
          "objLayer": [
            0
          ],
          "props": [
            []
          ],
          "tm": [
            [
              [0.872392,0.0,-0.488807],
              [0.0,1.0,0.0],
              [0.488807,0.0,0.872392],
              [-14076.5,343.77,-11564.9]
            ]
          ],
          "type": [
            "Point"
          ]
        }
      ],
      "bdt_t2_bomb_zone_07_aaa_point_03": [
        {
          "objLayer": [
            0
          ],
          "props": [
            []
          ],
          "tm": [
            [
              [0.872392,0.0,-0.488807],
              [0.0,1.0,0.0],
              [0.488807,0.0,0.872392],
              [-14389.2,319.032,-11199.1]
            ]
          ],
          "type": [
            "Point"
          ]
        }
      ],
      "bdt_t2_bomb_zone_07_aaa_point_04": [
        {
          "objLayer": [
            0
          ],
          "props": [
            []
          ],
          "tm": [
            [
              [0.872392,0.0,-0.488807],
              [0.0,1.0,0.0],
              [0.488807,0.0,0.872392],
              [-14897.8,341.713,-11597.1]
            ]
          ],
          "type": [
            "Point"
          ]
        }
      ],
      "bdt_t2_bomb_zone_08": [
        {
          "objLayer": [
            0
          ],
          "props": [
            []
          ],
          "tm": [
            [
              [449.964,0.0,-5.67504],
              [0.0,450.0,0.0],
              [5.67504,0.0,449.964],
              [-11375.0,271.73,-13967.3]
            ]
          ],
          "type": [
            "Sphere"
          ]
        }
      ],
      "bdt_t2_bomb_zone_08_aaa_point_01": [
        {
          "objLayer": [
            0
          ],
          "props": [
            []
          ],
          "tm": [
            [
              [0.872392,0.0,-0.488807],
              [0.0,1.0,0.0],
              [0.488807,0.0,0.872392],
              [-11080.0,262.465,-14155.8]
            ]
          ],
          "type": [
            "Point"
          ]
        }
      ],
      "bdt_t2_bomb_zone_08_aaa_point_02": [
        {
          "objLayer": [
            0
          ],
          "props": [
            []
          ],
          "tm": [
            [
              [0.872392,0.0,-0.488807],
              [0.0,1.0,0.0],
              [0.488807,0.0,0.872392],
              [-11683.4,270.571,-13957.7]
            ]
          ],
          "type": [
            "Point"
          ]
        }
      ],
      "bdt_t2_bomb_zone_08_aaa_point_03": [
        {
          "objLayer": [
            0
          ],
          "props": [
            []
          ],
          "tm": [
            [
              [0.872392,0.0,-0.488807],
              [0.0,1.0,0.0],
              [0.488807,0.0,0.872392],
              [-11220.5,271.557,-13675.5]
            ]
          ],
          "type": [
            "Point"
          ]
        }
      ],
      "bdt_t2_bomb_zone_08_aaa_point_04": [
        {
          "objLayer": [
            0
          ],
          "props": [
            []
          ],
          "tm": [
            [
              [0.872392,0.0,-0.488807],
              [0.0,1.0,0.0],
              [0.488807,0.0,0.872392],
              [-11525.1,282.149,-13583.3]
            ]
          ],
          "type": [
            "Point"
          ]
        }
      ],
      "bdt_t2_bomb_zone_09": [
        {
          "objLayer": [
            0
          ],
          "props": [
            []
          ],
          "tm": [
            [
              [449.964,0.0,-5.67504],
              [0.0,450.0,0.0],
              [5.67504,0.0,449.964],
              [-10213.5,99.8289,-12590.0]
            ]
          ],
          "type": [
            "Sphere"
          ]
        }
      ],
      "bdt_t2_bomb_zone_09_aaa_point_01": [
        {
          "objLayer": [
            0
          ],
          "props": [
            []
          ],
          "tm": [
            [
              [0.872392,0.0,-0.488807],
              [0.0,1.0,0.0],
              [0.488807,0.0,0.872392],
              [-10273.7,162.021,-12950.8]
            ]
          ],
          "type": [
            "Point"
          ]
        }
      ],
      "bdt_t2_bomb_zone_09_aaa_point_02": [
        {
          "objLayer": [
            0
          ],
          "props": [
            []
          ],
          "tm": [
            [
              [0.872392,0.0,-0.488807],
              [0.0,1.0,0.0],
              [0.488807,0.0,0.872392],
              [-10513.9,155.177,-12340.4]
