{
  "airfields": [],
  "areas": {
    "heli_4000": {
      "objLayer": 4,
      "props": [],
      "tm": [
        [-4309.44,0.0,6740.08],
        [0.0,8000.0,0.0],
        [-6740.08,0.0,-4309.44],
        [227.0,526.1,381.1]
      ],
      "type": "Sphere"
    },
    "heli_4001": {
      "objLayer": 4,
      "props": [],
      "tm": [
        [-7411.21,0.0,14180.1],
        [0.0,16000.0,0.0],
        [-14180.1,0.0,-7411.21],
        [227.0,526.1,381.1]
      ],
      "type": "Sphere"
    }
  },
  "bin_dump_file": "",
  "dialogs": [],
  "effects": [],
  "imports": [],
  "mission_objectives": {
    "isCategory": true,
    "is_enabled": true
  },
  "mission_settings": {
    "mission": {
      "environment": "Day",
      "level": "levels/water.bin",
      "type": "singleMission",
      "weather": "hazy"
    },
    "player": {
      "army": 1
    },
    "player_teamB": {
      "army": 2
    }
  },
  "objLayers": [
    {
      "layer": {
        "enabled": true
      }
    },
    {
      "layer": {
        "enabled": true
      }
    },
    {
      "layer": {
        "enabled": true
      }
    },
    {
      "layer": {
        "enabled": true
      }
    },
    {
      "layer": {
        "enabled": true
      }
    }
  ],
  "selected_tag": "",
  "triggers": {
    "isCategory": true,
    "is_enabled": true
  },
  "units": [
    {
      "objectGroups": {
        "name": "t1_helipad",
        "objLayer": 2,
        "props": {
          "active": true,
          "army": 1,
          "isDelayed": true
        },
        "tm": [
          [-0.451764,0.0,0.892137],
          [0.0,1.0,0.0],
          [-0.892137,0.0,-0.451764],
          [-1850.05,219.582,4115.08]
        ],
        "unit_class": "dynHelipad_beton_a_ussr"
      }
    },
    {
      "objectGroups": {
        "name": "t1_helipad_farspawn",
        "objLayer": 2,
        "props": {
          "active": true,
          "army": 1,
          "isDelayed": true
        },
        "tm": [
          [-0.467265,0.0,0.884116],
          [0.0,1.0,0.0],
          [-0.884116,0.0,-0.467265],
          [-3317.35,506.95,7301.1]
        ],
        "unit_class": "dynHelipad_beton_b_ussr"
      }
    },
    {
      "objectGroups": {
        "name": "t2_helipad",
        "objLayer": 2,
        "props": {
          "active": true,
          "army": 2,
          "isDelayed": true
        },
        "tm": [
          [0.428256,0.0,-0.903656],
          [0.0,1.0,0.0],
          [0.903656,0.0,0.428256],
          [2200.7,148.617,-3389.65]
        ],
        "unit_class": "dynHelipad_beton_a_usa"
      }
    },
    {
      "objectGroups": {
        "name": "t2_helipad_farspawn",
        "objLayer": 2,
        "props": {
          "active": true,
          "army": 2,
          "isDelayed": true
        },
        "tm": [
          [0.396459,0.0,-0.918052],
          [0.0,1.0,0.0],
          [0.918052,0.0,0.396459],
          [4000.15,137.385,-6545.0]
        ],
        "unit_class": "dynHelipad_beton_b_usa"
      }
    },
    {
      "air_defence": {
        "applyAllMods": false,
        "bullets0": "",
        "bullets1": "",
        "bullets2": "",
        "bullets3": "",
        "bulletsCount0": 0,
        "bulletsCount1": 0,
        "bulletsCount2": 0,
        "bulletsCount3": 0,
        "closed_waypoints": false,
        "crewSkillK": 0.0,
        "isShipSpline": false,
        "name": "t2_helipad_defence_01",
        "objLayer": 1,
        "props": {
          "army": 2,
          "attack_type": "fire_at_will",
          "count": 1,
          "formation_div": 3,
          "formation_noise": [0.1,0.1],
          "formation_step": [2.5,2.0],
          "formation_type": "rows",
          "uniqueName": ""
        },
        "shipTurnRadius": 100.0,
        "tm": [
          [0.56316,0.0,-0.826349],
          [0.0,1.0,0.0],
          [0.826349,0.0,0.56316],
          [2516.86,144.417,-3518.73]
        ],
        "unit_class": "germ_20mm_flak38_longrange_helipad",
        "way": [],
        "weapons": ""
      }
    },
    {
      "air_defence": {
        "applyAllMods": false,
        "bullets0": "",
        "bullets1": "",
        "bullets2": "",
        "bullets3": "",
        "bulletsCount0": 0,
        "bulletsCount1": 0,
        "bulletsCount2": 0,
        "bulletsCount3": 0,
        "closed_waypoints": false,
        "crewSkillK": 0.0,
        "isShipSpline": false,
        "name": "t2_helipad_defence_02",
        "objLayer": 1,
        "props": {
          "army": 2,
          "attack_type": "fire_at_will",
          "count": 1,
          "formation_div": 3,
          "formation_noise": [0.1,0.1],
          "formation_step": [2.5,2.0],
          "formation_type": "rows",
          "uniqueName": ""
        },
        "shipTurnRadius": 100.0,
        "tm": [
          [0.56316,0.0,-0.826349],
          [0.0,1.0,0.0],
          [0.826349,0.0,0.56316],
          [2371.34,149.717,-3155.87]
        ],
        "unit_class": "germ_20mm_flak38_longrange_helipad",
        "way": [],
        "weapons": ""
      }
    },
    {
      "air_defence": {
        "applyAllMods": false,
        "bullets0": "",
        "bullets1": "",
        "bullets2": "",
        "bullets3": "",
        "bulletsCount0": 0,
        "bulletsCount1": 0,
        "bulletsCount2": 0,
        "bulletsCount3": 0,
        "closed_waypoints": false,
        "crewSkillK": 0.0,
        "isShipSpline": false,
        "name": "t2_helipad_defence_03",
        "objLayer": 1,
        "props": {
          "army": 2,
          "attack_type": "fire_at_will",
          "count": 1,
          "formation_div": 3,
          "formation_noise": [0.1,0.1],
          "formation_step": [2.5,2.0],
          "formation_type": "rows",
          "uniqueName": ""
        },
        "shipTurnRadius": 100.0,
        "tm": [
          [0.56316,0.0,-0.826349],
          [0.0,1.0,0.0],
          [0.826349,0.0,0.56316],
          [2072.01,160.317,-3620.77]
        ],
        "unit_class": "germ_20mm_flak38_helipad",
        "way": [],
        "weapons": ""
      }
    },
    {
      "air_defence": {
        "applyAllMods": false,
        "bullets0": "",
        "bullets1": "",
        "bullets2": "",
        "bullets3": "",
        "bulletsCount0": 0,
        "bulletsCount1": 0,
        "bulletsCount2": 0,
        "bulletsCount3": 0,
        "closed_waypoints": false,
        "crewSkillK": 0.0,
        "isShipSpline": false,
        "name": "t2_helipad_defence_04",
        "objLayer": 1,
        "props": {
          "army": 2,
          "attack_type": "fire_at_will",
          "count": 1,
          "formation_div": 3,
          "formation_noise": [0.1,0.1],
          "formation_step": [2.5,2.0],
          "formation_type": "rows",
          "uniqueName": ""
        },
        "shipTurnRadius": 100.0,
        "tm": [
          [0.56316,0.0,-0.826349],
          [0.0,1.0,0.0],
          [0.826349,0.0,0.56316],
          [1987.99,158.517,-3255.64]
        ],
        "unit_class": "germ_20mm_flak38_helipad",
        "way": [],
        "weapons": ""
      }
    },
    {
      "air_defence": {
        "applyAllMods": false,
        "bullets0": "",
        "bullets1": "",
        "bullets2": "",
        "bullets3": "",
        "bulletsCount0": 0,
        "bulletsCount1": 0,
        "bulletsCount2": 0,
        "bulletsCount3": 0,
        "closed_waypoints": false,
        "crewSkillK": 0.0,
        "isShipSpline": false,
        "name": "t1_helipad_defence_01",
        "objLayer": 1,
        "props": {
          "army": 1,
          "attack_type": "fire_at_will",
          "count": 1,
          "formation_div": 3,
          "formation_noise": [0.1,0.1],
          "formation_step": [2.5,2.0],
          "formation_type": "rows",
          "uniqueName": ""
        },
        "shipTurnRadius": 100.0,
        "tm": [
          [-0.642711,0.0,0.766109],
          [0.0,1.0,0.0],
          [-0.766109,0.0,-0.642711],
          [-1581.37,219.466,3999.47]
        ],
        "unit_class": "germ_20mm_flak38_longrange_helipad",
        "way": [],
        "weapons": ""
      }
    },
    {
      "air_defence": {
        "applyAllMods": false,
        "bullets0": "",
        "bullets1": "",
        "bullets2": "",
        "bullets3": "",
        "bulletsCount0": 0,
        "bulletsCount1": 0,
        "bulletsCount2": 0,
        "bulletsCount3": 0,
        "closed_waypoints": false,
        "crewSkillK": 0.0,
        "isShipSpline": false,
        "name": "t1_helipad_defence_02",
        "objLayer": 1,
        "props": {
          "army": 1,
          "attack_type": "fire_at_will",
          "count": 1,
          "formation_div": 3,
          "formation_noise": [0.1,0.1],
          "formation_step": [2.5,2.0],
          "formation_type": "rows",
          "uniqueName": ""
        },
        "shipTurnRadius": 100.0,
        "tm": [
          [-0.642711,0.0,0.766109],
          [0.0,1.0,0.0],
          [-0.766109,0.0,-0.642711],
          [-2026.22,219.544,3897.43]
        ],
        "unit_class": "germ_20mm_flak38_longrange_helipad",
        "way": [],
        "weapons": ""
      }
    },
    {
      "air_defence": {
        "applyAllMods": false,
        "bullets0": "",
        "bullets1": "",
        "bullets2": "",
        "bullets3": "",
        "bulletsCount0": 0,
        "bulletsCount1": 0,
        "bulletsCount2": 0,
        "bulletsCount3": 0,
        "closed_waypoints": false,
        "crewSkillK": 0.0,
        "isShipSpline": false,
        "name": "t1_helipad_defence_03",
        "objLayer": 1,
        "props": {
          "army": 1,
          "attack_type": "fire_at_will",
          "count": 1,
          "formation_div": 3,
          "formation_noise": [0.1,0.1],
          "formation_step": [2.5,2.0],
          "formation_type": "rows",
          "uniqueName": ""
        },
        "shipTurnRadius": 100.0,
        "tm": [
          [-0.642711,0.0,0.766109],
          [0.0,1.0,0.0],
          [-0.766109,0.0,-0.642711],
          [-2110.29,219.667,4262.47]
        ],
        "unit_class": "germ_20mm_flak38_helipad",
        "way": [],
        "weapons": ""
      }
    },
    {
      "air_defence": {
        "applyAllMods": false,
        "bullets0": "",
        "bullets1": "",
        "bullets2": "",
        "bullets3": "",
        "bulletsCount0": 0,
        "bulletsCount1": 0,
        "bulletsCount2": 0,
        "bulletsCount3": 0,
        "closed_waypoints": false,
        "crewSkillK": 0.0,
        "isShipSpline": false,
        "name": "t1_helipad_defence_04",
        "objLayer": 1,
        "props": {
          "army": 1,
          "attack_type": "fire_at_will",
          "count": 1,
          "formation_div": 3,
          "formation_noise": [0.1,0.1],
          "formation_step": [2.5,2.0],
          "formation_type": "rows",
          "uniqueName": ""
        },
        "shipTurnRadius": 100.0,
        "tm": [
          [-0.642711,0.0,0.766109],
          [0.0,1.0,0.0],
          [-0.766109,0.0,-0.642711],
          [-1726.85,219.476,4362.2]
        ],
        "unit_class": "germ_20mm_flak38_helipad",
        "way": [],
        "weapons": ""
      }
    },
    {
      "squad": {
        "name": "t2_helipad_aaa_squad",
        "props": [
          {
            "object_marking": 0
          },
          {
            "squad_members": "t2_helipad_defence_01"
          },
          {
            "squad_members": "t2_helipad_defence_02"
          },
          {
            "squad_members": "t2_helipad_defence_03"
          },
          {
            "squad_members": "t2_helipad_defence_04"
          }
        ],
        "tm": [
          [0.938542,0.0,-0.345167],
          [0.0,1.0,0.0],
          [0.345167,0.0,0.938542],
          [2237.04,159.717,-3387.72]
        ]
      }
    },
    {
      "squad": {
        "name": "t1_helipad_aaa_squad",
        "props": [
          {
            "object_marking": 0
          },
          {
            "squad_members": "t1_helipad_defence_02"
          },
          {
            "squad_members": "t1_helipad_defence_04"
          },
          {
            "squad_members": "t1_helipad_defence_03"
          },
          {
            "squad_members": "t1_helipad_defence_01"
          }
        ],
        "tm": [
          [0.938542,0.0,-0.345167],
          [0.0,1.0,0.0],
          [0.345167,0.0,0.938542],
          [-1861.15,219.592,4130.35]
        ]
      }
    }
  ],
  "variables": [],
  "wayPoints": []
}