{
  "airfields": [],
  "areas": {
    "heli_4000": {
      "objLayer": 4,
      "props": [],
      "tm": [
        [7041.38,0.0,3797.24],
        [0.0,8000.0,0.0],
        [-3797.24,0.0,7041.38],
        [0.0,-67.0845,0.0]
      ],
      "type": "Sphere"
    }
  },
  "bin_dump_file": "",
  "dialogs": [],
  "effects": [],
  "imports": [],
  "mission_objectives": {
    "isCategory": true,
    "is_enabled": true
  },
  "mission_settings": {
    "mission": {
      "environment": "Day",
      "level": "levels/water.bin",
      "type": "singleMission",
      "weather": "hazy"
    },
    "player": {
      "army": 1
    },
    "player_teamB": {
      "army": 2
    }
  },
  "objLayers": [
    {
      "layer": {
        "enabled": true
      }
    },
    {
      "layer": {
        "enabled": true
      }
    },
    {
      "layer": {
        "enabled": true
      }
    },
    {
      "layer": {
        "enabled": true
      }
    },
    {
      "layer": {
        "enabled": true
      }
    }
  ],
  "selected_tag": "",
  "triggers": {
    "isCategory": true,
    "is_enabled": true
  },
  "units": [
    {
      "objectGroups": {
        "name": "t1_helipad",
        "objLayer": 2,
        "props": {
          "active": true,
          "army": 1,
          "isDelayed": true
        },
        "tm": [
          [0.599208,0.0,0.800593],
          [0.0,1.0,0.0],
          [-0.800593,0.0,0.599208],
          [3783.5,-0.884,2399.2]
        ],
        "unit_class": "dynHelipad_beton_a_ussr"
      }
    },
    {
      "objectGroups": {
        "name": "t1_helipad_farspawn",
        "objLayer": 2,
        "props": {
          "active": true,
          "army": 1,
          "isDelayed": true
        },
        "tm": [
          [0.501569,0.0,0.865116],
          [0.0,1.0,0.0],
          [-0.865116,0.0,0.501569],
          [5770.3,36.5,7678.7]
        ],
        "unit_class": "dynHelipad_beton_b_ussr"
      }
    },
    {
      "objectGroups": {
        "name": "t2_helipad",
        "objLayer": 2,
        "props": {
          "active": true,
          "army": 2,
          "isDelayed": true
        },
        "tm": [
          [-0.76852,0.0,-0.639824],
          [0.0,1.0,0.0],
          [0.639824,0.0,-0.76852],
          [-2115.8,11.2,-5014.0]
        ],
        "unit_class": "dynHelipad_beton_a_usa"
      }
    },
    {
      "objectGroups": {
        "name": "t2_helipad_farspawn",
        "objLayer": 2,
        "props": {
          "active": true,
          "army": 2,
          "isDelayed": true
        },
        "tm": [
          [-0.329553,0.0,-0.944137],
          [0.0,1.0,0.0],
          [0.944137,0.0,-0.329553],
          [-3185.45,2.59998,-9313.71]
        ],
        "unit_class": "dynHelipad_beton_b_usa"
      }
    },
    {
      "air_defence": {
        "applyAllMods": false,
        "bullets0": "",
        "bullets1": "",
        "bullets2": "",
        "bullets3": "",
        "bulletsCount0": 0,
        "bulletsCount1": 0,
        "bulletsCount2": 0,
        "bulletsCount3": 0,
        "closed_waypoints": false,
        "crewSkillK": 0.0,
        "isShipSpline": false,
        "name": "t2_helipad_defence_01",
        "objLayer": 1,
        "props": {
          "army": 2,
          "attack_type": "fire_at_will",
          "count": 1,
          "formation_div": 3,
          "formation_noise": [0.1,0.1],
          "formation_step": [2.5,2.0],
          "formation_type": "rows",
          "uniqueName": ""
        },
        "shipTurnRadius": 100.0,
        "tm": [
          [-0.461476,0.0,-0.887153],
          [0.0,1.0,0.0],
          [0.887153,0.0,-0.461476],
          [-2079.9,7.0,-5353.6]
        ],
        "unit_class": "germ_20mm_flak38_longrange_helipad",
        "way": [],
        "weapons": ""
      }
    },
    {
      "air_defence": {
        "applyAllMods": false,
        "bullets0": "",
        "bullets1": "",
        "bullets2": "",
        "bullets3": "",
        "bulletsCount0": 0,
        "bulletsCount1": 0,
        "bulletsCount2": 0,
        "bulletsCount3": 0,
        "closed_waypoints": false,
        "crewSkillK": 0.0,
        "isShipSpline": false,
        "name": "t2_helipad_defence_02",
        "objLayer": 1,
        "props": {
          "army": 2,
          "attack_type": "fire_at_will",
          "count": 1,
          "formation_div": 3,
          "formation_noise": [0.1,0.1],
          "formation_step": [2.5,2.0],
          "formation_type": "rows",
          "uniqueName": ""
        },
        "shipTurnRadius": 100.0,
        "tm": [
          [-0.461476,0.0,-0.887153],
          [0.0,1.0,0.0],
          [0.887153,0.0,-0.461476],
          [-1829.1,12.3,-5053.7]
        ],
        "unit_class": "germ_20mm_flak38_longrange_helipad",
        "way": [],
        "weapons": ""
      }
    },
    {
      "air_defence": {
        "applyAllMods": false,
        "bullets0": "",
        "bullets1": "",
        "bullets2": "",
        "bullets3": "",
        "bulletsCount0": 0,
        "bulletsCount1": 0,
        "bulletsCount2": 0,
        "bulletsCount3": 0,
        "closed_waypoints": false,
        "crewSkillK": 0.0,
        "isShipSpline": false,
        "name": "t2_helipad_defence_03",
        "objLayer": 1,
        "props": {
          "army": 2,
          "attack_type": "fire_at_will",
          "count": 1,
          "formation_div": 3,
          "formation_noise": [0.1,0.1],
          "formation_step": [2.5,2.0],
          "formation_type": "rows",
          "uniqueName": ""
        },
        "shipTurnRadius": 100.0,
        "tm": [
          [-0.461476,0.0,-0.887153],
          [0.0,1.0,0.0],
          [0.887153,0.0,-0.461476],
          [-2380.3,22.9,-5010.0]
        ],
        "unit_class": "germ_20mm_flak38_helipad",
        "way": [],
        "weapons": ""
      }
    },
    {
      "air_defence": {
        "applyAllMods": false,
        "bullets0": "",
        "bullets1": "",
        "bullets2": "",
        "bullets3": "",
        "bulletsCount0": 0,
        "bulletsCount1": 0,
        "bulletsCount2": 0,
        "bulletsCount3": 0,
        "closed_waypoints": false,
        "crewSkillK": 0.0,
        "isShipSpline": false,
        "name": "t2_helipad_defence_04",
        "objLayer": 1,
        "props": {
          "army": 2,
          "attack_type": "fire_at_will",
          "count": 1,
          "formation_div": 3,
          "formation_noise": [0.1,0.1],
          "formation_step": [2.5,2.0],
          "formation_type": "rows",
          "uniqueName": ""
        },
        "shipTurnRadius": 100.0,
        "tm": [
          [-0.461476,0.0,-0.887153],
          [0.0,1.0,0.0],
          [0.887153,0.0,-0.461476],
          [-2098.4,21.1,-4763.2]
        ],
        "unit_class": "germ_20mm_flak38_helipad",
        "way": [],
        "weapons": ""
      }
    },
    {
      "air_defence": {
        "applyAllMods": false,
        "bullets0": "",
        "bullets1": "",
        "bullets2": "",
        "bullets3": "",
        "bulletsCount0": 0,
        "bulletsCount1": 0,
        "bulletsCount2": 0,
        "bulletsCount3": 0,
        "closed_waypoints": false,
        "crewSkillK": 0.0,
        "isShipSpline": false,
        "name": "t1_helipad_defence_01",
        "objLayer": 1,
        "props": {
          "army": 1,
          "attack_type": "fire_at_will",
          "count": 1,
          "formation_div": 3,
          "formation_noise": [0.1,0.1],
          "formation_step": [2.5,2.0],
          "formation_type": "rows",
          "uniqueName": ""
        },
        "shipTurnRadius": 100.0,
        "tm": [
          [0.370763,0.0,0.928728],
          [0.0,1.0,0.0],
          [-0.928728,0.0,0.370763],
          [3808.8,-1.0,2107.8]
        ],
        "unit_class": "germ_20mm_flak38_longrange_helipad",
        "way": [],
        "weapons": ""
      }
    },
    {
      "air_defence": {
        "applyAllMods": false,
        "bullets0": "",
        "bullets1": "",
        "bullets2": "",
        "bullets3": "",
        "bulletsCount0": 0,
        "bulletsCount1": 0,
        "bulletsCount2": 0,
        "bulletsCount3": 0,
        "closed_waypoints": false,
        "crewSkillK": 0.0,
        "isShipSpline": false,
        "name": "t1_helipad_defence_02",
        "objLayer": 1,
        "props": {
          "army": 1,
          "attack_type": "fire_at_will",
          "count": 1,
          "formation_div": 3,
          "formation_noise": [0.1,0.1],
          "formation_step": [2.5,2.0],
          "formation_type": "rows",
          "uniqueName": ""
        },
        "shipTurnRadius": 100.0,
        "tm": [
          [0.370763,0.0,0.928728],
          [0.0,1.0,0.0],
          [-0.928728,0.0,0.370763],
          [3508.4,-0.922,2451.4]
        ],
        "unit_class": "germ_20mm_flak38_longrange_helipad",
        "way": [],
        "weapons": ""
      }
    },
    {
      "air_defence": {
        "applyAllMods": false,
        "bullets0": "",
        "bullets1": "",
        "bullets2": "",
        "bullets3": "",
        "bulletsCount0": 0,
        "bulletsCount1": 0,
        "bulletsCount2": 0,
        "bulletsCount3": 0,
        "closed_waypoints": false,
        "crewSkillK": 0.0,
        "isShipSpline": false,
        "name": "t1_helipad_defence_03",
        "objLayer": 1,
        "props": {
          "army": 1,
          "attack_type": "fire_at_will",
          "count": 1,
          "formation_div": 3,
          "formation_noise": [0.1,0.1],
          "formation_step": [2.5,2.0],
          "formation_type": "rows",
          "uniqueName": ""
        },
        "shipTurnRadius": 100.0,
        "tm": [
          [0.370763,0.0,0.928728],
          [0.0,1.0,0.0],
          [-0.928728,0.0,0.370763],
          [3790.2,-0.799,2698.2]
        ],
        "unit_class": "germ_20mm_flak38_helipad",
        "way": [],
        "weapons": ""
      }
    },
    {
      "air_defence": {
        "applyAllMods": false,
        "bullets0": "",
        "bullets1": "",
        "bullets2": "",
        "bullets3": "",
        "bulletsCount0": 0,
        "bulletsCount1": 0,
        "bulletsCount2": 0,
        "bulletsCount3": 0,
        "closed_waypoints": false,
        "crewSkillK": 0.0,
        "isShipSpline": false,
        "name": "t1_helipad_defence_04",
        "objLayer": 1,
        "props": {
          "army": 1,
          "attack_type": "fire_at_will",
          "count": 1,
          "formation_div": 3,
          "formation_noise": [0.1,0.1],
          "formation_step": [2.5,2.0],
          "formation_type": "rows",
          "uniqueName": ""
        },
        "shipTurnRadius": 100.0,
        "tm": [
          [0.370763,0.0,0.928728],
          [0.0,1.0,0.0],
          [-0.928728,0.0,0.370763],
          [4059.5,-0.99,2407.6]
        ],
        "unit_class": "germ_20mm_flak38_helipad",
        "way": [],
        "weapons": ""
      }
    },
    {
      "squad": {
        "name": "t2_helipad_aaa_squad",
        "props": [
          {
            "object_marking": 0
          },
          {
            "squad_members": "t2_helipad_defence_01"
          },
          {
            "squad_members": "t2_helipad_defence_02"
          },
          {
            "squad_members": "t2_helipad_defence_03"
          },
          {
            "squad_members": "t2_helipad_defence_04"
          }
        ],
        "tm": [
          [0.140056,0.0,-0.990144],
          [0.0,1.0,0.0],
          [0.990144,0.0,0.140056],
          [-2096.9,22.3,-5045.1]
        ]
      }
    },
    {
      "squad": {
        "name": "t1_helipad_aaa_squad",
        "props": [
          {
            "object_marking": 0
          },
          {
            "squad_members": "t1_helipad_defence_02"
          },
          {
            "squad_members": "t1_helipad_defence_04"
          },
          {
            "squad_members": "t1_helipad_defence_03"
          },
          {
            "squad_members": "t1_helipad_defence_01"
          }
        ],
        "tm": [
          [0.140056,0.0,-0.990144],
          [0.0,1.0,0.0],
          [0.990144,0.0,0.140056],
          [3791.7,-0.874,2416.2]
        ]
      }
    }
  ],
  "variables": [],
  "wayPoints": []
}