{
  "airfields": [
    []
  ],
  "areas": [
    {
      "at_area": [
        {
          "objLayer": [
            0
          ],
          "props": [
            []
          ],
          "tm": [
            [
              [7766.27,0.0,13988.8],
              [0.0,16000.0,0.0],
              [-13988.8,0.0,7766.27],
              [-528.0,2500.0,-11069.6]
            ]
          ],
          "type": [
            "Sphere"
          ]
        }
      ],
      "at_t1_spawn_01_01": [
        {
          "objLayer": [
            0
          ],
          "props": [
            []
          ],
          "tm": [
            [
              [0.863058,0.0,-0.505107],
              [0.0,1.0,0.0],
              [0.505107,0.0,0.863058],
              [-6278.38,2499.99,-5493.32]
            ]
          ],
          "type": [
            "Point"
          ]
        }
      ],
      "at_t1_spawn_01_02": [
        {
          "objLayer": [
            0
          ],
          "props": [
            []
          ],
          "tm": [
            [
              [0.863058,0.0,-0.505107],
              [0.0,1.0,0.0],
              [0.505107,0.0,0.863058],
              [-8289.07,2499.99,-9129.04]
            ]
          ],
          "type": [
            "Point"
          ]
        }
      ],
      "at_t1_spawn_02_01": [
        {
          "objLayer": [
            0
          ],
          "props": [
            []
          ],
          "tm": [
            [
              [0.863058,0.0,-0.505107],
              [0.0,1.0,0.0],
              [0.505107,0.0,0.863058],
              [-8524.75,2499.99,-11141.4]
            ]
          ],
          "type": [
            "Point"
          ]
        }
      ],
      "at_t1_spawn_02_02": [
        {
          "objLayer": [
            0
          ],
          "props": [
            []
          ],
          "tm": [
            [
              [0.863058,0.0,-0.505107],
              [0.0,1.0,0.0],
              [0.505107,0.0,0.863058],
              [-4731.64,2499.99,-4264.14]
            ]
          ],
          "type": [
            "Point"
          ]
        }
      ],
      "at_t2_spawn_01_01": [
        {
          "objLayer": [
            0
          ],
          "props": [
            []
          ],
          "tm": [
            [
              [-0.863058,0.0,0.505107],
              [0.0,1.0,0.0],
              [-0.505107,0.0,-0.863058],
              [7232.6,2500.0,-12998.4]
            ]
          ],
          "type": [
            "Point"
          ]
        }
      ],
      "at_t2_spawn_01_02": [
        {
          "objLayer": [
            0
          ],
          "props": [
            []
          ],
          "tm": [
            [
              [-0.863058,0.0,0.505107],
              [0.0,1.0,0.0],
              [-0.505107,0.0,-0.863058],
              [5224.92,2500.0,-16627.7]
            ]
          ],
          "type": [
            "Point"
          ]
        }
      ],
      "at_t2_spawn_02_01": [
        {
          "objLayer": [
            0
          ],
          "props": [
            []
          ],
          "tm": [
            [
              [-0.863058,0.0,0.505107],
              [0.0,1.0,0.0],
              [-0.505107,0.0,-0.863058],
              [3517.54,2500.01,-18153.1]
            ]
          ],
          "type": [
            "Point"
          ]
        }
      ],
      "at_t2_spawn_02_02": [
        {
          "objLayer": [
            0
          ],
          "props": [
            []
          ],
          "tm": [
            [
              [-0.863058,0.0,0.505107],
              [0.0,1.0,0.0],
              [-0.505107,0.0,-0.863058],
              [7452.78,2500.0,-10974.5]
            ]
          ],
          "type": [
            "Point"
          ]
        }
      ]
    }
  ],
  "bin_dump_file": [
    ""
  ],
  "dialogs": [
    []
  ],
  "effects": [
    []
  ],
  "imports": [
    {
      "import_record": [
        {
          "excludes": [
            []
          ],
          "file": [
            "gameData/missions/templates/air_templates/gs/assaults_gs_template.blk"
          ],
          "importAreas": [
            true
          ],
          "importMissionObjectives": [
            true
          ],
          "importTriggers": [
            true
          ],
          "importUnits": [
            true
          ],
          "importWayPoints": [
            true
          ],
          "showAreas": [
            true
          ],
          "showMissionObjectives": [
            true
          ],
          "showTriggers": [
            true
          ],
          "showUnits": [
            true
          ],
          "showWayPoints": [
            true
          ]
        }
      ]
    }
  ],
  "mission_objectives": [
    {
      "isCategory": [
        true
      ],
      "is_enabled": [
        true
      ]
    }
  ],
  "mission_settings": [
    {
      "mission": [
        {
          "deathPenaltyMulRounds": [
            0.0
          ],
          "environment": [
            "Day"
          ],
          "level": [
            "levels/berlin.bin"
          ],
          "stars": [
            {
              "day": [
                2
              ],
              "latitude": [
                52.5
              ],
              "longitude": [
                13.0
              ],
              "month": [
                4
              ],
              "year": [
                1945
              ]
            }
          ],
          "type": [
            "domination"
          ],
          "weather": [
            "hazy"
          ]
        }
      ],
      "player": [
        {
          "army": [
            1
          ],
          "wing": [
            ""
          ]
        }
      ],
      "player_teamB": [
        {
          "army": [
            2
          ],
          "wing": [
            ""
          ]
        }
      ],
      "spectator_points": [
        []
      ]
    }
  ],
  "objLayers": [
    []
  ],
  "selected_tag": [
    ""
  ],
  "triggers": [
    {
      "isCategory": [
        true
      ],
      "is_enabled": [
        true
      ]
    }
  ],
  "units": [
    []
  ],
  "variables": [
    {
      "ai_assaults_saved": [
        0
      ],
      "ft_helicopters_pad_exclusive": [
        false
      ]
    }
  ],
  "wayPoints": [
    []
  ]
}