{
  "airfields": [
    []
  ],
  "areas": [
    {
      "bdt_t1_bomb_zone_01": [
        {
          "objLayer": [
            0
          ],
          "props": [
            []
          ],
          "tm": [
            [
              [-21.6723,0.0,449.478],
              [0.0,450.0,0.0],
              [-449.478,0.0,-21.6723],
              [-8575.5,101.414,-4031.28]
            ]
          ],
          "type": [
            "Sphere"
          ]
        }
      ],
      "bdt_t1_bomb_zone_01_aaa_point_01": [
        {
          "objLayer": [
            0
          ],
          "props": [
            []
          ],
          "tm": [
            [
              [-0.597919,0.0,0.801557],
              [0.0,1.0,0.0],
              [-0.801557,0.0,-0.597919],
              [-8735.0,97.3891,-3832.61]
            ]
          ],
          "type": [
            "Point"
          ]
        }
      ],
      "bdt_t1_bomb_zone_01_aaa_point_02": [
        {
          "objLayer": [
            0
          ],
          "props": [
            []
          ],
          "tm": [
            [
              [-0.597919,0.0,0.801557],
              [0.0,1.0,0.0],
              [-0.801557,0.0,-0.597919],
              [-8477.6,53.7811,-4264.75]
            ]
          ],
          "type": [
            "Point"
          ]
        }
      ],
      "bdt_t1_bomb_zone_01_aaa_point_03": [
        {
          "objLayer": [
            0
          ],
          "props": [
            []
          ],
          "tm": [
            [
              [-0.597919,0.0,0.801557],
              [0.0,1.0,0.0],
              [-0.801557,0.0,-0.597919],
              [-8372.58,103.04,-3916.23]
            ]
          ],
          "type": [
            "Point"
          ]
        }
      ],
      "bdt_t1_bomb_zone_01_aaa_point_04": [
        {
          "objLayer": [
            0
          ],
          "props": [
            []
          ],
          "tm": [
            [
              [-0.597919,0.0,0.801557],
              [0.0,1.0,0.0],
              [-0.801557,0.0,-0.597919],
              [-8354.32,84.9064,-4143.99]
            ]
          ],
          "type": [
            "Point"
          ]
        }
      ],
      "bdt_t1_bomb_zone_02": [
        {
          "objLayer": [
            0
          ],
          "props": [
            []
          ],
          "tm": [
            [
              [-243.508,0.0,378.422],
              [0.0,450.0,0.0],
              [-378.422,0.0,-243.508],
              [-4576.91,62.8149,-2249.72]
            ]
          ],
          "type": [
            "Sphere"
          ]
        }
      ],
      "bdt_t1_bomb_zone_02_aaa_point_01": [
        {
          "objLayer": [
            0
          ],
          "props": [
            []
          ],
          "tm": [
            [
              [-0.597919,0.0,0.801557],
              [0.0,1.0,0.0],
              [-0.801557,0.0,-0.597919],
              [-4842.3,31.2709,-2197.75]
            ]
          ],
          "type": [
            "Point"
          ]
        }
      ],
      "bdt_t1_bomb_zone_02_aaa_point_02": [
        {
          "objLayer": [
            0
          ],
          "props": [
            []
          ],
          "tm": [
            [
              [-0.597919,0.0,0.801557],
              [0.0,1.0,0.0],
              [-0.801557,0.0,-0.597919],
              [-4731.39,33.5829,-2466.07]
            ]
          ],
          "type": [
            "Point"
          ]
        }
      ],
      "bdt_t1_bomb_zone_02_aaa_point_03": [
        {
          "objLayer": [
            0
          ],
          "props": [
            []
          ],
          "tm": [
            [
              [-0.597919,0.0,0.801557],
              [0.0,1.0,0.0],
              [-0.801557,0.0,-0.597919],
              [-4181.13,42.6909,-2034.55]
            ]
          ],
          "type": [
            "Point"
          ]
        }
      ],
      "bdt_t1_bomb_zone_02_aaa_point_04": [
        {
          "objLayer": [
            0
          ],
          "props": [
            []
          ],
          "tm": [
            [
              [-0.597919,0.0,0.801557],
              [0.0,1.0,0.0],
              [-0.801557,0.0,-0.597919],
              [-4410.42,63.4479,-2533.67]
            ]
          ],
          "type": [
            "Point"
          ]
        }
      ],
      "bdt_t1_bomb_zone_03": [
        {
          "objLayer": [
            0
          ],
          "props": [
            []
          ],
          "tm": [
            [
              [-449.89,0.0,-9.97675],
              [0.0,450.0,0.0],
              [9.97675,0.0,-449.89],
              [-6694.69,131.15,-1380.43]
            ]
          ],
          "type": [
            "Sphere"
          ]
        }
      ],
      "bdt_t1_bomb_zone_03_aaa_point_01": [
        {
          "objLayer": [
            0
          ],
          "props": [
            []
          ],
          "tm": [
            [
              [-0.998865,0.0,-0.0476383],
              [0.0,1.0,0.0],
              [0.0476383,0.0,-0.998865],
              [-6503.73,120.027,-1139.16]
            ]
          ],
          "type": [
            "Point"
          ]
        }
      ],
      "bdt_t1_bomb_zone_03_aaa_point_02": [
        {
          "objLayer": [
            0
          ],
          "props": [
            []
          ],
          "tm": [
            [
              [-0.998865,0.0,-0.0476383],
              [0.0,1.0,0.0],
              [0.0476383,0.0,-0.998865],
              [-6833.16,130.93,-1579.13]
            ]
          ],
          "type": [
            "Point"
          ]
        }
      ],
      "bdt_t1_bomb_zone_03_aaa_point_03": [
        {
          "objLayer": [
            0
          ],
          "props": [
            []
          ],
          "tm": [
            [
              [-0.998865,0.0,-0.0476383],
              [0.0,1.0,0.0],
              [0.0476383,0.0,-0.998865],
              [-6558.43,147.074,-1632.8]
            ]
          ],
          "type": [
            "Point"
          ]
        }
      ],
      "bdt_t1_bomb_zone_03_aaa_point_04": [
        {
          "objLayer": [
            0
          ],
          "props": [
            []
          ],
          "tm": [
            [
              [-0.998865,0.0,-0.0476383],
              [0.0,1.0,0.0],
              [0.0476383,0.0,-0.998865],
              [-6893.24,103.844,-1211.15]
            ]
          ],
          "type": [
            "Point"
          ]
        }
      ],
      "bdt_t1_bomb_zone_04": [
        {
          "objLayer": [
            0
          ],
          "props": [
            []
          ],
          "tm": [
            [
              [-449.89,0.0,-9.97675],
              [0.0,450.0,0.0],
              [9.97675,0.0,-449.89],
              [-3028.03,55.8863,339.908]
            ]
          ],
          "type": [
            "Sphere"
          ]
        }
      ],
      "bdt_t1_bomb_zone_04_aaa_point_01": [
        {
          "objLayer": [
            0
          ],
          "props": [
            []
          ],
          "tm": [
            [
              [-0.998865,0.0,-0.0476383],
              [0.0,1.0,0.0],
              [0.0476383,0.0,-0.998865],
              [-3321.2,42.9163,460.092]
            ]
          ],
          "type": [
            "Point"
          ]
        }
      ],
      "bdt_t1_bomb_zone_04_aaa_point_02": [
        {
          "objLayer": [
            0
          ],
          "props": [
            []
          ],
          "tm": [
            [
              [-0.998865,0.0,-0.0476383],
              [0.0,1.0,0.0],
              [0.0476383,0.0,-0.998865],
              [-3205.95,42.7431,160.346]
            ]
          ],
          "type": [
            "Point"
          ]
        }
      ],
      "bdt_t1_bomb_zone_04_aaa_point_03": [
        {
          "objLayer": [
            0
          ],
          "props": [
            []
          ],
          "tm": [
            [
              [-0.998865,0.0,-0.0476383],
              [0.0,1.0,0.0],
              [0.0476383,0.0,-0.998865],
              [-3035.87,43.2315,630.635]
            ]
          ],
          "type": [
            "Point"
          ]
        }
      ],
      "bdt_t1_bomb_zone_04_aaa_point_04": [
        {
          "objLayer": [
            0
          ],
          "props": [
            []
          ],
          "tm": [
            [
              [-0.998865,0.0,-0.0476383],
              [0.0,1.0,0.0],
              [0.0476383,0.0,-0.998865],
              [-2858.92,41.6326,75.4161]
            ]
          ],
          "type": [
            "Point"
          ]
        }
      ],
      "bdt_t1_bomb_zone_05": [
        {
          "objLayer": [
            0
          ],
          "props": [
            []
          ],
          "tm": [
            [
              [-449.89,0.0,-9.97675],
              [0.0,450.0,0.0],
              [9.97675,0.0,-449.89],
              [-4829.54,154.459,2000.15]
            ]
          ],
          "type": [
            "Sphere"
          ]
        }
      ],
      "bdt_t1_bomb_zone_05_aaa_point_01": [
        {
          "objLayer": [
            0
          ],
          "props": [
            []
          ],
          "tm": [
            [
              [-0.998865,0.0,-0.0476383],
              [0.0,1.0,0.0],
              [0.0476383,0.0,-0.998865],
              [-4555.69,135.229,1990.38]
            ]
          ],
          "type": [
            "Point"
          ]
        }
      ],
      "bdt_t1_bomb_zone_05_aaa_point_02": [
        {
          "objLayer": [
            0
          ],
          "props": [
            []
          ],
          "tm": [
            [
              [-0.998865,0.0,-0.0476383],
              [0.0,1.0,0.0],
              [0.0476383,0.0,-0.998865],
              [-4708.93,149.488,2098.24]
            ]
          ],
          "type": [
            "Point"
          ]
        }
      ],
      "bdt_t1_bomb_zone_05_aaa_point_03": [
        {
          "objLayer": [
            0
          ],
          "props": [
            []
          ],
          "tm": [
            [
              [-0.998865,0.0,-0.0476383],
              [0.0,1.0,0.0],
              [0.0476383,0.0,-0.998865],
              [-5116.44,175.476,2021.29]
            ]
          ],
          "type": [
            "Point"
          ]
        }
      ],
      "bdt_t1_bomb_zone_05_aaa_point_04": [
        {
          "objLayer": [
            0
          ],
          "props": [
            []
          ],
          "tm": [
            [
              [-0.998865,0.0,-0.0476383],
              [0.0,1.0,0.0],
              [0.0476383,0.0,-0.998865],
              [-5026.48,175.421,1804.58]
            ]
          ],
          "type": [
            "Point"
          ]
        }
      ],
      "bdt_t1_bomb_zone_06": [
        {
          "objLayer": [
            0
          ],
          "props": [
            []
          ],
          "tm": [
            [
              [-449.89,0.0,-9.97675],
              [0.0,450.0,0.0],
              [9.97675,0.0,-449.89],
              [-7928.82,118.142,1130.35]
            ]
          ],
          "type": [
            "Sphere"
          ]
        }
      ],
      "bdt_t1_bomb_zone_06_aaa_point_01": [
        {
          "objLayer": [
            0
          ],
          "props": [
            []
          ],
          "tm": [
            [
              [-0.998865,0.0,-0.0476383],
              [0.0,1.0,0.0],
              [0.0476383,0.0,-0.998865],
              [-7762.48,123.607,1423.78]
            ]
          ],
          "type": [
            "Point"
          ]
        }
      ],
      "bdt_t1_bomb_zone_06_aaa_point_02": [
        {
          "objLayer": [
            0
          ],
          "props": [
            []
          ],
          "tm": [
            [
              [-0.998865,0.0,-0.0476383],
              [0.0,1.0,0.0],
              [0.0476383,0.0,-0.998865],
              [-7613.21,130.831,1206.73]
            ]
          ],
          "type": [
            "Point"
          ]
        }
      ],
      "bdt_t1_bomb_zone_06_aaa_point_03": [
        {
          "objLayer": [
            0
          ],
          "props": [
            []
          ],
          "tm": [
            [
              [-0.998865,0.0,-0.0476383],
              [0.0,1.0,0.0],
              [0.0476383,0.0,-0.998865],
              [-7924.17,102.467,821.207]
            ]
          ],
          "type": [
            "Point"
          ]
        }
      ],
      "bdt_t1_bomb_zone_06_aaa_point_04": [
        {
          "objLayer": [
            0
          ],
          "props": [
            []
          ],
          "tm": [
            [
              [-0.998865,0.0,-0.0476383],
              [0.0,1.0,0.0],
              [0.0476383,0.0,-0.998865],
              [-8202.29,124.508,1247.83]
            ]
          ],
          "type": [
            "Point"
          ]
        }
      ],
      "bdt_t1_bomb_zone_07": [
        {
          "objLayer": [
            0
          ],
          "props": [
            []
          ],
          "tm": [
            [
              [-449.89,0.0,-9.97675],
              [0.0,450.0,0.0],
              [9.97675,0.0,-449.89],
              [-10231.3,356.681,-5360.88]
            ]
          ],
          "type": [
            "Sphere"
          ]
        }
      ],
      "bdt_t1_bomb_zone_07_aaa_point_01": [
        {
          "objLayer": [
            0
          ],
          "props": [
            []
          ],
          "tm": [
            [
              [-0.998865,0.0,-0.0476383],
              [0.0,1.0,0.0],
              [0.0476383,0.0,-0.998865],
              [-10368.0,347.217,-5629.32]
            ]
          ],
          "type": [
            "Point"
          ]
        }
      ],
      "bdt_t1_bomb_zone_07_aaa_point_02": [
        {
          "objLayer": [
            0
          ],
          "props": [
            []
          ],
          "tm": [
            [
              [-0.998865,0.0,-0.0476383],
              [0.0,1.0,0.0],
              [0.0476383,0.0,-0.998865],
              [-10068.8,338.526,-5052.2]
            ]
          ],
          "type": [
            "Point"
          ]
        }
      ],
      "bdt_t1_bomb_zone_07_aaa_point_03": [
        {
          "objLayer": [
            0
          ],
          "props": [
            []
          ],
          "tm": [
            [
              [-0.998865,0.0,-0.0476383],
              [0.0,1.0,0.0],
              [0.0476383,0.0,-0.998865],
              [-10535.9,351.248,-5219.15]
            ]
          ],
          "type": [
            "Point"
          ]
        }
      ],
      "bdt_t1_bomb_zone_07_aaa_point_04": [
        {
          "objLayer": [
            0
          ],
          "props": [
            []
          ],
          "tm": [
            [
              [-0.998865,0.0,-0.0476383],
              [0.0,1.0,0.0],
              [0.0476383,0.0,-0.998865],
              [-10022.4,343.923,-5704.01]
            ]
          ],
          "type": [
            "Point"
          ]
        }
      ],
      "bdt_t1_bomb_zone_08": [
        {
          "objLayer": [
            0
          ],
          "props": [
            []
          ],
          "tm": [
            [
              [-21.6723,0.0,449.478],
              [0.0,450.0,0.0],
              [-449.478,0.0,-21.6723],
              [-7771.47,118.644,-5380.46]
            ]
          ],
          "type": [
            "Sphere"
          ]
        }
      ],
      "bdt_t1_bomb_zone_08_aaa_point_01": [
        {
          "objLayer": [
            0
          ],
          "props": [
            []
          ],
          "tm": [
            [
              [-0.597919,0.0,0.801557],
              [0.0,1.0,0.0],
              [-0.801557,0.0,-0.597919],
              [-7966.38,121.834,-5622.41]
            ]
          ],
          "type": [
            "Point"
          ]
        }
      ],
      "bdt_t1_bomb_zone_08_aaa_point_02": [
        {
          "objLayer": [
            0
          ],
          "props": [
            []
          ],
          "tm": [
            [
              [-0.597919,0.0,0.801557],
              [0.0,1.0,0.0],
              [-0.801557,0.0,-0.597919],
              [-7510.82,113.054,-5540.6]
            ]
          ],
          "type": [
            "Point"
          ]
        }
      ],
      "bdt_t1_bomb_zone_08_aaa_point_03": [
        {
          "objLayer": [
            0
          ],
          "props": [
            []
          ],
          "tm": [
            [
              [-0.597919,0.0,0.801557],
              [0.0,1.0,0.0],
              [-0.801557,0.0,-0.597919],
              [-7525.46,114.504,-5120.56]
            ]
          ],
          "type": [
            "Point"
          ]
        }
      ],
      "bdt_t1_bomb_zone_08_aaa_point_04": [
        {
          "objLayer": [
            0
          ],
          "props": [
            []
          ],
          "tm": [
            [
              [-0.597919,0.0,0.801557],
              [0.0,1.0,0.0],
              [-0.801557,0.0,-0.597919],
              [-7938.84,122.544,-5165.88]
            ]
          ],
          "type": [
            "Point"
          ]
        }
      ],
      "bdt_t1_bomb_zone_09": [
        {
          "objLayer": [
            0
          ],
          "props": [
            []
          ],
          "tm": [
            [
              [-21.6723,0.0,449.478],
              [0.0,450.0,0.0],
              [-449.478,0.0,-21.6723],
              [-5871.19,103.982,-4034.87]
            ]
          ],
          "type": [
            "Sphere"
          ]
        }
      ],
      "bdt_t1_bomb_zone_09_aaa_point_01": [
        {
          "objLayer": [
            0
          ],
          "props": [
            []
          ],
          "tm": [
            [
              [-0.597919,0.0,0.801557],
              [0.0,1.0,0.0],
              [-0.801557,0.0,-0.597919],
              [-5675.01,33.6777,-4437.7]
            ]
          ],
          "type": [
            "Point"
          ]
        }
      ],
      "bdt_t1_bomb_zone_09_aaa_point_02": [
        {
          "objLayer": [
            0
          ],
          "props": [
            []
          ],
          "tm": [
            [
              [-0.597919,0.0,0.801557],
              [0.0,1.0,0.0],
              [-0.801557,0.0,-0.597919],
              [-5463.2,62.4092,-3991.35]
            ]
          ],
          "type": [
            "Point"
          ]
        }
      ],
      "bdt_t1_bomb_zone_09_aaa_point_03": [
        {
          "objLayer": [
            0
          ],
          "props": [
            []
          ],
          "tm": [
            [
              [-0.597919,0.0,0.801557],
              [0.0,1.0,0.0],
              [-0.801557,0.0,-0.597919],
              [-6275.24,116.842,-4414.84]
            ]
          ],
          "type": [
            "Point"
          ]
        }
      ],
      "bdt_t1_bomb_zone_09_aaa_point_04": [
        {
          "objLayer": [
            0
          ],
          "props": [
            []
          ],
          "tm": [
            [
              [-0.597919,0.0,0.801557],
              [0.0,1.0,0.0],
              [-0.801557,0.0,-0.597919],
              [-5760.05,87.0206,-3646.43]
            ]
          ],
          "type": [
            "Point"
          ]
        }
      ],
      "bdt_t1_bomb_zone_10": [
        {
          "objLayer": [
            0
          ],
          "props": [
            []
          ],
          "tm": [
            [
              [-21.6723,0.0,449.478],
              [0.0,450.0,0.0],
              [-449.478,0.0,-21.6723],
              [-4302.78,83.4427,-948.762]
            ]
          ],
          "type": [
            "Sphere"
          ]
        }
      ],
      "bdt_t1_bomb_zone_10_aaa_point_01": [
        {
          "objLayer": [
            0
          ],
          "props": [
            []
          ],
          "tm": [
            [
              [-0.597919,0.0,0.801557],
              [0.0,1.0,0.0],
              [-0.801557,0.0,-0.597919],
              [-4052.88,104.554,-1220.83]
            ]
          ],
          "type": [
            "Point"
          ]
        }
      ],
      "bdt_t1_bomb_zone_10_aaa_point_02": [
        {
          "objLayer": [
            0
          ],
          "props": [
            []
          ],
          "tm": [
            [
              [-0.597919,0.0,0.801557],
              [0.0,1.0,0.0],
              [-0.801557,0.0,-0.597919],
              [-4627.12,60.7226,-1253.2]
            ]
          ],
          "type": [
            "Point"
          ]
        }
      ],
      "bdt_t1_bomb_zone_10_aaa_point_03": [
        {
          "objLayer": [
            0
          ],
          "props": [
            []
          ],
          "tm": [
            [
              [-0.597919,0.0,0.801557],
              [0.0,1.0,0.0],
              [-0.801557,0.0,-0.597919],
              [-4113.89,71.9828,-764.015]
            ]
          ],
          "type": [
            "Point"
          ]
        }
      ],
      "bdt_t1_bomb_zone_10_aaa_point_04": [
        {
          "objLayer": [
            0
          ],
          "props": [
            []
          ],
          "tm": [
            [
              [-0.597919,0.0,0.801557],
              [0.0,1.0,0.0],
              [-0.801557,0.0,-0.597919],
              [-4491.16,45.7281,-689.342]
            ]
          ],
          "type": [
            "Point"
          ]
        }
      ],
      "bdt_t2_bomb_zone_01": [
        {
          "objLayer": [
            0
          ],
          "props": [
            []
          ],
          "tm": [
            [
              [-438.806,0.0,-99.752],
              [0.0,450.0,0.0],
              [99.752,0.0,-438.806],
              [7697.77,332.35,-8887.66]
            ]
          ],
          "type": [
            "Sphere"
          ]
        }
      ],
      "bdt_t2_bomb_zone_01_aaa_point_01": [
        {
          "objLayer": [
            0
          ],
          "props": [
            []
          ],
          "tm": [
            [
              [-0.68496,0.0,-0.728578],
              [0.0,1.0,0.0],
              [0.728578,0.0,-0.68496],
              [7516.34,315.769,-8753.92]
            ]
          ],
          "type": [
            "Point"
          ]
        }
      ],
      "bdt_t2_bomb_zone_01_aaa_point_02": [
        {
          "objLayer": [
            0
          ],
          "props": [
            []
          ],
          "tm": [
            [
              [-0.68496,0.0,-0.728578],
              [0.0,1.0,0.0],
              [0.728578,0.0,-0.68496],
              [7979.69,333.23,-8964.91]
            ]
          ],
          "type": [
            "Point"
          ]
        }
      ],
      "bdt_t2_bomb_zone_01_aaa_point_03": [
        {
          "objLayer": [
            0
          ],
          "props": [
            []
          ],
          "tm": [
            [
              [-0.68496,0.0,-0.728578],
              [0.0,1.0,0.0],
              [0.728578,0.0,-0.68496],
              [7904.19,329.296,-9056.92]
            ]
          ],
          "type": [
            "Point"
          ]
        }
      ],
      "bdt_t2_bomb_zone_01_aaa_point_04": [
        {
          "objLayer": [
            0
          ],
          "props": [
            []
          ],
          "tm": [
            [
              [-0.68496,0.0,-0.728578],
              [0.0,1.0,0.0],
              [0.728578,0.0,-0.68496],
              [7657.72,325.534,-9353.39]
            ]
          ],
          "type": [
            "Point"
          ]
        }
      ],
      "bdt_t2_bomb_zone_02": [
        {
          "objLayer": [
            0
          ],
          "props": [
            []
          ],
          "tm": [
            [
              [-60.4458,0.0,445.924],
              [0.0,450.0,0.0],
              [-445.924,0.0,-60.4458],
              [11398.9,303.565,-12910.9]
            ]
          ],
          "type": [
            "Sphere"
          ]
        }
      ],
      "bdt_t2_bomb_zone_02_aaa_point_01": [
        {
          "objLayer": [
            0
          ],
          "props": [
            []
          ],
          "tm": [
            [
              [-0.664968,0.0,0.746869],
              [0.0,1.0,0.0],
              [-0.746869,0.0,-0.664968],
              [11608.2,317.915,-12957.3]
            ]
          ],
          "type": [
            "Point"
          ]
        }
      ],
      "bdt_t2_bomb_zone_02_aaa_point_02": [
        {
          "objLayer": [
            0
          ],
          "props": [
            []
          ],
          "tm": [
            [
              [-0.664968,0.0,0.746869],
              [0.0,1.0,0.0],
              [-0.746869,0.0,-0.664968],
              [11081.6,350.706,-13072.8]
            ]
          ],
          "type": [
            "Point"
          ]
        }
      ],
      "bdt_t2_bomb_zone_02_aaa_point_03": [
        {
          "objLayer": [
            0
          ],
          "props": [
            []
          ],
          "tm": [
            [
              [-0.664968,0.0,0.746869],
              [0.0,1.0,0.0],
              [-0.746869,0.0,-0.664968],
              [11453.8,337.276,-13173.2]
            ]
          ],
          "type": [
            "Point"
          ]
        }
      ],
      "bdt_t2_bomb_zone_02_aaa_point_04": [
        {
          "objLayer": [
            0
          ],
          "props": [
            []
          ],
          "tm": [
            [
              [-0.664968,0.0,0.746869],
              [0.0,1.0,0.0],
              [-0.746869,0.0,-0.664968],
              [11243.4,311.299,-12713.4]
            ]
          ],
          "type": [
            "Point"
          ]
        }
      ],
      "bdt_t2_bomb_zone_03": [
        {
          "objLayer": [
            0
          ],
          "props": [
            []
          ],
          "tm": [
            [
              [-423.448,0.0,152.288],
              [0.0,450.0,0.0],
              [-152.288,0.0,-423.448],
              [9098.03,123.463,-13191.7]
            ]
          ],
          "type": [
            "Sphere"
          ]
        }
      ],
      "bdt_t2_bomb_zone_03_aaa_point_01": [
        {
          "objLayer": [
            0
          ],
          "props": [
            []
          ],
          "tm": [
            [
              [-0.664968,0.0,0.746869],
              [0.0,1.0,0.0],
              [-0.746869,0.0,-0.664968],
              [9104.53,148.716,-12738.9]
            ]
          ],
          "type": [
            "Point"
          ]
        }
      ],
      "bdt_t2_bomb_zone_03_aaa_point_02": [
        {
          "objLayer": [
            0
          ],
          "props": [
            []
          ],
          "tm": [
            [
              [-0.664968,0.0,0.746869],
              [0.0,1.0,0.0],
              [-0.746869,0.0,-0.664968],
              [8822.33,119.204,-13289.5]
            ]
          ],
          "type": [
            "Point"
          ]
        }
      ],
      "bdt_t2_bomb_zone_03_aaa_point_03": [
        {
          "objLayer": [
            0
          ],
          "props": [
            []
          ],
          "tm": [
            [
              [-0.664968,0.0,0.746869],
              [0.0,1.0,0.0],
              [-0.746869,0.0,-0.664968],
              [9039.73,130.864,-13506.7]
            ]
          ],
          "type": [
            "Point"
          ]
        }
      ],
      "bdt_t2_bomb_zone_03_aaa_point_04": [
        {
          "objLayer": [
            0
          ],
          "props": [
            []
          ],
          "tm": [
            [
              [-0.664968,0.0,0.746869],
              [0.0,1.0,0.0],
              [-0.746869,0.0,-0.664968],
              [9396.42,133.438,-13160.4]
            ]
          ],
          "type": [
            "Point"
          ]
        }
      ],
      "bdt_t2_bomb_zone_04": [
        {
          "objLayer": [
            0
          ],
          "props": [
            []
          ],
          "tm": [
            [
              [-302.232,0.0,-333.399],
              [0.0,450.0,0.0],
              [333.399,0.0,-302.232],
              [7629.88,126.725,-13240.5]
            ]
          ],
          "type": [
            "Sphere"
          ]
        }
      ],
      "bdt_t2_bomb_zone_04_aaa_point_01": [
        {
          "objLayer": [
            0
          ],
          "props": [
            []
          ],
          "tm": [
            [
              [-0.68496,0.0,-0.728578],
              [0.0,1.0,0.0],
              [0.728578,0.0,-0.68496],
              [7633.96,111.052,-13572.8]
            ]
          ],
          "type": [
            "Point"
          ]
        }
      ],
      "bdt_t2_bomb_zone_04_aaa_point_02": [
        {
          "objLayer": [
            0
          ],
          "props": [
            []
          ],
          "tm": [
            [
              [-0.68496,0.0,-0.728578],
              [0.0,1.0,0.0],
              [0.728578,0.0,-0.68496],
              [7931.58,116.711,-13224.9]
            ]
          ],
          "type": [
            "Point"
          ]
        }
      ],
      "bdt_t2_bomb_zone_04_aaa_point_03": [
        {
          "objLayer": [
            0
          ],
          "props": [
            []
          ],
          "tm": [
            [
              [-0.68496,0.0,-0.728578],
              [0.0,1.0,0.0],
              [0.728578,0.0,-0.68496],
              [7374.97,119.946,-13162.2]
            ]
          ],
          "type": [
            "Point"
          ]
        }
      ],
      "bdt_t2_bomb_zone_04_aaa_point_04": [
        {
          "objLayer": [
            0
          ],
          "props": [
            []
          ],
          "tm": [
            [
              [-0.68496,0.0,-0.728578],
              [0.0,1.0,0.0],
              [0.728578,0.0,-0.68496],
              [7560.63,128.474,-13003.5]
            ]
          ],
          "type": [
            "Point"
          ]
        }
      ],
      "bdt_t2_bomb_zone_05": [
        {
          "objLayer": [
            0
          ],
          "props": [
            []
          ],
          "tm": [
            [
              [-302.232,0.0,-333.399],
              [0.0,450.0,0.0],
              [333.399,0.0,-302.232],
              [8086.3,86.8891,-15235.9]
            ]
          ],
          "type": [
            "Sphere"
          ]
        }
      ],
      "bdt_t2_bomb_zone_05_aaa_point_01": [
        {
          "objLayer": [
            0
          ],
          "props": [
            []
          ],
          "tm": [
            [
              [-0.68496,0.0,-0.728578],
              [0.0,1.0,0.0],
              [0.728578,0.0,-0.68496],
              [7898.46,89.0591,-14944.0]
            ]
          ],
          "type": [
            "Point"
          ]
        }
      ],
      "bdt_t2_bomb_zone_05_aaa_point_02": [
        {
          "objLayer": [
            0
          ],
          "props": [
            []
          ],
          "tm": [
            [
              [-0.68496,0.0,-0.728578],
              [0.0,1.0,0.0],
              [0.728578,0.0,-0.68496],
              [8032.33,87.5181,-15607.4]
            ]
          ],
          "type": [
            "Point"
          ]
        }
      ],
      "bdt_t2_bomb_zone_05_aaa_point_03": [
        {
          "objLayer": [
            0
          ],
          "props": [
            []
          ],
          "tm": [
            [
              [-0.68496,0.0,-0.728578],
              [0.0,1.0,0.0],
              [0.728578,0.0,-0.68496],
              [8230.21,94.3931,-15550.2]
            ]
          ],
          "type": [
            "Point"
          ]
        }
      ],
      "bdt_t2_bomb_zone_05_aaa_point_04": [
        {
          "objLayer": [
            0
          ],
          "props": [
            []
          ],
          "tm": [
            [
              [-0.68496,0.0,-0.728578],
              [0.0,1.0,0.0],
              [0.728578,0.0,-0.68496],
              [8339.92,93.5271,-15030.5]
            ]
          ],
          "type": [
            "Point"
          ]
        }
      ],
      "bdt_t2_bomb_zone_06": [
        {
          "objLayer": [
            0
          ],
          "props": [
            []
          ],
          "tm": [
            [
              [-110.428,0.0,-436.24],
              [0.0,450.0,0.0],
              [436.24,0.0,-110.428],
              [9212.43,305.359,-11649.0]
            ]
          ],
          "type": [
            "Sphere"
          ]
        }
      ],
      "bdt_t2_bomb_zone_06_aaa_point_01": [
        {
          "objLayer": [
            0
          ],
          "props": [
            []
          ],
          "tm": [
            [
              [-0.262944,0.0,-0.964814],
              [0.0,1.0,0.0],
              [0.964814,0.0,-0.262944],
              [9253.69,302.207,-11307.3]
            ]
          ],
          "type": [
            "Point"
          ]
        }
      ],
      "bdt_t2_bomb_zone_06_aaa_point_02": [
        {
          "objLayer": [
            0
          ],
          "props": [
            []
          ],
          "tm": [
            [
              [-0.262944,0.0,-0.964814],
              [0.0,1.0,0.0],
              [0.964814,0.0,-0.262944],
              [9389.9,322.18,-12059.9]
            ]
          ],
          "type": [
            "Point"
          ]
        }
      ],
      "bdt_t2_bomb_zone_06_aaa_point_03": [
        {
          "objLayer": [
            0
          ],
          "props": [
            []
          ],
          "tm": [
            [
              [-0.262944,0.0,-0.964814],
              [0.0,1.0,0.0],
              [0.964814,0.0,-0.262944],
              [9068.94,336.27,-12001.7]
            ]
          ],
          "type": [
            "Point"
          ]
        }
      ],
      "bdt_t2_bomb_zone_06_aaa_point_04": [
        {
          "objLayer": [
            0
          ],
          "props": [
            []
          ],
          "tm": [
            [
              [-0.262944,0.0,-0.964814],
              [0.0,1.0,0.0],
              [0.964814,0.0,-0.262944],
              [8678.43,336.457,-11771.8]
            ]
          ],
          "type": [
            "Point"
          ]
        }
      ],
      "bdt_t2_bomb_zone_07": [
        {
          "objLayer": [
            0
          ],
          "props": [
            []
          ],
          "tm": [
            [
              [-302.232,0.0,-333.399],
              [0.0,450.0,0.0],
              [333.399,0.0,-302.232],
              [9501.55,428.597,-8156.42]
            ]
          ],
          "type": [
            "Sphere"
          ]
        }
      ],
      "bdt_t2_bomb_zone_07_aaa_point_01": [
        {
          "objLayer": [
            0
          ],
          "props": [
            []
          ],
          "tm": [
            [
              [-0.68496,0.0,-0.728578],
              [0.0,1.0,0.0],
              [0.728578,0.0,-0.68496],
              [9257.82,422.045,-7807.23]
            ]
          ],
          "type": [
            "Point"
          ]
        }
      ],
      "bdt_t2_bomb_zone_07_aaa_point_02": [
        {
          "objLayer": [
            0
          ],
          "props": [
            []
          ],
          "tm": [
            [
              [-0.68496,0.0,-0.728578],
              [0.0,1.0,0.0],
              [0.728578,0.0,-0.68496],
              [9474.11,423.654,-8583.27]
            ]
          ],
          "type": [
            "Point"
          ]
        }
      ],
      "bdt_t2_bomb_zone_07_aaa_point_03": [
        {
          "objLayer": [
            0
          ],
          "props": [
            []
          ],
          "tm": [
            [
              [-0.68496,0.0,-0.728578],
              [0.0,1.0,0.0],
              [0.728578,0.0,-0.68496],
              [9904.73,431.441,-8368.05]
            ]
          ],
          "type": [
            "Point"
          ]
        }
      ],
      "bdt_t2_bomb_zone_07_aaa_point_04": [
        {
          "objLayer": [
            0
          ],
          "props": [
            []
          ],
          "tm": [
            [
              [-0.68496,0.0,-0.728578],
              [0.0,1.0,0.0],
              [0.728578,0.0,-0.68496],
              [9641.11,423.126,-7778.52]
            ]
          ],
          "type": [
            "Point"
          ]
        }
      ],
      "bdt_t2_bomb_zone_08": [
        {
          "objLayer": [
            0
          ],
          "props": [
            []
          ],
          "tm": [
            [
              [-423.448,0.0,152.288],
              [0.0,450.0,0.0],
              [-152.288,0.0,-423.448],
              [11111.2,528.18,-7374.96]
            ]
          ],
          "type": [
            "Sphere"
          ]
        }
      ],
      "bdt_t2_bomb_zone_08_aaa_point_01": [
        {
          "objLayer": [
            0
          ],
          "props": [
            []
          ],
          "tm": [
            [
              [-0.664968,0.0,0.746869],
              [0.0,1.0,0.0],
              [-0.746869,0.0,-0.664968],
              [11000.4,520.534,-7179.93]
            ]
          ],
          "type": [
            "Point"
          ]
        }
      ],
      "bdt_t2_bomb_zone_08_aaa_point_02": [
        {
          "objLayer": [
            0
          ],
          "props": [
            []
          ],
          "tm": [
            [
              [-0.664968,0.0,0.746869],
              [0.0,1.0,0.0],
              [-0.746869,0.0,-0.664968],
              [11415.0,524.732,-7518.3]
            ]
          ],
          "type": [
            "Point"
          ]
        }
      ],
      "bdt_t2_bomb_zone_08_aaa_point_03": [
        {
          "objLayer": [
            0
          ],
          "props": [
            []
          ],
          "tm": [
            [
              [-0.664968,0.0,0.746869],
              [0.0,1.0,0.0],
              [-0.746869,0.0,-0.664968],
              [10870.1,523.777,-7600.39]
            ]
          ],
          "type": [
            "Point"
          ]
        }
      ],
      "bdt_t2_bomb_zone_08_aaa_point_04": [
        {
          "objLayer": [
            0
          ],
          "props": [
            []
          ],
          "tm": [
            [
              [-0.664968,0.0,0.746869],
              [0.0,1.0,0.0],
              [-0.746869,0.0,-0.664968],
              [11217.5,536.47,-7696.69]
            ]
          ],
          "type": [
            "Point"
          ]
        }
      ],
      "bdt_t2_bomb_zone_09": [
        {
          "objLayer": [
            0
          ],
          "props": [
            []
          ],
          "tm": [
            [
              [-423.448,0.0,152.288],
              [0.0,450.0,0.0],
              [-152.288,0.0,-423.448],
              [12686.0,390.63,-12315.8]
            ]
          ],
          "type": [
            "Sphere"
          ]
        }
      ],
      "bdt_t2_bomb_zone_09_aaa_point_01": [
        {
          "objLayer": [
            0
          ],
          "props": [
            []
          ],
          "tm": [
            [
              [-0.664968,0.0,0.746869],
              [0.0,1.0,0.0],
              [-0.746869,0.0,-0.664968],
              [12779.7,388.429,-11931.7]
            ]
          ],
          "type": [
            "Point"
          ]
        }
      ],
      "bdt_t2_bomb_zone_09_aaa_point_02": [
        {
          "objLayer": [
            0
          ],
          "props": [
            []
          ],
          "tm": [
            [
