{
  "airfields": [],
  "areas": {
    "ft_center_area": {
      "objLayer": 0,
      "props": [],
      "tm": [
        [20000.0,0.0,-0.0010789],
        [0.0,805.1,0.0],
        [-0.265356,0.0,83200.0],
        [0.0,202.449,0.0]
      ],
      "type": "Box"
    },
    "ft_small_border": {
      "objLayer": 3,
      "props": [],
      "tm": [
        [64000.0,0.0,-0.00345248],
        [0.0,805.1,0.0],
        [-0.20412,0.0,64000.0],
        [0.0,202.449,0.0]
      ],
      "type": "Box"
    },
    "ft_t1_airfield_01_01_bomb_zone": {
      "objLayer": 0,
      "props": [],
      "tm": [
        [-3184.27,0.0,316.866],
        [0.0,450.0,0.0],
        [-118.825,0.0,-1194.1],
        [-28055.1,208.968,27453.1]
      ],
      "type": "Box"
    },
    "ft_t1_airfield_01_01_spawn_01": {
      "objLayer": 0,
      "props": [],
      "tm": [
        [-0.812258,0.0,0.583297],
        [0.0,1.0,0.0],
        [-0.583297,0.0,-0.812258],
        [-29187.5,254.797,28119.0]
      ],
      "type": "Point"
    },
    "ft_t1_airfield_01_01_spawn_02": {
      "objLayer": 0,
      "props": [],
      "tm": [
        [-0.812258,0.0,0.583297],
        [0.0,1.0,0.0],
        [-0.583297,0.0,-0.812258],
        [-26870.3,244.906,28007.5]
      ],
      "type": "Point"
    },
    "ft_t1_airfield_01_01_spawn_03": {
      "objLayer": 0,
      "props": [],
      "tm": [
        [-0.812258,0.0,0.583297],
        [0.0,1.0,0.0],
        [-0.583297,0.0,-0.812258],
        [-27447.0,267.882,26918.7]
      ],
      "type": "Point"
    },
    "ft_t1_airfield_01_01_spawn_04": {
      "objLayer": 0,
      "props": [],
      "tm": [
        [-0.812258,0.0,0.583297],
        [0.0,1.0,0.0],
        [-0.583297,0.0,-0.812258],
        [-26466.4,280.142,26870.2]
      ],
      "type": "Point"
    },
    "ft_t1_airfield_01_01_spawn_05": {
      "objLayer": 0,
      "props": [],
      "tm": [
        [-0.812258,0.0,0.583297],
        [0.0,1.0,0.0],
        [-0.583297,0.0,-0.812258],
        [-27600.0,261.878,27978.8]
      ],
      "type": "Point"
    },
    "ft_t1_airfield_01_01_spawn_06": {
      "objLayer": 0,
      "props": [],
      "tm": [
        [-0.812258,0.0,0.583297],
        [0.0,1.0,0.0],
        [-0.583297,0.0,-0.812258],
        [-27005.1,263.52,26947.6]
      ],
      "type": "Point"
    },
    "ft_t1_airfield_01_01_spawn_07": {
      "objLayer": 0,
      "props": [],
      "tm": [
        [-0.812258,0.0,0.583297],
        [0.0,1.0,0.0],
        [-0.583297,0.0,-0.812258],
        [-27275.1,262.438,27973.5]
      ],
      "type": "Point"
    },
    "ft_t1_airfield_01_01_spawn_08": {
      "objLayer": 0,
      "props": [],
      "tm": [
        [-0.812258,0.0,0.583297],
        [0.0,1.0,0.0],
        [-0.583297,0.0,-0.812258],
        [-28107.9,255.929,28080.3]
      ],
      "type": "Point"
    },
    "ft_t1_airfield_01_01_spawn_09": {
      "objLayer": 0,
      "props": [],
      "tm": [
        [-0.812258,0.0,0.583297],
        [0.0,1.0,0.0],
        [-0.583297,0.0,-0.812258],
        [-27870.5,268.08,26964.6]
      ],
      "type": "Point"
    },
    "ft_t1_airfield_01_01_spawn_10": {
      "objLayer": 0,
      "props": [],
      "tm": [
        [-0.812258,0.0,0.583297],
        [0.0,1.0,0.0],
        [-0.583297,0.0,-0.812258],
        [-29011.9,278.461,27049.9]
      ],
      "type": "Point"
    },
    "ft_t1_airfield_01_01_spawn_11": {
      "objLayer": 0,
      "props": [],
      "tm": [
        [-0.812258,0.0,0.583297],
        [0.0,1.0,0.0],
        [-0.583297,0.0,-0.812258],
        [-27818.0,261.994,27986.3]
      ],
      "type": "Point"
    },
    "ft_t1_airfield_01_01_spawn_12": {
      "objLayer": 0,
      "props": [],
      "tm": [
        [-0.812258,0.0,0.583297],
        [0.0,1.0,0.0],
        [-0.583297,0.0,-0.812258],
        [-28265.6,267.424,26991.3]
      ],
      "type": "Point"
    },
    "ft_t1_airfield_01_01_spawn_13": {
      "objLayer": 0,
      "props": [],
      "tm": [
        [-0.812258,0.0,0.583297],
        [0.0,1.0,0.0],
        [-0.583297,0.0,-0.812258],
        [-29342.0,273.44,27087.2]
      ],
      "type": "Point"
    },
    "ft_t1_airfield_01_01_spawn_14": {
      "objLayer": 0,
      "props": [],
      "tm": [
        [-0.812258,0.0,0.583297],
        [0.0,1.0,0.0],
        [-0.583297,0.0,-0.812258],
        [-28637.5,264.184,27009.6]
      ],
      "type": "Point"
    },
    "ft_t1_airfield_01_01_spawn_15": {
      "objLayer": 0,
      "props": [],
      "tm": [
        [-0.812258,0.0,0.583297],
        [0.0,1.0,0.0],
        [-0.583297,0.0,-0.812258],
        [-28492.8,257.635,28265.0]
      ],
      "type": "Point"
    },
    "ft_t1_airfield_01_01_spawn_16": {
      "objLayer": 0,
      "props": [],
      "tm": [
        [-0.812258,0.0,0.583297],
        [0.0,1.0,0.0],
        [-0.583297,0.0,-0.812258],
        [-28864.2,261.716,28086.6]
      ],
      "type": "Point"
    },
    "ft_t1_airfield_01_02_bomb_zone": {
      "objLayer": 0,
      "props": [],
      "tm": [
        [-3158.9,0.0,511.274],
        [0.0,450.0,0.0],
        [-191.729,0.0,-1184.59],
        [-28571.7,179.5,-5358.64]
      ],
      "type": "Box"
    },
    "ft_t1_airfield_01_02_spawn_01": {
      "objLayer": 0,
      "props": [],
      "tm": [
        [0.986902,0.0,-0.161322],
        [0.0,1.0,0.0],
        [0.161322,0.0,0.986902],
        [-27342.3,227.521,-5034.5]
      ],
      "type": "Point"
    },
    "ft_t1_airfield_01_02_spawn_02": {
      "objLayer": 0,
      "props": [],
      "tm": [
        [0.986902,0.0,-0.161322],
        [0.0,1.0,0.0],
        [0.161322,0.0,0.986902],
        [-28315.5,227.946,-5944.49]
      ],
      "type": "Point"
    },
    "ft_t1_airfield_01_02_spawn_03": {
      "objLayer": 0,
      "props": [],
      "tm": [
        [0.986902,0.0,-0.161322],
        [0.0,1.0,0.0],
        [0.161322,0.0,0.986902],
        [-29106.4,227.47,-5739.38]
      ],
      "type": "Point"
    },
    "ft_t1_airfield_01_02_spawn_04": {
      "objLayer": 0,
      "props": [],
      "tm": [
        [0.986902,0.0,-0.161322],
        [0.0,1.0,0.0],
        [0.161322,0.0,0.986902],
        [-29583.0,223.118,-5691.27]
      ],
      "type": "Point"
    },
    "ft_t1_airfield_01_02_spawn_05": {
      "objLayer": 0,
      "props": [],
      "tm": [
        [0.986902,0.0,-0.161322],
        [0.0,1.0,0.0],
        [0.161322,0.0,0.986902],
        [-28612.0,226.197,-4715.33]
      ],
      "type": "Point"
    },
    "ft_t1_airfield_01_02_spawn_06": {
      "objLayer": 0,
      "props": [],
      "tm": [
        [0.986902,0.0,-0.161322],
        [0.0,1.0,0.0],
        [0.161322,0.0,0.986902],
        [-27939.3,227.718,-4774.18]
      ],
      "type": "Point"
    },
    "ft_t1_airfield_01_02_spawn_07": {
      "objLayer": 0,
      "props": [],
      "tm": [
        [0.986902,0.0,-0.161322],
        [0.0,1.0,0.0],
        [0.161322,0.0,0.986902],
        [-29392.8,229.234,-4666.21]
      ],
      "type": "Point"
    },
    "ft_t1_airfield_01_02_spawn_08": {
      "objLayer": 0,
      "props": [],
      "tm": [
        [0.986902,0.0,-0.161322],
        [0.0,1.0,0.0],
        [0.161322,0.0,0.986902],
        [-28827.9,228.833,-5785.28]
      ],
      "type": "Point"
    },
    "ft_t1_airfield_01_02_spawn_09": {
      "objLayer": 0,
      "props": [],
      "tm": [
        [0.986902,0.0,-0.161322],
        [0.0,1.0,0.0],
        [0.161322,0.0,0.986902],
        [-28867.4,230.995,-4704.83]
      ],
      "type": "Point"
    },
    "ft_t1_airfield_01_02_spawn_10": {
      "objLayer": 0,
      "props": [],
      "tm": [
        [0.986902,0.0,-0.161322],
        [0.0,1.0,0.0],
        [0.161322,0.0,0.986902],
        [-29060.8,230.5,-4659.11]
      ],
      "type": "Point"
    },
    "ft_t1_airfield_01_02_spawn_11": {
      "objLayer": 0,
      "props": [],
      "tm": [
        [0.986902,0.0,-0.161322],
        [0.0,1.0,0.0],
        [0.161322,0.0,0.986902],
        [-28084.3,227.925,-5983.49]
      ],
      "type": "Point"
    },
    "ft_t1_airfield_01_02_spawn_12": {
      "objLayer": 0,
      "props": [],
      "tm": [
        [0.986902,0.0,-0.161322],
        [0.0,1.0,0.0],
        [0.161322,0.0,0.986902],
        [-27573.4,227.705,-6037.68]
      ],
      "type": "Point"
    },
    "ft_t1_airfield_01_02_spawn_13": {
      "objLayer": 0,
      "props": [],
      "tm": [
        [0.986902,0.0,-0.161322],
        [0.0,1.0,0.0],
        [0.161322,0.0,0.986902],
        [-29308.4,225.557,-5698.32]
      ],
      "type": "Point"
    },
    "ft_t1_airfield_01_02_spawn_14": {
      "objLayer": 0,
      "props": [],
      "tm": [
        [0.986902,0.0,-0.161322],
        [0.0,1.0,0.0],
        [0.161322,0.0,0.986902],
        [-27560.5,227.621,-4816.3]
      ],
      "type": "Point"
    },
    "ft_t1_airfield_01_02_spawn_15": {
      "objLayer": 0,
      "props": [],
      "tm": [
        [0.986902,0.0,-0.161322],
        [0.0,1.0,0.0],
        [0.161322,0.0,0.986902],
        [-28614.4,228.336,-5889.22]
      ],
      "type": "Point"
    },
    "ft_t1_airfield_01_02_spawn_16": {
      "objLayer": 0,
      "props": [],
      "tm": [
        [0.986902,0.0,-0.161322],
        [0.0,1.0,0.0],
        [0.161322,0.0,0.986902],
        [-28218.7,225.798,-4774.17]
      ],
      "type": "Point"
    },
    "ft_t1_airfield_01_03_bomb_zone": {
      "objLayer": 0,
      "props": [],
      "tm": [
        [-3050.75,0.0,-965.89],
        [0.0,450.0,0.0],
        [362.207,0.0,-1144.03],
        [-28634.5,124.437,-28844.5]
      ],
      "type": "Box"
    },
    "ft_t1_airfield_01_03_spawn_01": {
      "objLayer": 0,
      "props": [],
      "tm": [
        [-0.530683,0.0,-0.847571],
        [0.0,1.0,0.0],
        [0.847571,0.0,-0.530683],
        [-29556.3,161.812,-30191.5]
      ],
      "type": "Point"
    },
    "ft_t1_airfield_01_03_spawn_02": {
      "objLayer": 0,
      "props": [],
      "tm": [
        [-0.530683,0.0,-0.847571],
        [0.0,1.0,0.0],
        [0.847571,0.0,-0.530683],
        [-28715.0,262.033,-28347.9]
      ],
      "type": "Point"
    },
    "ft_t1_airfield_01_03_spawn_03": {
      "objLayer": 0,
      "props": [],
      "tm": [
        [-0.530683,0.0,-0.847571],
        [0.0,1.0,0.0],
        [0.847571,0.0,-0.530683],
        [-28021.2,215.051,-28235.4]
      ],
      "type": "Point"
    },
    "ft_t1_airfield_01_03_spawn_04": {
      "objLayer": 0,
      "props": [],
      "tm": [
        [-0.530683,0.0,-0.847571],
        [0.0,1.0,0.0],
        [0.847571,0.0,-0.530683],
        [-27436.4,271.686,-29256.0]
      ],
      "type": "Point"
    },
    "ft_t1_airfield_01_03_spawn_05": {
      "objLayer": 0,
      "props": [],
      "tm": [
        [-0.530683,0.0,-0.847571],
        [0.0,1.0,0.0],
        [0.847571,0.0,-0.530683],
        [-28541.7,246.691,-29614.2]
      ],
      "type": "Point"
    },
    "ft_t1_airfield_01_03_spawn_06": {
      "objLayer": 0,
      "props": [],
      "tm": [
        [-0.530683,0.0,-0.847571],
        [0.0,1.0,0.0],
        [0.847571,0.0,-0.530683],
        [-27085.3,269.568,-29168.4]
      ],
      "type": "Point"
    },
    "ft_t1_airfield_01_03_spawn_07": {
      "objLayer": 0,
      "props": [],
      "tm": [
        [-0.530683,0.0,-0.847571],
        [0.0,1.0,0.0],
        [0.847571,0.0,-0.530683],
        [-30162.9,157.259,-28846.5]
      ],
      "type": "Point"
    },
    "ft_t1_airfield_01_03_spawn_08": {
      "objLayer": 0,
      "props": [],
      "tm": [
        [-0.530683,0.0,-0.847571],
        [0.0,1.0,0.0],
        [0.847571,0.0,-0.530683],
        [-29115.4,271.599,-28486.2]
      ],
      "type": "Point"
    },
    "ft_t1_airfield_01_03_spawn_09": {
      "objLayer": 0,
      "props": [],
      "tm": [
        [-0.530683,0.0,-0.847571],
        [0.0,1.0,0.0],
        [0.847571,0.0,-0.530683],
        [-29500.3,273.092,-28488.8]
      ],
      "type": "Point"
    },
    "ft_t1_airfield_01_03_spawn_10": {
      "objLayer": 0,
      "props": [],
      "tm": [
        [-0.530683,0.0,-0.847571],
        [0.0,1.0,0.0],
        [0.847571,0.0,-0.530683],
        [-29143.0,179.778,-29746.9]
      ],
      "type": "Point"
    },
    "ft_t1_airfield_01_03_spawn_11": {
      "objLayer": 0,
      "props": [],
      "tm": [
        [-0.530683,0.0,-0.847571],
        [0.0,1.0,0.0],
        [0.847571,0.0,-0.530683],
        [-28182.5,265.443,-29498.7]
      ],
      "type": "Point"
    },
    "ft_t1_airfield_01_03_spawn_12": {
      "objLayer": 0,
      "props": [],
      "tm": [
        [-0.530683,0.0,-0.847571],
        [0.0,1.0,0.0],
        [0.847571,0.0,-0.530683],
        [-27723.4,183.942,-28161.8]
      ],
      "type": "Point"
    },
    "ft_t1_airfield_01_03_spawn_13": {
      "objLayer": 0,
      "props": [],
      "tm": [
        [-0.530683,0.0,-0.847571],
        [0.0,1.0,0.0],
        [0.847571,0.0,-0.530683],
        [-29839.9,272.779,-28769.8]
      ],
      "type": "Point"
    },
    "ft_t1_airfield_01_03_spawn_14": {
      "objLayer": 0,
      "props": [],
      "tm": [
        [-0.530683,0.0,-0.847571],
        [0.0,1.0,0.0],
        [0.847571,0.0,-0.530683],
        [-27798.7,268.156,-29395.8]
      ],
      "type": "Point"
    },
    "ft_t1_airfield_01_03_spawn_15": {
      "objLayer": 0,
      "props": [],
      "tm": [
        [-0.530683,0.0,-0.847571],
        [0.0,1.0,0.0],
        [0.847571,0.0,-0.530683],
        [-28866.8,222.69,-29688.0]
      ],
      "type": "Point"
    },
    "ft_t1_airfield_01_03_spawn_16": {
      "objLayer": 0,
      "props": [],
      "tm": [
        [-0.530683,0.0,-0.847571],
        [0.0,1.0,0.0],
        [0.847571,0.0,-0.530683],
        [-28293.3,237.088,-28346.5]
      ],
      "type": "Point"
    },
    "ft_t1_airfield_01_04_bomb_zone": {
      "objLayer": 0,
      "props": [],
      "tm": [
        [-3185.45,0.0,304.847],
        [0.0,450.0,0.0],
        [-114.318,0.0,-1194.54],
        [-28557.1,232.913,6530.93]
      ],
      "type": "Box"
    },
    "ft_t1_airfield_01_04_spawn_01": {
      "objLayer": 0,
      "props": [],
      "tm": [
        [1.0,0.0,0.0],
        [0.0,1.0,0.0],
        [0.0,0.0,1.0],
        [-27442.0,293.374,6097.16]
      ],
      "type": "Point"
    },
    "ft_t1_airfield_01_04_spawn_02": {
      "objLayer": 0,
      "props": [],
      "tm": [
        [1.0,0.0,0.0],
        [0.0,1.0,0.0],
        [0.0,0.0,1.0],
        [-27659.4,293.125,7093.63]
      ],
      "type": "Point"
    },
    "ft_t1_airfield_01_04_spawn_03": {
      "objLayer": 0,
      "props": [],
      "tm": [
        [1.0,0.0,0.0],
        [0.0,1.0,0.0],
        [0.0,0.0,1.0],
        [-28368.4,291.433,6023.57]
      ],
      "type": "Point"
    },
    "ft_t1_airfield_01_04_spawn_04": {
      "objLayer": 0,
      "props": [],
      "tm": [
        [1.0,0.0,0.0],
        [0.0,1.0,0.0],
        [0.0,0.0,1.0],
        [-29586.8,293.439,7160.48]
      ],
      "type": "Point"
    },
    "ft_t1_airfield_01_04_spawn_05": {
      "objLayer": 0,
      "props": [],
      "tm": [
        [1.0,0.0,0.0],
        [0.0,1.0,0.0],
        [0.0,0.0,1.0],
        [-28118.9,293.721,7033.56]
      ],
      "type": "Point"
    },
    "ft_t1_airfield_01_04_spawn_06": {
      "objLayer": 0,
      "props": [],
      "tm": [
        [1.0,0.0,0.0],
        [0.0,1.0,0.0],
        [0.0,0.0,1.0],
        [-29326.6,281.669,6106.96]
      ],
      "type": "Point"
    },
    "ft_t1_airfield_01_04_spawn_07": {
      "objLayer": 0,
      "props": [],
      "tm": [
        [1.0,0.0,0.0],
        [0.0,1.0,0.0],
        [0.0,0.0,1.0],
        [-28328.9,291.365,7053.97]
      ],
      "type": "Point"
    },
    "ft_t1_airfield_01_04_spawn_08": {
      "objLayer": 0,
      "props": [],
      "tm": [
        [1.0,0.0,0.0],
        [0.0,1.0,0.0],
        [0.0,0.0,1.0],
        [-27311.9,293.507,6967.27]
      ],
      "type": "Point"
    },
    "ft_t1_airfield_01_04_spawn_09": {
      "objLayer": 0,
      "props": [],
      "tm": [
        [1.0,0.0,0.0],
        [0.0,1.0,0.0],
        [0.0,0.0,1.0],
        [-27707.0,292.71,5986.43]
      ],
      "type": "Point"
    },
    "ft_t1_airfield_01_04_spawn_10": {
      "objLayer": 0,
      "props": [],
      "tm": [
        [1.0,0.0,0.0],
        [0.0,1.0,0.0],
        [0.0,0.0,1.0],
        [-29694.5,289.567,6207.73]
      ],
      "type": "Point"
    },
    "ft_t1_airfield_01_04_spawn_11": {
      "objLayer": 0,
      "props": [],
      "tm": [
        [1.0,0.0,0.0],
        [0.0,1.0,0.0],
        [0.0,0.0,1.0],
        [-29288.8,288.924,7133.83]
      ],
      "type": "Point"
    },
    "ft_t1_airfield_01_04_spawn_12": {
      "objLayer": 0,
      "props": [],
      "tm": [
        [1.0,0.0,0.0],
        [0.0,1.0,0.0],
        [0.0,0.0,1.0],
        [-28828.1,293.514,7120.92]
      ],
      "type": "Point"
    },
    "ft_t1_airfield_01_04_spawn_13": {
      "objLayer": 0,
      "props": [],
      "tm": [
        [1.0,0.0,0.0],
        [0.0,1.0,0.0],
        [0.0,0.0,1.0],
        [-29048.4,290.882,7134.51]
      ],
      "type": "Point"
    },
    "ft_t1_airfield_01_04_spawn_14": {
      "objLayer": 0,
      "props": [],
      "tm": [
        [1.0,0.0,0.0],
        [0.0,1.0,0.0],
        [0.0,0.0,1.0],
        [-28737.2,290.937,6043.71]
      ],
      "type": "Point"
    },
    "ft_t1_airfield_01_04_spawn_15": {
      "objLayer": 0,
      "props": [],
      "tm": [
        [1.0,0.0,0.0],
        [0.0,1.0,0.0],
        [0.0,0.0,1.0],
        [-28992.1,286.775,6072.56]
      ],
      "type": "Point"
    },
    "ft_t1_airfield_01_04_spawn_16": {
      "objLayer": 0,
      "props": [],
      "tm": [
        [1.0,0.0,0.0],
        [0.0,1.0,0.0],
        [0.0,0.0,1.0],
        [-28034.1,290.699,6029.3]
      ],
      "type": "Point"
    },
    "ft_t1_airfield_02_01_bomb_zone": {
      "objLayer": 0,
      "props": [],
      "tm": [
        [-3198.1,0.0,110.287],
        [0.0,450.0,0.0],
        [-41.3562,0.0,-1199.29],
        [-20741.8,192.345,3136.45]
      ],
      "type": "Box"
    },
    "ft_t1_airfield_02_01_spawn_01": {
      "objLayer": 0,
      "props": [],
      "tm": [
        [-0.974272,0.0,-0.225376],
        [0.0,1.0,0.0],
        [0.225376,0.0,-0.974272],
        [-20220.9,238.151,3678.95]
      ],
      "type": "Point"
    },
    "ft_t1_airfield_02_01_spawn_02": {
      "objLayer": 0,
      "props": [],
      "tm": [
        [-0.974272,0.0,-0.225376],
        [0.0,1.0,0.0],
        [0.225376,0.0,-0.974272],
        [-21485.7,262.749,3682.75]
      ],
      "type": "Point"
    },
    "ft_t1_airfield_02_01_spawn_03": {
      "objLayer": 0,
      "props": [],
      "tm": [
        [-0.974272,0.0,-0.225376],
        [0.0,1.0,0.0],
        [0.225376,0.0,-0.974272],
        [-21251.1,265.585,3672.55]
      ],
      "type": "Point"
    },
    "ft_t1_airfield_02_01_spawn_04": {
      "objLayer": 0,
      "props": [],
      "tm": [
        [-0.974272,0.0,-0.225376],
        [0.0,1.0,0.0],
        [0.225376,0.0,-0.974272],
        [-21379.1,273.795,2547.91]
      ],
      "type": "Point"
    },
    "ft_t1_airfield_02_01_spawn_05": {
      "objLayer": 0,
      "props": [],
      "tm": [
        [-0.974272,0.0,-0.225376],
        [0.0,1.0,0.0],
        [0.225376,0.0,-0.974272],
        [-21752.9,282.713,2589.12]
      ],
      "type": "Point"
    },
    "ft_t1_airfield_02_01_spawn_06": {
      "objLayer": 0,
      "props": [],
      "tm": [
        [-0.974272,0.0,-0.225376],
        [0.0,1.0,0.0],
        [0.225376,0.0,-0.974272],
        [-20971.2,257.344,3720.79]
      ],
      "type": "Point"
    },
    "ft_t1_airfield_02_01_spawn_07": {
      "objLayer": 0,
      "props": [],
      "tm": [
        [-0.974272,0.0,-0.225376],
        [0.0,1.0,0.0],
        [0.225376,0.0,-0.974272],
        [-19935.2,234.468,3654.79]
      ],
      "type": "Point"
    },
    "ft_t1_airfield_02_01_spawn_08": {
      "objLayer": 0,
      "props": [],
      "tm": [
        [-0.974272,0.0,-0.225376],
        [0.0,1.0,0.0],
        [0.225376,0.0,-0.974272],
        [-20458.9,282.323,2561.78]
      ],
      "type": "Point"
    },
    "ft_t1_airfield_02_01_spawn_09": {
      "objLayer": 0,
      "props": [],
      "tm": [
        [-0.974272,0.0,-0.225376],
        [0.0,1.0,0.0],
        [0.225376,0.0,-0.974272],
        [-19637.5,248.351,3614.13]
      ],
      "type": "Point"
    },
    "ft_t1_airfield_02_01_spawn_10": {
      "objLayer": 0,
      "props": [],
      "tm": [
        [-0.974272,0.0,-0.225376],
        [0.0,1.0,0.0],
        [0.225376,0.0,-0.974272],
        [-19882.8,284.944,2480.88]
      ],
      "type": "Point"
    },
    "ft_t1_airfield_02_01_spawn_11": {
      "objLayer": 0,
      "props": [],
      "tm": [
        [-0.974272,0.0,-0.225376],
        [0.0,1.0,0.0],
        [0.225376,0.0,-0.974272],
        [-22040.4,284.632,2725.0]
      ],
      "type": "Point"
    },
    "ft_t1_airfield_02_01_spawn_12": {
      "objLayer": 0,
      "props": [],
      "tm": [
        [-0.974272,0.0,-0.225376],
        [0.0,1.0,0.0],
        [0.225376,0.0,-0.974272],
        [-20749.0,272.244,2568.01]
      ],
      "type": "Point"
    },
    "ft_t1_airfield_02_01_spawn_13": {
      "objLayer": 0,
      "props": [],
      "tm": [
        [-0.974272,0.0,-0.225376],
        [0.0,1.0,0.0],
        [0.225376,0.0,-0.974272],
        [-21742.8,263.711,3743.14]
      ],
      "type": "Point"
    },
    "ft_t1_airfield_02_01_spawn_14": {
      "objLayer": 0,
      "props": [],
      "tm": [
        [-0.974272,0.0,-0.225376],
        [0.0,1.0,0.0],
        [0.225376,0.0,-0.974272],
        [-20484.5,247.729,3716.32]
      ],
      "type": "Point"
    },
    "ft_t1_airfield_02_01_spawn_15": {
      "objLayer": 0,
      "props": [],
      "tm": [
        [-0.974272,0.0,-0.225376],
        [0.0,1.0,0.0],
        [0.225376,0.0,-0.974272],
        [-20175.7,276.764,2550.57]
      ],
      "type": "Point"
    },
    "ft_t1_airfield_02_01_spawn_16": {
      "objLayer": 0,
      "props": [],
      "tm": [
        [-0.974272,0.0,-0.225376],
        [0.0,1.0,0.0],
        [0.225376,0.0,-0.974272],
        [-21097.4,278.591,2546.55]
      ],
      "type": "Point"
    },
    "ft_t1_airfield_02_02_bomb_zone": {
      "objLayer": 0,
      "props": [],
      "tm": [
        [-3124.15,0.0,-692.607],
        [0.0,450.0,0.0],
        [259.727,0.0,-1171.56],
        [-20747.5,165.209,25410.0]
      ],
      "type": "Box"
    },
    "ft_t1_airfield_02_02_spawn_01": {
      "objLayer": 0,
      "props": [],
      "tm": [
        [-0.991445,0.0,-0.130526],
        [0.0,1.0,0.0],
        [0.130526,0.0,-0.991445],
        [-20140.8,223.073,26109.4]
      ],
      "type": "Point"
    },
    "ft_t1_airfield_02_02_spawn_02": {
      "objLayer": 0,
      "props": [],
      "tm": [
        [-0.991445,0.0,-0.130526],
        [0.0,1.0,0.0],
        [0.130526,0.0,-0.991445],
        [-19608.3,244.689,25106.0]
      ],
      "type": "Point"
    },
    "ft_t1_airfield_02_02_spawn_03": {
      "objLayer": 0,
      "props": [],
      "tm": [
        [-0.991445,0.0,-0.130526],
        [0.0,1.0,0.0],
        [0.130526,0.0,-0.991445],
        [-21427.6,244.884,24753.5]
      ],
      "type": "Point"
    },
    "ft_t1_airfield_02_02_spawn_04": {
      "objLayer": 0,
      "props": [],
      "tm": [
        [-0.991445,0.0,-0.130526],
        [0.0,1.0,0.0],
        [0.130526,0.0,-0.991445],
        [-21465.2,239.24,25849.6]
      ],
      "type": "Point"
    },
    "ft_t1_airfield_02_02_spawn_05": {
      "objLayer": 0,
      "props": [],
      "tm": [
        [-0.991445,0.0,-0.130526],
        [0.0,1.0,0.0],
        [0.130526,0.0,-0.991445],
        [-21770.4,242.102,25881.2]
      ],
      "type": "Point"
    },
    "ft_t1_airfield_02_02_spawn_06": {
      "objLayer": 0,
      "props": [],
      "tm": [
        [-0.991445,0.0,-0.130526],
        [0.0,1.0,0.0],
        [0.130526,0.0,-0.991445],
        [-20801.4,242.562,25007.3]
      ],
      "type": "Point"
    },
    "ft_t1_airfield_02_02_spawn_07": {
      "objLayer": 0,
      "props": [],
      "tm": [
        [-0.991445,0.0,-0.130526],
        [0.0,1.0,0.0],
        [0.130526,0.0,-0.991445],
        [-20414.6,244.751,24959.7]
      ],
      "type": "Point"
    },
    "ft_t1_airfield_02_02_spawn_08": {
      "objLayer": 0,
      "props": [],
      "tm": [
        [-0.991445,0.0,-0.130526],
        [0.0,1.0,0.0],
        [0.130526,0.0,-0.991445],
        [-20685.4,233.785,26009.1]
      ],
      "type": "Point"
    },
    "ft_t1_airfield_02_02_spawn_09": {
      "objLayer": 0,
      "props": [],
      "tm": [
        [-0.991445,0.0,-0.130526],
        [0.0,1.0,0.0],
        [0.130526,0.0,-0.991445],
        [-20124.7,246.78,24990.4]
      ],
      "type": "Point"
    },
    "ft_t1_airfield_02_02_spawn_10": {
      "objLayer": 0,
      "props": [],
      "tm": [
        [-0.991445,0.0,-0.130526],
        [0.0,1.0,0.0],
        [0.130526,0.0,-0.991445],
        [-22037.8,248.927,25835.0]
      ],
      "type": "Point"
    },
    "ft_t1_airfield_02_02_spawn_11": {
      "objLayer": 0,
      "props": [],
      "tm": [
        [-0.991445,0.0,-0.130526],
        [0.0,1.0,0.0],
        [0.130526,0.0,-0.991445],
        [-21090.5,249.806,24896.5]
      ],
      "type": "Point"
    },
    "ft_t1_airfield_02_02_spawn_12": {
      "objLayer": 0,
      "props": [],
      "tm": [
        [-0.991445,0.0,-0.130526],
        [0.0,1.0,0.0],
        [0.130526,0.0,-0.991445],
        [-20388.5,217.468,26026.4]
      ],
      "type": "Point"
    },
    "ft_t1_airfield_02_02_spawn_13": {
      "objLayer": 0,
      "props": [],
      "tm": [
        [-0.991445,0.0,-0.130526],
        [0.0,1.0,0.0],
        [0.130526,0.0,-0.991445],
        [-19903.6,247.164,25021.8]
      ],
      "type": "Point"
    },
    "ft_t1_airfield_02_02_spawn_14": {
      "objLayer": 0,
      "props": [],
      "tm": [
        [-0.991445,0.0,-0.130526],
        [0.0,1.0,0.0],
        [0.130526,0.0,-0.991445],
        [-21277.8,239.095,25990.1]
      ],
      "type": "Point"
    },
    "ft_t1_airfield_02_02_spawn_15": {
      "objLayer": 0,
      "props": [],
      "tm": [
        [-0.991445,0.0,-0.130526],
        [0.0,1.0,0.0],
        [0.130526,0.0,-0.991445],
        [-21826.9,249.668,24752.7]
      ],
      "type": "Point"
    },
    "ft_t1_airfield_02_02_spawn_16": {
      "objLayer": 0,
      "props": [],
      "tm": [
        [-0.991445,0.0,-0.130526],
        [0.0,1.0,0.0],
        [0.130526,0.0,-0.991445],
        [-20902.5,240.103,25965.8]
      ],
      "type": "Point"
    },
    "ft_t1_airfield_02_03_bomb_zone": {
      "objLayer": 0,
      "props": [],
      "tm": [
        [-3172.62,0.0,417.683],
        [0.0,450.0,0.0],
        [-156.632,0.0,-1189.73],
        [-20840.8,175.09,-11094.8]
      ],
      "type": "Box"
    },
    "ft_t1_airfield_02_03_spawn_01": {
      "objLayer": 0,
      "props": [],
      "tm": [
        [-1.0,0.0,-1.19209e-07],
        [0.0,1.0,0.0],
        [1.19209e-07,0.0,-1.0],
        [-21762.2,222.296,-10316.0]
      ],
      "type": "Point"
    },
    "ft_t1_airfield_02_03_spawn_02": {
      "objLayer": 0,
      "props": [],
      "tm": [
        [-1.0,0.0,-1.19209e-07],
        [0.0,1.0,0.0],
        [1.19209e-07,0.0,-1.0],
        [-20231.3,225.552,-10353.3]
      ],
      "type": "Point"
    },
    "ft_t1_airfield_02_03_spawn_03": {
      "objLayer": 0,
      "props": [],
      "tm": [
        [-1.0,0.0,-1.19209e-07],
        [0.0,1.0,0.0],
        [1.19209e-07,0.0,-1.0],
        [-22325.4,212.059,-11325.1]
      ],
      "type": "Point"
    },
    "ft_t1_airfield_02_03_spawn_04": {
      "objLayer": 0,
      "props": [],
      "tm": [
        [-1.0,0.0,-1.19209e-07],
        [0.0,1.0,0.0],
        [1.19209e-07,0.0,-1.0],
        [-21976.2,221.619,-10407.8]
      ],
      "type": "Point"
    },
    "ft_t1_airfield_02_03_spawn_05": {
      "objLayer": 0,
      "props": [],
      "tm": [
        [-1.0,0.0,-1.19209e-07],
        [0.0,1.0,0.0],
        [1.19209e-07,0.0,-1.0],
        [-21415.9,223.407,-11569.9]
      ],
      "type": "Point"
    },
    "ft_t1_airfield_02_03_spawn_06": {
      "objLayer": 0,
      "props": [],
      "tm": [
        [-1.0,0.0,-1.19209e-07],
        [0.0,1.0,0.0],
        [1.19209e-07,0.0,-1.0],
        [-20128.1,223.309,-11668.6]
      ],
      "type": "Point"
    },
    "ft_t1_airfield_02_03_spawn_07": {
      "objLayer": 0,
      "props": [],
      "tm": [
        [-1.0,0.0,-1.19209e-07],
        [0.0,1.0,0.0],
        [1.19209e-07,0.0,-1.0],
        [-20991.9,224.061,-10534.7]
      ],
      "type": "Point"
    },
    "ft_t1_airfield_02_03_spawn_08": {
      "objLayer": 0,
      "props": [],
      "tm": [
        [-1.0,0.0,-1.19209e-07],
        [0.0,1.0,0.0],
        [1.19209e-07,0.0,-1.0],
        [-20607.3,223.879,-10498.0]
      ],
      "type": "Point"
    },
    "ft_t1_airfield_02_03_spawn_09": {
      "objLayer": 0,
      "props": [],
      "tm": [
        [-1.0,0.0,-1.19209e-07],
        [0.0,1.0,0.0],
        [1.19209e-07,0.0,-1.0],
        [-19836.0,223.258,-11728.5]
      ],
      "type": "Point"
    },
    "ft_t1_airfield_02_03_spawn_10": {
      "objLayer": 0,
      "props": [],
      "tm": [
        [-1.0,0.0,-1.19209e-07],
        [0.0,1.0,0.0],
        [1.19209e-07,0.0,-1.0],
        [-21016.7,226.709,-11849.3]
      ],
      "type": "Point"
    },
    "ft_t1_airfield_02_03_spawn_11": {
      "objLayer": 0,
      "props": [],
      "tm": [
        [-1.0,0.0,-1.19209e-07],
        [0.0,1.0,0.0],
        [1.19209e-07,0.0,-1.0],
        [-21529.6,224.136,-10301.6]
      ],
      "type": "Point"
    },
    "ft_t1_airfield_02_03_spawn_12": {
      "objLayer": 0,
      "props": [],
      "tm": [
        [-1.0,0.0,-1.19209e-07],
        [0.0,1.0,0.0],
        [1.19209e-07,0.0,-1.0],
        [-21569.7,223.084,-11430.4]
      ],
      "type": "Point"
    },
    "ft_t1_airfield_02_03_spawn_13": {
      "objLayer": 0,
      "props": [],
      "tm": [
        [-1.0,0.0,-1.19209e-07],
        [0.0,1.0,0.0],
        [1.19209e-07,0.0,-1.0],
        [-19729.3,222.47,-10479.4]
      ],
      "type": "Point"
    },
    "ft_t1_airfield_02_03_spawn_14": {
      "objLayer": 0,
      "props": [],
      "tm": [
        [-1.0,0.0,-1.19209e-07],
        [0.0,1.0,0.0],
        [1.19209e-07,0.0,-1.0],
        [-20452.6,224.73,-11636.0]
      ],
      "type": "Point"
    },
    "ft_t1_airfield_02_03_spawn_15": {
      "objLayer": 0,
      "props": [],
      "tm": [
        [-1.0,0.0,-1.19209e-07],
        [0.0,1.0,0.0],
        [1.19209e-07,0.0,-1.0],
        [-21235.6,225.552,-10328.4]
      ],
      "type": "Point"
    },
    "ft_t1_airfield_02_03_spawn_16": {
      "objLayer": 0,
      "props": [],
      "tm": [
        [-1.0,0.0,-1.19209e-07],
        [0.0,1.0,0.0],
        [1.19209e-07,0.0,-1.0],
        [-22225.5,205.93,-11597.1]
      ],
      "type": "Point"
    },
    "ft_t1_airfield_02_04_bomb_zone": {
      "objLayer": 0,
      "props": [],
      "tm": [
        [-3191.23,0.0,-236.731],
        [0.0,450.0,0.0],
        [88.773,0.0,-1196.71],
        [-20547.5,59.7791,-25756.2]
      ],
      "type": "Box"
    },
    "ft_t1_airfield_02_04_spawn_01": {
      "objLayer": 0,
      "props": [],
      "tm": [
        [1.0,0.0,0.0],
        [0.0,1.0,0.0],
        [0.0,0.0,1.0],
        [-20542.7,224.236,-26424.9]
      ],
      "type": "Point"
    },
    "ft_t1_airfield_02_04_spawn_02": {
      "objLayer": 0,
      "props": [],
      "tm": [
        [1.0,0.0,0.0],
        [0.0,1.0,0.0],
        [0.0,0.0,1.0],
        [-21068.9,223.962,-25020.0]
      ],
      "type": "Point"
    },
    "ft_t1_airfield_02_04_spawn_03": {
      "objLayer": 0,
      "props": [],
      "tm": [
        [1.0,0.0,0.0],
        [0.0,1.0,0.0],
        [0.0,0.0,1.0],
        [-21342.1,225.498,-25340.7]
      ],
      "type": "Point"
    },
    "ft_t1_airfield_02_04_spawn_04": {
      "objLayer": 0,
      "props": [],
      "tm": [
        [1.0,0.0,0.0],
        [0.0,1.0,0.0],
        [0.0,0.0,1.0],
        [-20192.8,199.659,-25203.9]
      ],
      "type": "Point"
    },
    "ft_t1_airfield_02_04_spawn_05": {
      "objLayer": 0,
      "props": [],
      "tm": [
        [1.0,0.0,0.0],
        [0.0,1.0,0.0],
        [0.0,0.0,1.0],
        [-21912.8,171.685,-26363.1]
      ],
      "type": "Point"
    },
    "ft_t1_airfield_02_04_spawn_06": {
      "objLayer": 0,
      "props": [],
      "tm": [
        [1.0,0.0,0.0],
        [0.0,1.0,0.0],
        [0.0,0.0,1.0],
        [-21677.1,213.62,-25313.5]
      ],
      "type": "Point"
    },
    "ft_t1_airfield_02_04_spawn_07": {
      "objLayer": 0,
      "props": [],
      "tm": [
        [1.0,0.0,0.0],
        [0.0,1.0,0.0],
        [0.0,0.0,1.0],
        [-20727.0,221.529,-25177.3]
      ],
      "type": "Point"
    },
    "ft_t1_airfield_02_04_spawn_08": {
      "objLayer": 0,
      "props": [],
      "tm": [
        [1.0,0.0,0.0],
        [0.0,1.0,0.0],
        [0.0,0.0,1.0],
        [-20813.3,210.293,-26481.9]
      ],
      "type": "Point"
    },
    "ft_t1_airfield_02_04_spawn_09": {
      "objLayer": 0,
      "props": [],
      "tm": [
        [1.0,0.0,0.0],
        [0.0,1.0,0.0],
        [0.0,0.0,1.0],
        [-19727.7,225.214,-26351.8]
      ],
      "type": "Point"
    },
    "ft_t1_airfield_02_04_spawn_10": {
      "objLayer": 0,
      "props": [],
      "tm": [
        [1.0,0.0,0.0],
        [0.0,1.0,0.0],
        [0.0,0.0,1.0],
        [-20155.9,225.498,-26370.9]
      ],
      "type": "Point"
    },
    "ft_t1_airfield_02_04_spawn_11": {
      "objLayer": 0,
      "props": [],
      "tm": [
        [1.0,0.0,0.0],
        [0.0,1.0,0.0],
        [0.0,0.0,1.0],
        [-20936.0,222.1,-25199.7]
      ],
      "type": "Point"
    },
    "ft_t1_airfield_02_04_spawn_12": {
      "objLayer": 0,
      "props": [],
      "tm": [
        [1.0,0.0,0.0],
        [0.0,1.0,0.0],
        [0.0,0.0,1.0],
        [-20428.1,209.128,-25201.4]
      ],
      "type": "Point"
    },
    "ft_t1_airfield_02_04_spawn_13": {
      "objLayer": 0,
      "props": [],
      "tm": [
        [1.0,0.0,0.0],
        [0.0,1.0,0.0],
        [0.0,0.0,1.0],
        [-21078.1,187.401,-26556.4]
      ],
      "type": "Point"
    },
    "ft_t1_airfield_02_04_spawn_14": {
      "objLayer": 0,
      "props": [],
      "tm": [
        [1.0,0.0,0.0],
        [0.0,1.0,0.0],
        [0.0,0.0,1.0],
        [-22168.8,129.246,-25282.0]
      ],
      "type": "Point"
    },
    "ft_t1_airfield_02_04_spawn_15": {
      "objLayer": 0,
      "props": [],
      "tm": [
        [1.0,0.0,0.0],
        [0.0,1.0,0.0],
        [0.0,0.0,1.0],
        [-21349.7,168.743,-26498.1]
      ],
      "type": "Point"
    },
    "ft_t1_airfield_02_04_spawn_16": {
      "objLayer": 0,
      "props": [],
      "tm": [
        [1.0,0.0,0.0],
        [0.0,1.0,0.0],
        [0.0,0.0,1.0],
        [-21621.9,171.82,-26427.5]
      ],
      "type": "Point"
    },
    "ft_t1_airfield_02_05_bomb_zone": {
      "objLayer": 0,
      "props": [],
      "tm": [
        [-2828.43,0.0,-1496.65],
        [0.0,450.0,0.0],
        [561.241,0.0,-1060.66],
        [-21659.1,246.6,14556.4]
      ],
      "type": "Box"
    },
    "ft_t1_airfield_02_05_spawn_01": {
      "objLayer": 0,
      "props": [],
      "tm": [
        [1.0,0.0,0.0],
        [0.0,1.0,0.0],
        [0.0,0.0,1.0],
        [-21299.0,320.25,15430.9]
      ],
      "type": "Point"
    },
    "ft_t1_airfield_02_05_spawn_02": {
      "objLayer": 0,
      "props": [],
      "tm": [
        [1.0,0.0,0.0],
        [0.0,1.0,0.0],
        [0.0,0.0,1.0],
        [-22527.9,313.309,13474.8]
      ],
      "type": "Point"
    },
    "ft_t1_airfield_02_05_spawn_03": {
      "objLayer": 0,
      "props": [],
      "tm": [
        [1.0,0.0,0.0],
        [0.0,1.0,0.0],
        [0.0,0.0,1.0],
        [-22330.3,320.198,14916.9]
      ],
      "type": "Point"
    },
    "ft_t1_airfield_02_05_spawn_04": {
      "objLayer": 0,
      "props": [],
      "tm": [
        [1.0,0.0,0.0],
        [0.0,1.0,0.0],
        [0.0,0.0,1.0],
        [-20808.0,322.844,14406.0]
      ],
      "type": "Point"
    },
    "ft_t1_airfield_02_05_spawn_05": {
      "objLayer": 0,
      "props": [],
      "tm": [
        [1.0,0.0,0.0],
        [0.0,1.0,0.0],
        [0.0,0.0,1.0],
        [-21746.0,320.248,15156.4]
      ],
      "type": "Point"
    },
    "ft_t1_airfield_02_05_spawn_06": {
      "objLayer": 0,
      "props": [],
      "tm": [
        [1.0,0.0,0.0],
        [0.0,1.0,0.0],
        [0.0,0.0,1.0],
        [-22643.9,320.243,14591.4]
      ],
      "type": "Point"
    },
    "ft_t1_airfield_02_05_spawn_07": {
      "objLayer": 0,
      "props": [],
      "tm": [
        [1.0,0.0,0.0],
        [0.0,1.0,0.0],
        [0.0,0.0,1.0],
        [-21422.1,322.321,14180.7]
      ],
      "type": "Point"
    },
    "ft_t1_airfield_02_05_spawn_08": {
      "objLayer": 0,
      "props": [],
      "tm": [
        [1.0,0.0,0.0],
        [0.0,1.0,0.0],
        [0.0,0.0,1.0],
        [-22363.7,317.476,13616.2]
      ],
      "type": "Point"
    },
    "ft_t1_airfield_02_05_spawn_09": {
      "objLayer": 0,
      "props": [],
      "tm": [
        [1.0,0.0,0.0],
        [0.0,1.0,0.0],
        [0.0,0.0,1.0],
        [-22884.0,320.189,14381.7]
      ],
      "type": "Point"
    },
    "ft_t1_airfield_02_05_spawn_10": {
      "objLayer": 0,
      "props": [],
      "tm": [
        [1.0,0.0,0.0],
        [0.0,1.0,0.0],
        [0.0,0.0,1.0],
        [-21498.3,320.252,15277.2]
      ],
      "type": "Point"
    },
    "ft_t1_airfield_02_05_spawn_11": {
      "objLayer": 0,
      "props": [],
      "tm": [
        [1.0,0.0,0.0],
        [0.0,1.0,0.0],
        [0.0,0.0,1.0],
        [-21934.7,320.256,14993.3]
      ],
      "type": "Point"
    },
    "ft_t1_airfield_02_05_spawn_12": {
      "objLayer": 0,
      "props": [],
      "tm": [
        [1.0,0.0,0.0],
        [0.0,1.0,0.0],
        [0.0,0.0,1.0],
        [-21936.8,320.899,13865.0]
      ],
      "type": "Point"
    },
    "ft_t1_airfield_02_05_spawn_13": {
      "objLayer": 0,
      "props": [],
      "tm": [
        [1.0,0.0,0.0],
        [0.0,1.0,0.0],
        [0.0,0.0,1.0],
        [-20408.2,320.672,14784.1]
      ],
      "type": "Point"
    },
    "ft_t1_airfield_02_05_spawn_14": {
      "objLayer": 0,
      "props": [],
      "tm": [
        [1.0,0.0,0.0],
        [0.0,1.0,0.0],
        [0.0,0.0,1.0],
        [-22093.2,318.989,13635.7]
      ],
      "type": "Point"
    },
    "ft_t1_airfield_02_05_spawn_15": {
      "objLayer": 0,
      "props": [],
      "tm": [
        [1.0,0.0,0.0],
        [0.0,1.0,0.0],
        [0.0,0.0,1.0],
        [-22457.6,320.256,14725.7]
      ],
      "type": "Point"
    },
    "ft_t1_airfield_02_05_spawn_16": {
      "objLayer": 0,
      "props": [],
      "tm": [
        [1.0,0.0,0.0],
        [0.0,1.0,0.0],
        [0.0,0.0,1.0],
        [-20990.5,324.428,14232.3]
      ],
      "type": "Point"
    },
    "ft_t1_airfield_03_01_bomb_zone": {
      "objLayer": 0,
      "props": [],
      "tm": [
        [-3187.82,0.0,278.897],
        [0.0,450.0,0.0],
        [-104.586,0.0,-1195.43],
        [-13835.9,148.891,22890.5]
      ],
      "type": "Box"
    },
    "ft_t1_airfield_03_01_spawn_01": {
      "objLayer": 0,
      "props": [],
      "tm": [
        [-0.939693,0.0,0.34202],
        [0.0,1.0,0.0],
        [-0.34202,0.0,-0.939693],
        [-13221.5,196.035,22318.0]
      ],
      "type": "Point"
    },
    "ft_t1_airfield_03_01_spawn_02": {
      "objLayer": 0,
      "props": [],
      "tm": [
        [-0.999048,0.0,-0.0436196],
        [0.0,1.0,0.0],
        [0.0436196,0.0,-0.999048],
        [-12758.8,225.241,23310.5]
      ],
      "type": "Point"
    },
    "ft_t1_airfield_03_01_spawn_03": {
      "objLayer": 0,
      "props": [],
      "tm": [
        [-0.953717,0.0,-0.300706],
        [0.0,1.0,0.0],
        [0.300706,0.0,-0.953717],
        [-15051.1,201.654,23483.5]
      ],
      "type": "Point"
    },
    "ft_t1_airfield_03_01_spawn_04": {
      "objLayer": 0,
      "props": [],
      "tm": [
        [-0.999048,0.0,-0.0436196],
        [0.0,1.0,0.0],
        [0.0436196,0.0,-0.999048],
