{
  "airfields": [],
  "areas": {
    "at_area": {
      "objLayer": 0,
      "props": [],
      "tm": [
        [6116.25,0.0,-14784.8],
        [0.0,16000.0,0.0],
        [14784.8,0.0,6116.25],
        [-7339.0,2500.0,4156.1]
      ],
      "type": "Sphere"
    },
    "at_t1_spawn_01_01": {
      "objLayer": 0,
      "props": [],
      "tm": [
        [-0.932491,0.0,-0.361198],
        [0.0,1.0,0.0],
        [0.361198,0.0,-0.932491],
        [604.508,2499.99,5186.79]
      ],
      "type": "Point"
    },
    "at_t1_spawn_01_02": {
      "objLayer": 0,
      "props": [],
      "tm": [
        [-0.932491,0.0,-0.361198],
        [0.0,1.0,0.0],
        [0.361198,0.0,-0.932491],
        [-989.963,2499.99,9023.31]
      ],
      "type": "Point"
    },
    "at_t1_spawn_02_01": {
      "objLayer": 0,
      "props": [],
      "tm": [
        [-0.932491,0.0,-0.361198],
        [0.0,1.0,0.0],
        [0.361198,0.0,-0.932491],
        [-2418.48,2499.99,10460.2]
      ],
      "type": "Point"
    },
    "at_t1_spawn_02_02": {
      "objLayer": 0,
      "props": [],
      "tm": [
        [-0.932491,0.0,-0.361198],
        [0.0,1.0,0.0],
        [0.361198,0.0,-0.932491],
        [604.017,2499.99,3211.1]
      ],
      "type": "Point"
    },
    "at_t2_spawn_01_01": {
      "objLayer": 0,
      "props": [],
      "tm": [
        [0.932491,0.0,0.361198],
        [0.0,1.0,0.0],
        [-0.361198,0.0,0.932491],
        [-13678.6,2500.0,-718.0]
      ],
      "type": "Point"
    },
    "at_t2_spawn_01_02": {
      "objLayer": 0,
      "props": [],
      "tm": [
        [0.932491,0.0,0.361198],
        [0.0,1.0,0.0],
        [-0.361198,0.0,0.932491],
        [-15269.8,2500.0,3112.12]
      ],
      "type": "Point"
    },
    "at_t2_spawn_02_01": {
      "objLayer": 0,
      "props": [],
      "tm": [
        [0.932491,0.0,0.361198],
        [0.0,1.0,0.0],
        [-0.361198,0.0,0.932491],
        [-15401.3,2500.01,5397.88]
      ],
      "type": "Point"
    },
    "at_t2_spawn_02_02": {
      "objLayer": 0,
      "props": [],
      "tm": [
        [0.932491,0.0,0.361198],
        [0.0,1.0,0.0],
        [-0.361198,0.0,0.932491],
        [-12231.4,2500.0,-2149.9]
      ],
      "type": "Point"
    }
  },
  "bin_dump_file": "",
  "dialogs": [],
  "effects": [],
  "imports": {
    "import_record": {
      "excludes": [],
      "file": "gameData/missions/templates/air_templates/gs/assaults_gs_template.blk",
      "importAreas": true,
      "importMissionObjectives": true,
      "importTriggers": true,
      "importUnits": true,
      "importWayPoints": true,
      "showAreas": true,
      "showMissionObjectives": true,
      "showTriggers": true,
      "showUnits": true,
      "showWayPoints": true
    }
  },
  "mission_objectives": {
    "isCategory": true,
    "is_enabled": true
  },
  "mission_settings": {
    "mission": {
      "deathPenaltyMulRounds": 0.0,
      "environment": "Day",
      "level": "levels/berlin.bin",
      "stars": {
        "day": 2,
        "latitude": 52.5,
        "longitude": 13.0,
        "month": 4,
        "year": 1945
      },
      "type": "domination",
      "weather": "hazy"
    },
    "player": {
      "army": 1,
      "wing": ""
    },
    "player_teamB": {
      "army": 2,
      "wing": ""
    },
    "spectator_points": []
  },
  "objLayers": [],
  "selected_tag": "",
  "triggers": {
    "isCategory": true,
    "is_enabled": true
  },
  "units": [],
  "variables": {
    "ai_assaults_saved": 0,
    "ft_helicopters_pad_exclusive": false
  },
  "wayPoints": []
}