{
  "airfields": {},
  "areas": {
    "heli_4000": {
      "objLayer": 4,
      "props": {},
      "tm": [
        [5656.85,0.0,-5656.85],
        [0.0,8000.0,0.0],
        [5656.85,0.0,5656.85],
        [-2048.0,1607.0,-2048.0]
      ],
      "type": "Sphere"
    }
  },
  "bin_dump_file": "",
  "dialogs": {},
  "effects": {},
  "imports": {},
  "mission_objectives": {
    "isCategory": true,
    "is_enabled": true
  },
  "mission_settings": {
    "mission": {
      "environment": "Day",
      "level": "levels/northern_india.bin",
      "type": "singleMission",
      "weather": "hazy"
    },
    "player": {
      "army": 1
    },
    "player_teamB": {
      "army": 2
    }
  },
  "objLayers": {
    "layer": [
      {
        "enabled": true
      },
      {
        "enabled": true
      },
      {
        "enabled": true
      },
      {
        "enabled": true
      },
      {
        "enabled": true
      }
    ]
  },
  "selected_tag": "",
  "triggers": {
    "isCategory": true,
    "is_enabled": true
  },
  "units": {
    "air_defence": [
      {
        "applyAllMods": false,
        "bullets0": "",
        "bullets1": "",
        "bullets2": "",
        "bullets3": "",
        "bulletsCount0": 0,
        "bulletsCount1": 0,
        "bulletsCount2": 0,
        "bulletsCount3": 0,
        "closed_waypoints": false,
        "crewSkillK": 0.0,
        "isShipSpline": false,
        "name": "t1_helipad_defence_01",
        "objLayer": 1,
        "props": {
          "army": 1,
          "attack_type": "fire_at_will",
          "count": 1,
          "formation_div": 3,
          "formation_noise": [0.1,0.1],
          "formation_step": [2.5,2.0],
          "formation_type": "rows",
          "uniqueName": ""
        },
        "shipTurnRadius": 100.0,
        "tm": [
          [-0.744286,0.0,-0.667862],
          [0.0,1.0,0.0],
          [0.667862,0.0,-0.744286],
          [-3786.0,1081.61,1416.85]
        ],
        "unit_class": "germ_20mm_flak38_longrange_helipad",
        "way": {},
        "weapons": ""
      },
      {
        "applyAllMods": false,
        "bullets0": "",
        "bullets1": "",
        "bullets2": "",
        "bullets3": "",
        "bulletsCount0": 0,
        "bulletsCount1": 0,
        "bulletsCount2": 0,
        "bulletsCount3": 0,
        "closed_waypoints": false,
        "crewSkillK": 0.0,
        "isShipSpline": false,
        "name": "t1_helipad_defence_02",
        "objLayer": 1,
        "props": {
          "army": 1,
          "attack_type": "fire_at_will",
          "count": 1,
          "formation_div": 3,
          "formation_noise": [0.1,0.1],
          "formation_step": [2.5,2.0],
          "formation_type": "rows",
          "uniqueName": ""
        },
        "shipTurnRadius": 100.0,
        "tm": [
          [-0.744286,0.0,-0.667862],
          [0.0,1.0,0.0],
          [0.667862,0.0,-0.744286],
          [-3956.93,1081.63,1220.7]
        ],
        "unit_class": "germ_20mm_flak38_longrange_helipad",
        "way": {},
        "weapons": ""
      },
      {
        "applyAllMods": false,
        "bullets0": "",
        "bullets1": "",
        "bullets2": "",
        "bullets3": "",
        "bulletsCount0": 0,
        "bulletsCount1": 0,
        "bulletsCount2": 0,
        "bulletsCount3": 0,
        "closed_waypoints": false,
        "crewSkillK": 0.0,
        "isShipSpline": false,
        "name": "t1_helipad_defence_03",
        "objLayer": 1,
        "props": {
          "army": 1,
          "attack_type": "fire_at_will",
          "count": 1,
          "formation_div": 3,
          "formation_noise": [0.1,0.1],
          "formation_step": [2.5,2.0],
          "formation_type": "rows",
          "uniqueName": ""
        },
        "shipTurnRadius": 100.0,
        "tm": [
          [-0.744286,0.0,-0.667862],
          [0.0,1.0,0.0],
          [0.667862,0.0,-0.744286],
          [-3986.18,1081.61,1566.61]
        ],
        "unit_class": "germ_20mm_flak38_helipad",
        "way": {},
        "weapons": ""
      },
      {
        "applyAllMods": false,
        "bullets0": "",
        "bullets1": "",
        "bullets2": "",
        "bullets3": "",
        "bulletsCount0": 0,
        "bulletsCount1": 0,
        "bulletsCount2": 0,
        "bulletsCount3": 0,
        "closed_waypoints": false,
        "crewSkillK": 0.0,
        "isShipSpline": false,
        "name": "t1_helipad_defence_04",
        "objLayer": 1,
        "props": {
          "army": 1,
          "attack_type": "fire_at_will",
          "count": 1,
          "formation_div": 3,
          "formation_noise": [0.1,0.1],
          "formation_step": [2.5,2.0],
          "formation_type": "rows",
          "uniqueName": ""
        },
        "shipTurnRadius": 100.0,
        "tm": [
          [-0.744286,0.0,-0.667862],
          [0.0,1.0,0.0],
          [0.667862,0.0,-0.744286],
          [-4138.91,1081.61,1357.32]
        ],
        "unit_class": "germ_20mm_flak38_helipad",
        "way": {},
        "weapons": ""
      },
      {
        "applyAllMods": false,
        "bullets0": "",
        "bullets1": "",
        "bullets2": "",
        "bullets3": "",
        "bulletsCount0": 0,
        "bulletsCount1": 0,
        "bulletsCount2": 0,
        "bulletsCount3": 0,
        "closed_waypoints": false,
        "crewSkillK": 0.0,
        "isShipSpline": false,
        "name": "t2_helipad_defence_01",
        "objLayer": 1,
        "props": {
          "army": 2,
          "attack_type": "fire_at_will",
          "count": 1,
          "formation_div": 3,
          "formation_noise": [0.1,0.1],
          "formation_step": [2.5,2.0],
          "formation_type": "rows",
          "uniqueName": ""
        },
        "shipTurnRadius": 100.0,
        "tm": [
          [-0.979543,0.0,0.201235],
          [0.0,1.0,0.0],
          [-0.201235,0.0,-0.979543],
          [-5151.51,1166.18,-4563.5]
        ],
        "unit_class": "germ_20mm_flak38_longrange_helipad",
        "way": {},
        "weapons": ""
      },
      {
        "applyAllMods": false,
        "bullets0": "",
        "bullets1": "",
        "bullets2": "",
        "bullets3": "",
        "bulletsCount0": 0,
        "bulletsCount1": 0,
        "bulletsCount2": 0,
        "bulletsCount3": 0,
        "closed_waypoints": false,
        "crewSkillK": 0.0,
        "isShipSpline": false,
        "name": "t2_helipad_defence_02",
        "objLayer": 1,
        "props": {
          "army": 2,
          "attack_type": "fire_at_will",
          "count": 1,
          "formation_div": 3,
          "formation_noise": [0.1,0.1],
          "formation_step": [2.5,2.0],
          "formation_type": "rows",
          "uniqueName": ""
        },
        "shipTurnRadius": 100.0,
        "tm": [
          [-0.979543,0.0,0.201235],
          [0.0,1.0,0.0],
          [-0.201235,0.0,-0.979543],
          [-4985.24,1166.23,-4402.51]
        ],
        "unit_class": "germ_20mm_flak38_longrange_helipad",
        "way": {},
        "weapons": ""
      },
      {
        "applyAllMods": false,
        "bullets0": "",
        "bullets1": "",
        "bullets2": "",
        "bullets3": "",
        "bulletsCount0": 0,
        "bulletsCount1": 0,
        "bulletsCount2": 0,
        "bulletsCount3": 0,
        "closed_waypoints": false,
        "crewSkillK": 0.0,
        "isShipSpline": false,
        "name": "t2_helipad_defence_03",
        "objLayer": 1,
        "props": {
          "army": 2,
          "attack_type": "fire_at_will",
          "count": 1,
          "formation_div": 3,
          "formation_noise": [0.1,0.1],
          "formation_step": [2.5,2.0],
          "formation_type": "rows",
          "uniqueName": ""
        },
        "shipTurnRadius": 100.0,
        "tm": [
          [-0.979543,0.0,0.201235],
          [0.0,1.0,0.0],
          [-0.201235,0.0,-0.979543],
          [-5352.1,1162.87,-4396.04]
        ],
        "unit_class": "germ_20mm_flak38_helipad",
        "way": {},
        "weapons": ""
      },
      {
        "applyAllMods": false,
        "bullets0": "",
        "bullets1": "",
        "bullets2": "",
        "bullets3": "",
        "bulletsCount0": 0,
        "bulletsCount1": 0,
        "bulletsCount2": 0,
        "bulletsCount3": 0,
        "closed_waypoints": false,
        "crewSkillK": 0.0,
        "isShipSpline": false,
        "name": "t2_helipad_defence_04",
        "objLayer": 1,
        "props": {
          "army": 2,
          "attack_type": "fire_at_will",
          "count": 1,
          "formation_div": 3,
          "formation_noise": [0.1,0.1],
          "formation_step": [2.5,2.0],
          "formation_type": "rows",
          "uniqueName": ""
        },
        "shipTurnRadius": 100.0,
        "tm": [
          [-0.979543,0.0,0.201235],
          [0.0,1.0,0.0],
          [-0.201235,0.0,-0.979543],
          [-5243.02,1165.66,-4192.04]
        ],
        "unit_class": "germ_20mm_flak38_helipad",
        "way": {},
        "weapons": ""
      }
    ],
    "objectGroups": [
      {
        "name": "t1_helipad",
        "objLayer": 2,
        "props": {
          "active": true,
          "army": 1,
          "isDelayed": true
        },
        "tm": [
          [-0.825296,0.0,0.5647],
          [0.0,1.0,0.0],
          [-0.5647,0.0,-0.825296],
          [-3961.39,1075.73,1398.34]
        ],
        "unit_class": "dynHelipad_beton_a_ussr"
      },
      {
        "name": "t1_helipad_farspawn",
        "objLayer": 2,
        "props": {
          "active": true,
          "army": 1,
          "isDelayed": true
        },
        "tm": [
          [-0.0906706,0.0,0.995881],
          [0.0,1.0,0.0],
          [-0.995881,0.0,-0.0906706],
          [-4176.04,1013.46,5140.05]
        ],
        "unit_class": "dynHelipad_beton_b_ussr"
      },
      {
        "name": "t2_helipad",
        "objLayer": 2,
        "props": {
          "active": true,
          "army": 2,
          "isDelayed": true
        },
        "tm": [
          [-0.916371,0.0,-0.400331],
          [0.0,1.0,0.0],
          [0.400331,0.0,-0.916371],
          [-5170.19,1161.49,-4361.78]
        ],
        "unit_class": "dynHelipad_beton_a_usa"
      },
      {
        "name": "t2_helipad_farspawn",
        "objLayer": 2,
        "props": {
          "active": true,
          "army": 2,
          "isDelayed": true
        },
        "tm": [
          [-0.106649,0.0,-0.994297],
          [0.0,1.0,0.0],
          [0.994297,0.0,-0.106649],
          [-6438.99,1219.11,-8048.39]
        ],
        "unit_class": "dynHelipad_beton_b_usa"
      }
    ],
    "squad": [
      {
        "name": "t1_helipad_aaa_squad",
        "props": {
          "object_marking": 0,
          "squad_members": [
            "t1_helipad_defence_04",
            "t1_helipad_defence_02",
            "t1_helipad_defence_01",
            "t1_helipad_defence_03"
          ]
        },
        "tm": [
          [-0.744286,0.0,-0.667862],
          [0.0,1.0,0.0],
          [0.667862,0.0,-0.744286],
          [-4015.26,1127.78,1428.96]
        ]
      },
      {
        "name": "t2_helipad_aaa_squad",
        "props": {
          "object_marking": 0,
          "squad_members": [
            "t2_helipad_defence_03",
            "t2_helipad_defence_04",
            "t2_helipad_defence_02",
            "t2_helipad_defence_01"
          ]
        },
        "tm": [
          [-0.979543,0.0,0.201235],
          [0.0,1.0,0.0],
          [-0.201235,0.0,-0.979543],
          [-5181.73,1117.05,-4386.01]
        ]
      }
    ]
  },
  "variables": {},
  "wayPoints": {}
}