{
  "airfields": {},
  "areas": {
    "bdt_center_area": {
      "objLayer": 3,
      "props": {},
      "tm": [
        [-0.0062779,0.0,-20480.0],
        [0.0,1200.0,0.0],
        [20480.0,0.0,-0.0062779],
        [-10240.0,10.3,1536.0]
      ],
      "type": "Box"
    },
    "bdt_t1_bomb_zone_01": {
      "objLayer": 0,
      "props": {},
      "tm": [
        [-403.137,0.0,295.771],
        [0.0,500.0,0.0],
        [-295.771,0.0,-403.137],
        [-10290.7,103.159,-3512.22]
      ],
      "type": "Sphere"
    },
    "bdt_t1_bomb_zone_01_aaa_point_01": {
      "objLayer": 0,
      "props": {},
      "tm": [
        [0.876865,0.0,0.480737],
        [0.0,1.0,0.0],
        [-0.480737,0.0,0.876865],
        [-10493.5,92.6843,-3387.02]
      ],
      "type": "Point"
    },
    "bdt_t1_bomb_zone_01_aaa_point_02": {
      "objLayer": 0,
      "props": {},
      "tm": [
        [0.876865,0.0,0.480737],
        [0.0,1.0,0.0],
        [-0.480737,0.0,0.876865],
        [-10092.9,92.6843,-3381.35]
      ],
      "type": "Point"
    },
    "bdt_t1_bomb_zone_01_aaa_point_03": {
      "objLayer": 0,
      "props": {},
      "tm": [
        [0.876865,0.0,0.480737],
        [0.0,1.0,0.0],
        [-0.480737,0.0,0.876865],
        [-10137.4,92.6853,-3695.16]
      ],
      "type": "Point"
    },
    "bdt_t1_bomb_zone_01_aaa_point_04": {
      "objLayer": 0,
      "props": {},
      "tm": [
        [0.876865,0.0,0.480737],
        [0.0,1.0,0.0],
        [-0.480737,0.0,0.876865],
        [-10448.5,92.6853,-3680.73]
      ],
      "type": "Point"
    },
    "bdt_t1_bomb_zone_02": {
      "objLayer": 0,
      "props": {},
      "tm": [
        [310.194,0.0,392.147],
        [0.0,500.0,0.0],
        [-392.147,0.0,310.194],
        [-6894.5,89.5,-11056.4]
      ],
      "type": "Sphere"
    },
    "bdt_t1_bomb_zone_02_aaa_point_01": {
      "objLayer": 0,
      "props": {},
      "tm": [
        [0.784295,0.0,-0.620388],
        [0.0,1.0,0.0],
        [0.620388,0.0,0.784295],
        [-6958.26,90.6372,-11309.9]
      ],
      "type": "Point"
    },
    "bdt_t1_bomb_zone_02_aaa_point_02": {
      "objLayer": 0,
      "props": {},
      "tm": [
        [0.784295,0.0,-0.620388],
        [0.0,1.0,0.0],
        [0.620388,0.0,0.784295],
        [-6817.71,91.1648,-11309.6]
      ],
      "type": "Point"
    },
    "bdt_t1_bomb_zone_02_aaa_point_03": {
      "objLayer": 0,
      "props": {},
      "tm": [
        [0.784295,0.0,-0.620388],
        [0.0,1.0,0.0],
        [0.620388,0.0,0.784295],
        [-6818.76,89.4006,-11237.1]
      ],
      "type": "Point"
    },
    "bdt_t1_bomb_zone_02_aaa_point_04": {
      "objLayer": 0,
      "props": {},
      "tm": [
        [0.784295,0.0,-0.620388],
        [0.0,1.0,0.0],
        [0.620388,0.0,0.784295],
        [-6965.97,87.1734,-11215.0]
      ],
      "type": "Point"
    },
    "bdt_t1_bomb_zone_03": {
      "objLayer": 0,
      "props": {},
      "tm": [
        [-225.456,0.0,446.284],
        [0.0,500.0,0.0],
        [-446.284,0.0,-225.456],
        [-3736.9,226.85,-1750.8]
      ],
      "type": "Sphere"
    },
    "bdt_t1_bomb_zone_03_aaa_point_01": {
      "objLayer": 0,
      "props": {},
      "tm": [
        [0.978859,0.0,0.204535],
        [0.0,1.0,0.0],
        [-0.204535,0.0,0.978859],
        [-3816.93,216.15,-1727.62]
      ],
      "type": "Point"
    },
    "bdt_t1_bomb_zone_03_aaa_point_02": {
      "objLayer": 0,
      "props": {},
      "tm": [
        [0.978859,0.0,0.204535],
        [0.0,1.0,0.0],
        [-0.204535,0.0,0.978859],
        [-3489.07,247.35,-1832.69]
      ],
      "type": "Point"
    },
    "bdt_t1_bomb_zone_03_aaa_point_03": {
      "objLayer": 0,
      "props": {},
      "tm": [
        [0.978859,0.0,0.204535],
        [0.0,1.0,0.0],
        [-0.204535,0.0,0.978859],
        [-3572.23,288.504,-2108.71]
      ],
      "type": "Point"
    },
    "bdt_t1_bomb_zone_03_aaa_point_04": {
      "objLayer": 0,
      "props": {},
      "tm": [
        [0.978859,0.0,0.204535],
        [0.0,1.0,0.0],
        [-0.204535,0.0,0.978859],
        [-3908.55,257.898,-2077.46]
      ],
      "type": "Point"
    },
    "bdt_t1_bomb_zone_04": {
      "objLayer": 0,
      "props": {},
      "tm": [
        [0.000143926,0.0,500.0],
        [0.0,500.0,0.0],
        [-500.0,0.0,0.000143926],
        [-12311.5,106.224,-7838.17]
      ],
      "type": "Sphere"
    },
    "bdt_t1_bomb_zone_04_aaa_point_01": {
      "objLayer": 0,
      "props": {},
      "tm": [
        [1.0,0.0,0.0],
        [0.0,1.0,0.0],
        [0.0,0.0,1.0],
        [-12309.6,86.9292,-7589.53]
      ],
      "type": "Point"
    },
    "bdt_t1_bomb_zone_04_aaa_point_02": {
      "objLayer": 0,
      "props": {},
      "tm": [
        [1.0,0.0,0.0],
        [0.0,1.0,0.0],
        [0.0,0.0,1.0],
        [-12063.4,130.808,-7837.52]
      ],
      "type": "Point"
    },
    "bdt_t1_bomb_zone_04_aaa_point_03": {
      "objLayer": 0,
      "props": {},
      "tm": [
        [1.0,0.0,0.0],
        [0.0,1.0,0.0],
        [0.0,0.0,1.0],
        [-12310.2,123.96,-8088.12]
      ],
      "type": "Point"
    },
    "bdt_t1_bomb_zone_04_aaa_point_04": {
      "objLayer": 0,
      "props": {},
      "tm": [
        [1.0,0.0,0.0],
        [0.0,1.0,0.0],
        [0.0,0.0,1.0],
        [-12561.8,72.5041,-7835.04]
      ],
      "type": "Point"
    },
    "bdt_t1_bomb_zone_05": {
      "objLayer": 0,
      "props": {},
      "tm": [
        [0.000143926,0.0,500.0],
        [0.0,500.0,0.0],
        [-500.0,0.0,0.000143926],
        [-2923.75,157.5,-6831.75]
      ],
      "type": "Sphere"
    },
    "bdt_t1_bomb_zone_05_aaa_point_01": {
      "objLayer": 0,
      "props": {},
      "tm": [
        [1.0,0.0,0.0],
        [0.0,1.0,0.0],
        [0.0,0.0,1.0],
        [-2926.35,270.602,-6583.13]
      ],
      "type": "Point"
    },
    "bdt_t1_bomb_zone_05_aaa_point_02": {
      "objLayer": 0,
      "props": {},
      "tm": [
        [1.0,0.0,0.0],
        [0.0,1.0,0.0],
        [0.0,0.0,1.0],
        [-2670.5,270.602,-6831.17]
      ],
      "type": "Point"
    },
    "bdt_t1_bomb_zone_05_aaa_point_03": {
      "objLayer": 0,
      "props": {},
      "tm": [
        [1.0,0.0,0.0],
        [0.0,1.0,0.0],
        [0.0,0.0,1.0],
        [-2925.77,270.602,-7072.03]
      ],
      "type": "Point"
    },
    "bdt_t1_bomb_zone_05_aaa_point_04": {
      "objLayer": 0,
      "props": {},
      "tm": [
        [1.0,0.0,0.0],
        [0.0,1.0,0.0],
        [0.0,0.0,1.0],
        [-3176.54,270.602,-6828.84]
      ],
      "type": "Point"
    },
    "bdt_t1_bomb_zone_06": {
      "objLayer": 0,
      "props": {},
      "tm": [
        [353.553,0.0,353.553],
        [0.0,500.0,0.0],
        [-353.553,0.0,353.553],
        [-4787.61,235.862,-4029.49]
      ],
      "type": "Sphere"
    },
    "bdt_t1_bomb_zone_06_aaa_point_01": {
      "objLayer": 0,
      "props": {},
      "tm": [
        [1.0,0.0,0.0],
        [0.0,1.0,0.0],
        [0.0,0.0,1.0],
        [-4965.75,228.482,-3850.99]
      ],
      "type": "Point"
    },
    "bdt_t1_bomb_zone_06_aaa_point_02": {
      "objLayer": 0,
      "props": {},
      "tm": [
        [1.0,0.0,0.0],
        [0.0,1.0,0.0],
        [0.0,0.0,1.0],
        [-4612.57,279.974,-3852.49]
      ],
      "type": "Point"
    },
    "bdt_t1_bomb_zone_06_aaa_point_03": {
      "objLayer": 0,
      "props": {},
      "tm": [
        [1.0,0.0,0.0],
        [0.0,1.0,0.0],
        [0.0,0.0,1.0],
        [-4603.8,259.031,-4208.98]
      ],
      "type": "Point"
    },
    "bdt_t1_bomb_zone_06_aaa_point_04": {
      "objLayer": 0,
      "props": {},
      "tm": [
        [1.0,0.0,0.0],
        [0.0,1.0,0.0],
        [0.0,0.0,1.0],
        [-4961.09,219.779,-4209.48]
      ],
      "type": "Point"
    },
    "bdt_t1_bomb_zone_07": {
      "objLayer": 0,
      "props": {},
      "tm": [
        [258.018,0.0,428.284],
        [0.0,500.0,0.0],
        [-428.284,0.0,258.018],
        [-12251.0,50.6,-10094.1]
      ],
      "type": "Sphere"
    },
    "bdt_t1_bomb_zone_07_aaa_point_01": {
      "objLayer": 0,
      "props": {},
      "tm": [
        [0.96094,0.0,-0.276756],
        [0.0,1.0,0.0],
        [0.276756,0.0,0.96094],
        [-12405.1,45.9184,-9969.28]
      ],
      "type": "Point"
    },
    "bdt_t1_bomb_zone_07_aaa_point_02": {
      "objLayer": 0,
      "props": {},
      "tm": [
        [0.96094,0.0,-0.276756],
        [0.0,1.0,0.0],
        [0.276756,0.0,0.96094],
        [-12119.2,45.5344,-9958.39]
      ],
      "type": "Point"
    },
    "bdt_t1_bomb_zone_07_aaa_point_03": {
      "objLayer": 0,
      "props": {},
      "tm": [
        [0.96094,0.0,-0.276756],
        [0.0,1.0,0.0],
        [0.276756,0.0,0.96094],
        [-12108.8,44.2211,-10281.6]
      ],
      "type": "Point"
    },
    "bdt_t1_bomb_zone_07_aaa_point_04": {
      "objLayer": 0,
      "props": {},
      "tm": [
        [0.96094,0.0,-0.276756],
        [0.0,1.0,0.0],
        [0.276756,0.0,0.96094],
        [-12401.9,43.8881,-10284.6]
      ],
      "type": "Point"
    },
    "bdt_t1_bomb_zone_08": {
      "objLayer": 0,
      "props": {},
      "tm": [
        [346.737,0.0,360.241],
        [0.0,500.0,0.0],
        [-360.241,0.0,346.737],
        [-8411.58,83.2876,-2153.37]
      ],
      "type": "Sphere"
    },
    "bdt_t1_bomb_zone_08_aaa_point_01": {
      "objLayer": 0,
      "props": {},
      "tm": [
        [0.720481,0.0,-0.693474],
        [0.0,1.0,0.0],
        [0.693474,0.0,0.720481],
        [-8197.84,86.9793,-2065.96]
      ],
      "type": "Point"
    },
    "bdt_t1_bomb_zone_08_aaa_point_02": {
      "objLayer": 0,
      "props": {},
      "tm": [
        [0.720481,0.0,-0.693474],
        [0.0,1.0,0.0],
        [0.693474,0.0,0.720481],
        [-8230.73,86.0235,-2325.78]
      ],
      "type": "Point"
    },
    "bdt_t1_bomb_zone_08_aaa_point_03": {
      "objLayer": 0,
      "props": {},
      "tm": [
        [0.720481,0.0,-0.693474],
        [0.0,1.0,0.0],
        [0.693474,0.0,0.720481],
        [-8586.82,79.7556,-2334.34]
      ],
      "type": "Point"
    },
    "bdt_t1_bomb_zone_08_aaa_point_04": {
      "objLayer": 0,
      "props": {},
      "tm": [
        [0.720481,0.0,-0.693474],
        [0.0,1.0,0.0],
        [0.693474,0.0,0.720481],
        [-8605.97,81.1306,-2065.79]
      ],
      "type": "Point"
    },
    "bdt_t1_bomb_zone_09": {
      "objLayer": 0,
      "props": {},
      "tm": [
        [129.41,0.0,482.963],
        [0.0,500.0,0.0],
        [-482.963,0.0,129.41],
        [-15142.2,18.5806,-3257.05]
      ],
      "type": "Sphere"
    },
    "bdt_t1_bomb_zone_09_aaa_point_01": {
      "objLayer": 0,
      "props": {},
      "tm": [
        [1.0,0.0,0.0],
        [0.0,1.0,0.0],
        [0.0,0.0,1.0],
        [-15076.3,16.1933,-3012.15]
      ],
      "type": "Point"
    },
    "bdt_t1_bomb_zone_09_aaa_point_02": {
      "objLayer": 0,
      "props": {},
      "tm": [
        [1.0,0.0,0.0],
        [0.0,1.0,0.0],
        [0.0,0.0,1.0],
        [-14893.9,19.4901,-3324.95]
      ],
      "type": "Point"
    },
    "bdt_t1_bomb_zone_09_aaa_point_03": {
      "objLayer": 0,
      "props": {},
      "tm": [
        [1.0,0.0,0.0],
        [0.0,1.0,0.0],
        [0.0,0.0,1.0],
        [-15209.8,8.41551,-3507.85]
      ],
      "type": "Point"
    },
    "bdt_t1_bomb_zone_09_aaa_point_04": {
      "objLayer": 0,
      "props": {},
      "tm": [
        [1.0,0.0,0.0],
        [0.0,1.0,0.0],
        [0.0,0.0,1.0],
        [-15389.5,17.0741,-3191.35]
      ],
      "type": "Point"
    },
    "bdt_t1_bomb_zone_10": {
      "objLayer": 0,
      "props": {},
      "tm": [
        [-292.469,0.0,405.539],
        [0.0,500.0,0.0],
        [-405.539,0.0,-292.469],
        [-9044.08,108.606,-7342.74]
      ],
      "type": "Sphere"
    },
    "bdt_t1_bomb_zone_10_aaa_point_01": {
      "objLayer": 0,
      "props": {},
      "tm": [
        [0.632048,0.0,0.774929],
        [0.0,1.0,0.0],
        [-0.774929,0.0,0.632048],
        [-9192.14,102.656,-7139.65]
      ],
      "type": "Point"
    },
    "bdt_t1_bomb_zone_10_aaa_point_02": {
      "objLayer": 0,
      "props": {},
      "tm": [
        [0.632048,0.0,0.774929],
        [0.0,1.0,0.0],
        [-0.774929,0.0,0.632048],
        [-8831.24,74.1892,-7189.21]
      ],
      "type": "Point"
    },
    "bdt_t1_bomb_zone_10_aaa_point_03": {
      "objLayer": 0,
      "props": {},
      "tm": [
        [0.632048,0.0,0.774929],
        [0.0,1.0,0.0],
        [-0.774929,0.0,0.632048],
        [-8892.88,105.529,-7550.21]
      ],
      "type": "Point"
    },
    "bdt_t1_bomb_zone_10_aaa_point_04": {
      "objLayer": 0,
      "props": {},
      "tm": [
        [0.632048,0.0,0.774929],
        [0.0,1.0,0.0],
        [-0.774929,0.0,0.632048],
        [-9255.26,119.29,-7497.24]
      ],
      "type": "Point"
    },
    "bdt_t2_bomb_zone_01": {
      "objLayer": 0,
      "props": {},
      "tm": [
        [-497.68,0.0,48.1098],
        [0.0,500.0,0.0],
        [-48.1098,0.0,-497.68],
        [-8660.82,23.7938,4066.99]
      ],
      "type": "Sphere"
    },
    "bdt_t2_bomb_zone_01_aaa_point_01": {
      "objLayer": 0,
      "props": {},
      "tm": [
        [0.99861,0.0,-0.05271],
        [0.0,1.0,0.0],
        [0.05271,0.0,0.99861],
        [-8891.92,23.3087,4106.32]
      ],
      "type": "Point"
    },
    "bdt_t2_bomb_zone_01_aaa_point_02": {
      "objLayer": 0,
      "props": {},
      "tm": [
        [0.99861,0.0,-0.05271],
        [0.0,1.0,0.0],
        [0.05271,0.0,0.99861],
        [-8473.2,21.0173,4251.25]
      ],
      "type": "Point"
    },
    "bdt_t2_bomb_zone_01_aaa_point_03": {
      "objLayer": 0,
      "props": {},
      "tm": [
        [0.99861,0.0,-0.05271],
        [0.0,1.0,0.0],
        [0.05271,0.0,0.99861],
        [-8479.27,22.3231,3981.92]
      ],
      "type": "Point"
    },
    "bdt_t2_bomb_zone_01_aaa_point_04": {
      "objLayer": 0,
      "props": {},
      "tm": [
        [0.99861,0.0,-0.05271],
        [0.0,1.0,0.0],
        [0.05271,0.0,0.99861],
        [-8708.9,26.5184,3843.04]
      ],
      "type": "Point"
    },
    "bdt_t2_bomb_zone_02": {
      "objLayer": 0,
      "props": {},
      "tm": [
        [32.1742,0.0,498.964],
        [0.0,500.0,0.0],
        [-498.964,0.0,32.1742],
        [-8632.75,594.584,13881.6]
      ],
      "type": "Sphere"
    },
    "bdt_t2_bomb_zone_02_aaa_point_01": {
      "objLayer": 0,
      "props": {},
      "tm": [
        [0.997927,0.0,-0.0643481],
        [0.0,1.0,0.0],
        [0.0643481,0.0,0.997927],
        [-8890.55,600.353,13898.8]
      ],
      "type": "Point"
    },
    "bdt_t2_bomb_zone_02_aaa_point_02": {
      "objLayer": 0,
      "props": {},
      "tm": [
        [0.997927,0.0,-0.0643481],
        [0.0,1.0,0.0],
        [0.0643481,0.0,0.997927],
        [-8617.75,604.968,14136.0]
      ],
      "type": "Point"
    },
    "bdt_t2_bomb_zone_02_aaa_point_03": {
      "objLayer": 0,
      "props": {},
      "tm": [
        [0.997927,0.0,-0.0643481],
        [0.0,1.0,0.0],
        [0.0643481,0.0,0.997927],
        [-8507.25,609.997,13815.0]
      ],
      "type": "Point"
    },
    "bdt_t2_bomb_zone_02_aaa_point_04": {
      "objLayer": 0,
      "props": {},
      "tm": [
        [0.997927,0.0,-0.0643481],
        [0.0,1.0,0.0],
        [0.0643481,0.0,0.997927],
        [-8647.65,636.678,13624.5]
      ],
      "type": "Point"
    },
    "bdt_t2_bomb_zone_03": {
      "objLayer": 0,
      "props": {},
      "tm": [
        [299.473,0.0,400.395],
        [0.0,500.0,0.0],
        [-400.395,0.0,299.473],
        [-3033.75,155.4,5064.45]
      ],
      "type": "Sphere"
    },
    "bdt_t2_bomb_zone_03_aaa_point_01": {
      "objLayer": 0,
      "props": {},
      "tm": [
        [0.911443,0.0,-0.411426],
        [0.0,1.0,0.0],
        [0.411426,0.0,0.911443],
        [-2823.02,203.11,4924.02]
      ],
      "type": "Point"
    },
    "bdt_t2_bomb_zone_03_aaa_point_02": {
      "objLayer": 0,
      "props": {},
      "tm": [
        [0.911443,0.0,-0.411426],
        [0.0,1.0,0.0],
        [0.411426,0.0,0.911443],
        [-3170.47,147.346,4867.0]
      ],
      "type": "Point"
    },
    "bdt_t2_bomb_zone_03_aaa_point_03": {
      "objLayer": 0,
      "props": {},
      "tm": [
        [0.911443,0.0,-0.411426],
        [0.0,1.0,0.0],
        [0.411426,0.0,0.911443],
        [-3229.0,152.223,5226.87]
      ],
      "type": "Point"
    },
    "bdt_t2_bomb_zone_03_aaa_point_04": {
      "objLayer": 0,
      "props": {},
      "tm": [
        [0.911443,0.0,-0.411426],
        [0.0,1.0,0.0],
        [0.411426,0.0,0.911443],
        [-2868.43,216.39,5273.39]
      ],
      "type": "Point"
    },
    "bdt_t2_bomb_zone_04": {
      "objLayer": 0,
      "props": {},
      "tm": [
        [244.64,0.0,436.064],
        [0.0,500.0,0.0],
        [-436.064,0.0,244.64],
        [-16646.9,179.731,13784.5]
      ],
      "type": "Sphere"
    },
    "bdt_t2_bomb_zone_04_aaa_point_01": {
      "objLayer": 0,
      "props": {},
      "tm": [
        [0.872127,0.0,-0.489279],
        [0.0,1.0,0.0],
        [0.489279,0.0,0.872127],
        [-16535.7,187.162,13889.9]
      ],
      "type": "Point"
    },
    "bdt_t2_bomb_zone_04_aaa_point_02": {
      "objLayer": 0,
      "props": {},
      "tm": [
        [0.872127,0.0,-0.489279],
        [0.0,1.0,0.0],
        [0.489279,0.0,0.872127],
        [-16537.8,185.753,13660.8]
      ],
      "type": "Point"
    },
    "bdt_t2_bomb_zone_04_aaa_point_03": {
      "objLayer": 0,
      "props": {},
      "tm": [
        [0.872127,0.0,-0.489279],
        [0.0,1.0,0.0],
        [0.489279,0.0,0.872127],
        [-16760.6,167.496,13670.6]
      ],
      "type": "Point"
    },
    "bdt_t2_bomb_zone_04_aaa_point_04": {
      "objLayer": 0,
      "props": {},
      "tm": [
        [0.872127,0.0,-0.489279],
        [0.0,1.0,0.0],
        [0.489279,0.0,0.872127],
        [-16773.1,168.47,13897.8]
      ],
      "type": "Point"
    },
    "bdt_t2_bomb_zone_05": {
      "objLayer": 0,
      "props": {},
      "tm": [
        [-452.034,0.0,213.695],
        [0.0,500.0,0.0],
        [-213.695,0.0,-452.034],
        [-11442.0,51.3638,7832.27]
      ],
      "type": "Sphere"
    },
    "bdt_t2_bomb_zone_05_aaa_point_01": {
      "objLayer": 0,
      "props": {},
      "tm": [
        [0.908523,0.0,0.417835],
        [0.0,1.0,0.0],
        [-0.417835,0.0,0.908523],
        [-11338.1,76.6695,8063.94]
      ],
      "type": "Point"
    },
    "bdt_t2_bomb_zone_05_aaa_point_02": {
      "objLayer": 0,
      "props": {},
      "tm": [
        [0.908523,0.0,0.417835],
        [0.0,1.0,0.0],
        [-0.417835,0.0,0.908523],
        [-11215.9,73.2645,7724.69]
      ],
      "type": "Point"
    },
    "bdt_t2_bomb_zone_05_aaa_point_03": {
      "objLayer": 0,
      "props": {},
      "tm": [
        [0.908523,0.0,0.417835],
        [0.0,1.0,0.0],
        [-0.417835,0.0,0.908523],
        [-11546.5,38.5994,7607.53]
      ],
      "type": "Point"
    },
    "bdt_t2_bomb_zone_05_aaa_point_04": {
      "objLayer": 0,
      "props": {},
      "tm": [
        [0.908523,0.0,0.417835],
        [0.0,1.0,0.0],
        [-0.417835,0.0,0.908523],
        [-11670.0,41.5672,7931.14]
      ],
      "type": "Point"
    },
    "bdt_t2_bomb_zone_06": {
      "objLayer": 0,
      "props": {},
      "tm": [
        [0.000143926,0.0,500.0],
        [0.0,500.0,0.0],
        [-500.0,0.0,0.000143926],
        [-12888.9,31.8099,6979.44]
      ],
      "type": "Sphere"
    },
    "bdt_t2_bomb_zone_06_aaa_point_01": {
      "objLayer": 0,
      "props": {},
      "tm": [
        [1.0,0.0,0.0],
        [0.0,1.0,0.0],
        [0.0,0.0,1.0],
        [-12893.7,31.4358,7230.26]
      ],
      "type": "Point"
    },
    "bdt_t2_bomb_zone_06_aaa_point_02": {
      "objLayer": 0,
      "props": {},
      "tm": [
        [1.0,0.0,0.0],
        [0.0,1.0,0.0],
        [0.0,0.0,1.0],
        [-12643.4,31.5413,6982.67]
      ],
      "type": "Point"
    },
    "bdt_t2_bomb_zone_06_aaa_point_03": {
      "objLayer": 0,
      "props": {},
      "tm": [
        [1.0,0.0,0.0],
        [0.0,1.0,0.0],
        [0.0,0.0,1.0],
        [-12893.0,32.1896,6731.29]
      ],
      "type": "Point"
    },
    "bdt_t2_bomb_zone_06_aaa_point_04": {
      "objLayer": 0,
      "props": {},
      "tm": [
        [1.0,0.0,0.0],
        [0.0,1.0,0.0],
        [0.0,0.0,1.0],
        [-13143.2,36.162,6978.53]
      ],
      "type": "Point"
    },
    "bdt_t2_bomb_zone_07": {
      "objLayer": 0,
      "props": {},
      "tm": [
        [353.098,0.0,354.008],
        [0.0,500.0,0.0],
        [-354.008,0.0,353.098],
        [-14050.1,60.8221,9281.39]
      ],
      "type": "Sphere"
    },
    "bdt_t2_bomb_zone_07_aaa_point_01": {
      "objLayer": 0,
      "props": {},
      "tm": [
        [0.708016,0.0,-0.706197],
        [0.0,1.0,0.0],
        [0.706197,0.0,0.708016],
        [-13877.1,66.4113,9456.05]
      ],
      "type": "Point"
    },
    "bdt_t2_bomb_zone_07_aaa_point_02": {
      "objLayer": 0,
      "props": {},
      "tm": [
        [0.708016,0.0,-0.706197],
        [0.0,1.0,0.0],
        [0.706197,0.0,0.708016],
        [-13874.9,60.1505,9106.32]
      ],
      "type": "Point"
    },
    "bdt_t2_bomb_zone_07_aaa_point_03": {
      "objLayer": 0,
      "props": {},
      "tm": [
        [0.708016,0.0,-0.706197],
        [0.0,1.0,0.0],
        [0.706197,0.0,0.708016],
        [-14227.3,61.0377,9104.95]
      ],
      "type": "Point"
    },
    "bdt_t2_bomb_zone_07_aaa_point_04": {
      "objLayer": 0,
      "props": {},
      "tm": [
        [0.708016,0.0,-0.706197],
        [0.0,1.0,0.0],
        [0.706197,0.0,0.708016],
        [-14232.0,61.3113,9461.11]
      ],
      "type": "Point"
    },
    "bdt_t2_bomb_zone_08": {
      "objLayer": 0,
      "props": {},
      "tm": [
        [337.795,0.0,368.639],
        [0.0,500.0,0.0],
        [-368.639,0.0,337.795],
        [-7633.4,101.849,7033.94]
      ],
      "type": "Sphere"
    },
    "bdt_t2_bomb_zone_08_aaa_point_01": {
      "objLayer": 0,
      "props": {},
      "tm": [
        [1.0,0.0,0.0],
        [0.0,1.0,0.0],
        [0.0,0.0,1.0],
        [-7822.4,95.1908,7204.58]
      ],
      "type": "Point"
    },
    "bdt_t2_bomb_zone_08_aaa_point_02": {
      "objLayer": 0,
      "props": {},
      "tm": [
        [1.0,0.0,0.0],
        [0.0,1.0,0.0],
        [0.0,0.0,1.0],
        [-7467.6,95.1908,7218.62]
      ],
      "type": "Point"
    },
    "bdt_t2_bomb_zone_08_aaa_point_03": {
      "objLayer": 0,
      "props": {},
      "tm": [
        [1.0,0.0,0.0],
        [0.0,1.0,0.0],
        [0.0,0.0,1.0],
        [-7453.21,95.1908,6863.69]
      ],
      "type": "Point"
    },
    "bdt_t2_bomb_zone_08_aaa_point_04": {
      "objLayer": 0,
      "props": {},
      "tm": [
        [1.0,0.0,0.0],
        [0.0,1.0,0.0],
        [0.0,0.0,1.0],
        [-7806.48,95.1908,6849.49]
      ],
      "type": "Point"
    },
    "bdt_t2_bomb_zone_09": {
      "objLayer": 0,
      "props": {},
      "tm": [
        [-459.464,0.0,197.213],
        [0.0,500.0,0.0],
        [-197.213,0.0,-459.464],
        [-2547.1,498.981,10091.1]
      ],
      "type": "Sphere"
    },
    "bdt_t2_bomb_zone_09_aaa_point_01": {
      "objLayer": 0,
      "props": {},
      "tm": [
        [0.892824,0.0,0.450406],
        [0.0,1.0,0.0],
        [-0.450406,0.0,0.892824],
        [-2650.39,535.771,10322.0]
      ],
      "type": "Point"
    },
    "bdt_t2_bomb_zone_09_aaa_point_02": {
      "objLayer": 0,
      "props": {},
      "tm": [
        [0.892824,0.0,0.450406],
        [0.0,1.0,0.0],
        [-0.450406,0.0,0.892824],
        [-2316.63,526.649,10192.4]
      ],
      "type": "Point"
    },
    "bdt_t2_bomb_zone_09_aaa_point_03": {
      "objLayer": 0,
      "props": {},
      "tm": [
        [0.892824,0.0,0.450406],
        [0.0,1.0,0.0],
        [-0.450406,0.0,0.892824],
        [-2493.22,518.427,9870.61]
      ],
      "type": "Point"
    },
    "bdt_t2_bomb_zone_09_aaa_point_04": {
      "objLayer": 0,
      "props": {},
      "tm": [
        [0.892824,0.0,0.450406],
        [0.0,1.0,0.0],
        [-0.450406,0.0,0.892824],
        [-2799.26,663.36,10049.7]
      ],
      "type": "Point"
    },
    "bdt_t2_bomb_zone_10": {
      "objLayer": 0,
      "props": {},
      "tm": [
        [-321.394,0.0,383.022],
        [0.0,500.0,0.0],
        [-383.022,0.0,-321.394],
        [-4776.14,17.0091,7480.01]
      ],
      "type": "Sphere"
    },
    "bdt_t2_bomb_zone_10_aaa_point_01": {
      "objLayer": 0,
      "props": {},
      "tm": [
        [1.0,0.0,0.0],
        [0.0,1.0,0.0],
        [0.0,0.0,1.0],
        [-4939.44,18.8098,7671.91]
      ],
      "type": "Point"
    },
    "bdt_t2_bomb_zone_10_aaa_point_02": {
      "objLayer": 0,
      "props": {},
      "tm": [
        [1.0,0.0,0.0],
        [0.0,1.0,0.0],
        [0.0,0.0,1.0],
        [-4586.54,21.8704,7642.12]
      ],
      "type": "Point"
    },
    "bdt_t2_bomb_zone_10_aaa_point_03": {
      "objLayer": 0,
      "props": {},
      "tm": [
        [1.0,0.0,0.0],
        [0.0,1.0,0.0],
        [0.0,0.0,1.0],
        [-4610.64,16.5385,7289.22]
      ],
      "type": "Point"
    },
    "bdt_t2_bomb_zone_10_aaa_point_04": {
      "objLayer": 0,
      "props": {},
      "tm": [
        [1.0,0.0,0.0],
        [0.0,1.0,0.0],
        [0.0,0.0,1.0],
        [-4964.54,12.3297,7316.51]
      ],
      "type": "Point"
    }
  },
  "bin_dump_file": "",
  "dialogs": {},
  "effects": {},
  "imports": {
    "import_record": [
      {
        "excludes": {},
        "file": "gameData/missions/templates/enduring_confrontation/bdt_bases_destroy_template.blk",
        "importAreas": true,
        "importMissionObjectives": true,
        "importTriggers": true,
        "importUnits": true,
        "importWayPoints": true,
        "showAreas": true,
        "showMissionObjectives": true,
        "showTriggers": true,
        "showUnits": true,
        "showWayPoints": true
      },
      {
        "excludes": {},
        "file": "gameData/missions/templates/units_sets/heli_land_sets_aaa_bases/bdt_t1_rank_04.blk",
        "importAreas": true,
        "importMissionObjectives": true,
        "importTriggers": true,
        "importUnits": true,
        "importWayPoints": true,
        "rankRange": [0,23],
        "showAreas": true,
        "showMissionObjectives": true,
        "showTriggers": true,
        "showUnits": true,
        "showWayPoints": true
      },
      {
        "excludes": {},
        "file": "gameData/missions/templates/units_sets/heli_land_sets_aaa_bases/bdt_t1_rank_05.blk",
        "importAreas": true,
        "importMissionObjectives": true,
        "importTriggers": true,
        "importUnits": true,
        "importWayPoints": true,
        "rankRange": [24,26],
        "showAreas": true,
        "showMissionObjectives": true,
        "showTriggers": true,
        "showUnits": true,
        "showWayPoints": true
      },
      {
        "excludes": {},
        "file": "gameData/missions/templates/units_sets/heli_land_sets_aaa_bases/bdt_t1_rank_06.blk",
        "importAreas": true,
        "importMissionObjectives": true,
        "importTriggers": true,
        "importUnits": true,
        "importWayPoints": true,
        "rankRange": [27,50],
        "showAreas": true,
        "showMissionObjectives": true,
        "showTriggers": true,
        "showUnits": true,
        "showWayPoints": true
      },
      {
        "excludes": {},
        "file": "gameData/missions/templates/units_sets/heli_land_sets_aaa_bases/bdt_t2_rank_04.blk",
        "importAreas": true,
        "importMissionObjectives": true,
        "importTriggers": true,
        "importUnits": true,
        "importWayPoints": true,
        "rankRange": [0,23],
        "showAreas": true,
        "showMissionObjectives": true,
        "showTriggers": true,
        "showUnits": true,
        "showWayPoints": true
      },
      {
        "excludes": {},
        "file": "gameData/missions/templates/units_sets/heli_land_sets_aaa_bases/bdt_t2_rank_05.blk",
        "importAreas": true,
        "importMissionObjectives": true,
        "importTriggers": true,
        "importUnits": true,
        "importWayPoints": true,
        "rankRange": [24,26],
        "showAreas": true,
        "showMissionObjectives": true,
        "showTriggers": true,
        "showUnits": true,
        "showWayPoints": true
      },
      {
        "excludes": {},
        "file": "gameData/missions/templates/units_sets/heli_land_sets_aaa_bases/bdt_t2_rank_06.blk",
        "importAreas": true,
        "importMissionObjectives": true,
        "importTriggers": true,
        "importUnits": true,
        "importWayPoints": true,
        "rankRange": [27,50],
        "showAreas": true,
        "showMissionObjectives": true,
        "showTriggers": true,
        "showUnits": true,
        "showWayPoints": true
      }
    ]
  },
  "mission_objectives": {
    "isCategory": true,
    "is_enabled": true
  },
  "mission_settings": {
    "mission": {
      "environment": "Day",
      "level": "levels/water.bin",
      "optionalTakeOff": true,
      "restoreType": "attempts",
      "type": "singleMission",
      "weather": "hazy"
    },
    "player": {
      "army": 1,
      "wing": "bdt_armada"
    },
    "player_teamB": {
      "army": 2
    },
    "spectator_points": {}
  },
  "objLayers": {
    "layer": [
      {
        "enabled": true
      },
      {
        "enabled": true
      },
      {
        "enabled": true
      },
      {
        "enabled": false
      }
    ]
  },
  "selected_tag": "",
  "triggers": {
    "bdt_part_init": {
      "actions": {
        "__varSetString": {
          "value": "heli",
          "var": "bdt_mission_mode"
        },
        "comment": [
          {
            "value": "setting helicpoter mode off"
          },
          {
            "value": "ukazyvaem maksimal'noe kolichestvo baz +1"
          },
          {
            "value": "maks kolichestvo baz"
          },
          {
            "value": "govorim chto shablon sam sebya restartit"
          }
        ],
        "varSetBool": {
          "value": true,
          "var": "bdt_self_restart"
        },
        "varSetInt": [
          {
            "value": 11,
            "var": "bdt_t1_total_bases_max_count"
          },
          {
            "value": 11,
            "var": "bdt_t2_total_bases_max_count"
          },
          {
            "value": 1,
            "var": "bdt_t1_active_bases_max_count"
          },
          {
            "value": 3,
            "var": "bdt_t2_active_bases_max_count"
          }
        ]
      },
      "comments": "",
      "conditions": {},
      "else_actions": {},
      "events": {
        "initMission": {}
      },
      "is_enabled": true,
      "props": {
        "actionsType": "PERFORM_ONE_BY_ONE",
        "conditionsType": "ALL",
        "enableAfterComplete": false
      }
    },
    "isCategory": true,
    "is_enabled": true
  },
  "units": {
    "armada": {
      "applyAllMods": false,
      "bullets0": "",
      "bullets1": "",
      "bullets2": "",
      "bullets3": "",
      "bulletsCount0": 0,
      "bulletsCount1": 0,
      "bulletsCount2": 0,
      "bulletsCount3": 0,
      "closed_waypoints": false,
      "crewSkillK": 0.0,
      "isShipSpline": false,
      "name": "bdt_armada",
      "objLayer": 1,
      "props": {
        "altLimit": 6000.0,
        "army": 1,
        "attack_type": "fire_at_will",
        "count": 1,
        "floating_distance": 50.0,
        "free_distance": 70.0,
        "minimum_distance_to_earth": 20.0,
        "plane": {
          "ai_skill": "NORMAL",
          "col_distances": 3.0,
          "row_distances": 3.0,
          "super_col_distances": 1.5,
          "super_formation": "Diamond",
          "super_row_distances": 1.5,
          "task": "FLY_WAYPOINT",
          "wing_formation": "Diamond"
        },
        "skill": 4
      },
      "shipTurnRadius": 100.0,
      "tm": [
        [2.52327e-07,0.0,1.0],
        [0.0,1.0,0.0],
        [-1.0,0.0,2.52327e-07],
        [4126.78,1388.0,-1691.98]
      ],
      "unit_class": "b-17g",
      "way": {},
      "weapons": "B17G_8x1000lbs"
    },
    "objectGroups": [
      {
        "name": "bdt_t2_bomb_object_01",
        "objLayer": 2,
        "props": {
          "active": false,
          "army": 2
        },
        "tm": [
          [-0.999958,0.0,0.00910152],
          [0.0,1.0,0.0],
          [-0.00910152,0.0,-0.999958],
          [-8634.04,23.6674,4065.88]
        ],
        "unit_class": "dynBase_ammunition_storage_square"
      },
      {
        "name": "bdt_t2_bomb_object_02",
        "objLayer": 2,
        "props": {
          "active": false,
          "army": 2
        },
        "tm": [
          [-0.0228716,0.0,0.999739],
          [0.0,1.0,0.0],
          [-0.999739,0.0,-0.0228716],
          [-8629.85,594.306,13882.3]
        ],
        "unit_class": "dynBase_field_camp_square"
      },
      {
        "name": "bdt_t2_bomb_object_03",
        "objLayer": 2,
        "props": {
          "active": false,
          "army": 2
        },
        "tm": [
          [0.526874,0.0,0.849944],
          [0.0,1.0,0.0],
          [-0.849944,0.0,0.526874],
          [-3030.45,157.0,5089.95]
        ],
        "unit_class": "dynBase_oil_storage_small_square"
      },
      {
        "name": "bdt_t2_bomb_object_04",
        "objLayer": 2,
        "props": {
          "active": false,
          "army": 2
        },
        "tm": [
          [0.0748606,0.0,0.997194],
          [0.0,1.0,0.0],
          [-0.997194,0.0,0.0748606],
          [-16647.5,179.644,13775.3]
        ],
        "unit_class": "dynBase_ammunition_camp_square"
      },
      {
        "name": "bdt_t2_bomb_object_05",
        "objLayer": 2,
        "props": {
          "active": false,
          "army": 2
        },
        "tm": [
          [-0.999987,0.0,0.00527176],
          [0.0,1.0,0.0],
          [-0.00527176,0.0,-0.999987],
          [-11442.3,51.1437,7828.91]
        ],
        "unit_class": "dynBase_ammunition_camp_square"
      },
      {
        "name": "bdt_t2_bomb_object_06",
        "objLayer": 2,
        "props": {
          "active": false,
          "army": 2
        },
        "tm": [
          [-0.173648,0.0,0.984808],
          [0.0,1.0,0.0],
          [-0.984808,0.0,-0.173648],
          [-12885.9,31.8014,6982.94]
        ],
        "unit_class": "dynBase_oil_storage_small_square"
      },
      {
        "name": "bdt_t2_bomb_object_07",
        "objLayer": 2,
        "props": {
          "active": false,
          "army": 2
        },
        "tm": [
          [0.129251,0.0,0.991611],
          [0.0,1.0,0.0],
          [-0.991611,0.0,0.129251],
          [-14057.8,60.7951,9276.78]
        ],
        "unit_class": "dynBase_military_base_square"
      },
      {
        "name": "bdt_t2_bomb_object_08",
        "objLayer": 2,
        "props": {
          "active": false,
          "army": 2
        },
        "tm": [
          [0.087156,0.0,0.996194],
          [0.0,1.0,0.0],
          [-0.996194,0.0,0.087156],
          [-7638.9,23.2259,7030.3]
        ],
        "unit_class": "dynBase_field_camp_square"
      },
      {
        "name": "bdt_t1_bomb_object_01",
        "objLayer": 2,
        "props": {
          "active": false,
          "army": 1
        },
        "tm": [
          [-0.99977,0.0,-0.0215276],
          [0.0,1.0,0.0],
          [0.0215276,0.0,-0.99977],
          [-10286.6,103.273,-3521.87]
        ],
        "unit_class": "dynBase_small_factory_square"
      },
      {
        "name": "bdt_t1_bomb_object_02",
        "objLayer": 2,
        "props": {
          "active": false,
          "army": 1
        },
        "tm": [
          [0.0147385,0.0,0.999892],
          [0.0,1.0,0.0],
          [-0.999892,0.0,0.0147385],
          [-6889.84,84.0308,-11050.7]
        ],
        "unit_class": "dynBase_ammunition_camp_square"
      },
      {
        "name": "bdt_t1_bomb_object_03",
        "objLayer": 2,
        "props": {
          "active": false,
          "army": 1
        },
        "tm": [
          [-0.901095,0.0,0.433624],
          [0.0,1.0,0.0],
          [-0.433624,0.0,-0.901095],
          [-3743.2,225.206,-1762.84]
        ],
        "unit_class": "dynBase_ammunition_camp_square"
      },
      {
        "name": "bdt_t1_bomb_object_04",
        "objLayer": 2,
        "props": {
          "active": false,
          "army": 1
        },
        "tm": [
          [-0.608762,0.0,0.793354],
          [0.0,1.0,0.0],
          [-0.793354,0.0,-0.608762],
          [-12309.8,107.6,-7851.27]
        ],
        "unit_class": "dynBase_hq_camp_square"
      },
      {
        "name": "bdt_t1_bomb_object_05",
        "objLayer": 2,
        "props": {
          "active": false,
          "army": 1
        },
        "tm": [
          [-0.608762,0.0,0.793354],
          [0.0,1.0,0.0],
          [-0.793354,0.0,-0.608762],
          [-2919.15,153.45,-6837.25]
        ],
        "unit_class": "dynBase_oil_storage_large_square"
      },
      {
        "name": "bdt_t1_bomb_object_06",
        "objLayer": 2,
        "props": {
          "active": false,
          "army": 1
        },
        "tm": [
          [-0.0871559,0.0,0.996195],
          [0.0,1.0,0.0],
          [-0.996195,0.0,-0.0871559],
          [-4782.22,235.993,-4035.79]
        ],
        "unit_class": "dynBase_oil_storage_small_square"
      },
      {
        "name": "bdt_t1_bomb_object_07",
        "objLayer": 2,
        "props": {
          "active": false,
          "army": 1
        },
        "tm": [
          [0.0186163,0.0,0.999827],
          [0.0,1.0,0.0],
          [-0.999827,0.0,0.0186163],
          [-12255.9,44.8514,-10092.0]
        ],
        "unit_class": "dynBase_fuel_storage_square"
      },
      {
        "name": "bdt_t1_bomb_object_08",
        "objLayer": 2,
        "props": {
          "active": false,
          "army": 1
        },
        "tm": [
          [0.0245336,0.0,0.999699],
          [0.0,1.0,0.0],
          [-0.999699,0.0,0.0245336],
          [-8449.37,82.6566,-2174.32]
        ],
        "unit_class": "dynBase_ammunition_storage_square"
      },
      {
        "name": "bdt_t1_bomb_object_09",
        "objLayer": 2,
        "props": {
          "active": false,
          "army": 1
        },
        "tm": [
          [-0.67559,0.0,0.737278],
          [0.0,1.0,0.0],
          [-0.737278,0.0,-0.67559],
          [-15153.1,17.3872,-3279.15]
        ],
        "unit_class": "dynBase_petrol_camp_square"
      },
      {
        "name": "bdt_t1_bomb_object_10",
        "objLayer": 2,
        "props": {
          "active": false,
          "army": 1
        },
        "tm": [
          [-0.998344,0.0,-0.0575395],
          [0.0,1.0,0.0],
          [0.0575395,0.0,-0.998344],
          [-9033.77,108.452,-7365.22]
        ],
        "unit_class": "dynBase_military_base_square"
      },
      {
        "name": "bdt_t2_bomb_object_09",
        "objLayer": 2,
        "props": {
          "active": false,
          "army": 2
        },
        "tm": [
          [-0.999524,0.0,-0.0308825],
          [0.0,1.0,0.0],
          [0.0308825,0.0,-0.999524],
          [-2547.34,498.476,10087.7]
        ],
        "unit_class": "dynBase_hq_camp_square"
      },
      {
        "name": "bdt_t2_bomb_object_10",
        "objLayer": 2,
        "props": {
          "active": false,
          "army": 2
        },
        "tm": [
          [-0.906308,0.0,0.422619],
          [0.0,1.0,0.0],
          [-0.422619,0.0,-0.906308],
          [-4777.84,16.945,7477.12]
        ],
        "unit_class": "dynBase_small_factory_square"
      }
    ]
  },
  "variables": {},
  "wayPoints": {}
}