{
  "airfields": [
    []
  ],
  "areas": [
    {
      "bdt_t1_bomb_zone_01": [
        {
          "objLayer": [
            0
          ],
          "props": [
            []
          ],
          "tm": [
            [
              [-400.468,0.0,-205.243],
              [0.0,450.0,0.0],
              [205.243,0.0,-400.468],
              [28204.6,3724.19,-22199.8]
            ]
          ],
          "type": [
            "Sphere"
          ]
        }
      ],
      "bdt_t1_bomb_zone_01_aaa_point_01": [
        {
          "objLayer": [
            0
          ],
          "props": [
            []
          ],
          "tm": [
            [
              [-0.483342,0.0,-0.875431],
              [0.0,1.0,0.0],
              [0.875431,0.0,-0.483342],
              [28089.5,3727.58,-22426.8]
            ]
          ],
          "type": [
            "Point"
          ]
        }
      ],
      "bdt_t1_bomb_zone_01_aaa_point_02": [
        {
          "objLayer": [
            0
          ],
          "props": [
            []
          ],
          "tm": [
            [
              [-0.483342,0.0,-0.875431],
              [0.0,1.0,0.0],
              [0.875431,0.0,-0.483342],
              [28376.9,3679.83,-22014.2]
            ]
          ],
          "type": [
            "Point"
          ]
        }
      ],
      "bdt_t1_bomb_zone_01_aaa_point_03": [
        {
          "objLayer": [
            0
          ],
          "props": [
            []
          ],
          "tm": [
            [
              [-0.483342,0.0,-0.875431],
              [0.0,1.0,0.0],
              [0.875431,0.0,-0.483342],
              [28016.1,3737.06,-22062.4]
            ]
          ],
          "type": [
            "Point"
          ]
        }
      ],
      "bdt_t1_bomb_zone_01_aaa_point_04": [
        {
          "objLayer": [
            0
          ],
          "props": [
            []
          ],
          "tm": [
            [
              [-0.483342,0.0,-0.875431],
              [0.0,1.0,0.0],
              [0.875431,0.0,-0.483342],
              [28216.0,3730.3,-21951.7]
            ]
          ],
          "type": [
            "Point"
          ]
        }
      ],
      "bdt_t1_bomb_zone_02": [
        {
          "objLayer": [
            0
          ],
          "props": [
            []
          ],
          "tm": [
            [
              [-244.192,0.0,-377.981],
              [0.0,450.0,0.0],
              [377.981,0.0,-244.192],
              [34085.9,2651.18,-17901.2]
            ]
          ],
          "type": [
            "Sphere"
          ]
        }
      ],
      "bdt_t1_bomb_zone_02_aaa_point_01": [
        {
          "objLayer": [
            0
          ],
          "props": [
            []
          ],
          "tm": [
            [
              [-0.483342,0.0,-0.875431],
              [0.0,1.0,0.0],
              [0.875431,0.0,-0.483342],
              [34148.1,2580.37,-18164.4]
            ]
          ],
          "type": [
            "Point"
          ]
        }
      ],
      "bdt_t1_bomb_zone_02_aaa_point_02": [
        {
          "objLayer": [
            0
          ],
          "props": [
            []
          ],
          "tm": [
            [
              [-0.483342,0.0,-0.875431],
              [0.0,1.0,0.0],
              [0.875431,0.0,-0.483342],
              [34346.6,2624.14,-17952.7]
            ]
          ],
          "type": [
            "Point"
          ]
        }
      ],
      "bdt_t1_bomb_zone_02_aaa_point_03": [
        {
          "objLayer": [
            0
          ],
          "props": [
            []
          ],
          "tm": [
            [
              [-0.483342,0.0,-0.875431],
              [0.0,1.0,0.0],
              [0.875431,0.0,-0.483342],
              [33726.5,2566.8,-17629.4]
            ]
          ],
          "type": [
            "Point"
          ]
        }
      ],
      "bdt_t1_bomb_zone_02_aaa_point_04": [
        {
          "objLayer": [
            0
          ],
          "props": [
            []
          ],
          "tm": [
            [
              [-0.483342,0.0,-0.875431],
              [0.0,1.0,0.0],
              [0.875431,0.0,-0.483342],
              [34275.8,2703.21,-17632.4]
            ]
          ],
          "type": [
            "Point"
          ]
        }
      ],
      "bdt_t1_bomb_zone_03": [
        {
          "objLayer": [
            0
          ],
          "props": [
            []
          ],
          "tm": [
            [
              [-269.131,0.0,-360.649],
              [0.0,450.0,0.0],
              [360.649,0.0,-269.131],
              [22649.4,1943.99,-14012.3]
            ]
          ],
          "type": [
            "Sphere"
          ]
        }
      ],
      "bdt_t1_bomb_zone_03_aaa_point_01": [
        {
          "objLayer": [
            0
          ],
          "props": [
            []
          ],
          "tm": [
            [
              [-0.577454,0.0,-0.816424],
              [0.0,1.0,0.0],
              [0.816424,0.0,-0.577454],
              [22576.9,1948.36,-13713.2]
            ]
          ],
          "type": [
            "Point"
          ]
        }
      ],
      "bdt_t1_bomb_zone_03_aaa_point_02": [
        {
          "objLayer": [
            0
          ],
          "props": [
            []
          ],
          "tm": [
            [
              [-0.577454,0.0,-0.816424],
              [0.0,1.0,0.0],
              [0.816424,0.0,-0.577454],
              [22720.7,1941.05,-14243.7]
            ]
          ],
          "type": [
            "Point"
          ]
        }
      ],
      "bdt_t1_bomb_zone_03_aaa_point_03": [
        {
          "objLayer": [
            0
          ],
          "props": [
            []
          ],
          "tm": [
            [
              [-0.577454,0.0,-0.816424],
              [0.0,1.0,0.0],
              [0.816424,0.0,-0.577454],
              [22932.2,1947.81,-14060.3]
            ]
          ],
          "type": [
            "Point"
          ]
        }
      ],
      "bdt_t1_bomb_zone_03_aaa_point_04": [
        {
          "objLayer": [
            0
          ],
          "props": [
            []
          ],
          "tm": [
            [
              [-0.577454,0.0,-0.816424],
              [0.0,1.0,0.0],
              [0.816424,0.0,-0.577454],
              [22393.8,1945.61,-14064.5]
            ]
          ],
          "type": [
            "Point"
          ]
        }
      ],
      "bdt_t1_bomb_zone_04": [
        {
          "objLayer": [
            0
          ],
          "props": [
            []
          ],
          "tm": [
            [
              [-269.131,0.0,-360.649],
              [0.0,450.0,0.0],
              [360.649,0.0,-269.131],
              [21858.8,2928.47,-4983.85]
            ]
          ],
          "type": [
            "Sphere"
          ]
        }
      ],
      "bdt_t1_bomb_zone_04_aaa_point_01": [
        {
          "objLayer": [
            0
          ],
          "props": [
            []
          ],
          "tm": [
            [
              [-0.577454,0.0,-0.816424],
              [0.0,1.0,0.0],
              [0.816424,0.0,-0.577454],
              [21583.7,2930.66,-5140.81]
            ]
          ],
          "type": [
            "Point"
          ]
        }
      ],
      "bdt_t1_bomb_zone_04_aaa_point_02": [
        {
          "objLayer": [
            0
          ],
          "props": [
            []
          ],
          "tm": [
            [
              [-0.577454,0.0,-0.816424],
              [0.0,1.0,0.0],
              [0.816424,0.0,-0.577454],
              [21890.8,2928.59,-5234.57]
            ]
          ],
          "type": [
            "Point"
          ]
        }
      ],
      "bdt_t1_bomb_zone_04_aaa_point_03": [
        {
          "objLayer": [
            0
          ],
          "props": [
            []
          ],
          "tm": [
            [
              [-0.577454,0.0,-0.816424],
              [0.0,1.0,0.0],
              [0.816424,0.0,-0.577454],
              [21625.0,2929.52,-4810.99]
            ]
          ],
          "type": [
            "Point"
          ]
        }
      ],
      "bdt_t1_bomb_zone_04_aaa_point_04": [
        {
          "objLayer": [
            0
          ],
          "props": [
            []
          ],
          "tm": [
            [
              [-0.577454,0.0,-0.816424],
              [0.0,1.0,0.0],
              [0.816424,0.0,-0.577454],
              [22171.3,2927.93,-5013.44]
            ]
          ],
          "type": [
            "Point"
          ]
        }
      ],
      "bdt_t1_bomb_zone_05": [
        {
          "objLayer": [
            0
          ],
          "props": [
            []
          ],
          "tm": [
            [
              [-269.131,0.0,-360.649],
              [0.0,450.0,0.0],
              [360.649,0.0,-269.131],
              [21437.2,2200.91,-9069.17]
            ]
          ],
          "type": [
            "Sphere"
          ]
        }
      ],
      "bdt_t1_bomb_zone_05_aaa_point_01": [
        {
          "objLayer": [
            0
          ],
          "props": [
            []
          ],
          "tm": [
            [
              [-0.577454,0.0,-0.816424],
              [0.0,1.0,0.0],
              [0.816424,0.0,-0.577454],
              [21613.5,2194.25,-8859.37]
            ]
          ],
          "type": [
            "Point"
          ]
        }
      ],
      "bdt_t1_bomb_zone_05_aaa_point_02": [
        {
          "objLayer": [
            0
          ],
          "props": [
            []
          ],
          "tm": [
            [
              [-0.577454,0.0,-0.816424],
              [0.0,1.0,0.0],
              [0.816424,0.0,-0.577454],
              [21434.2,2229.12,-8913.74]
            ]
          ],
          "type": [
            "Point"
          ]
        }
      ],
      "bdt_t1_bomb_zone_05_aaa_point_03": [
        {
          "objLayer": [
            0
          ],
          "props": [
            []
          ],
          "tm": [
            [
              [-0.577454,0.0,-0.816424],
              [0.0,1.0,0.0],
              [0.816424,0.0,-0.577454],
              [21243.9,2219.77,-9282.23]
            ]
          ],
          "type": [
            "Point"
          ]
        }
      ],
      "bdt_t1_bomb_zone_05_aaa_point_04": [
        {
          "objLayer": [
            0
          ],
          "props": [
            []
          ],
          "tm": [
            [
              [-0.577454,0.0,-0.816424],
              [0.0,1.0,0.0],
              [0.816424,0.0,-0.577454],
              [21470.1,2144.05,-9344.77]
            ]
          ],
          "type": [
            "Point"
          ]
        }
      ],
      "bdt_t1_bomb_zone_06": [
        {
          "objLayer": [
            0
          ],
          "props": [
            []
          ],
          "tm": [
            [
              [-269.131,0.0,-360.649],
              [0.0,450.0,0.0],
              [360.649,0.0,-269.131],
              [18520.6,2410.86,-13143.1]
            ]
          ],
          "type": [
            "Sphere"
          ]
        }
      ],
      "bdt_t1_bomb_zone_06_aaa_point_01": [
        {
          "objLayer": [
            0
          ],
          "props": [
            []
          ],
          "tm": [
            [
              [-0.577454,0.0,-0.816424],
              [0.0,1.0,0.0],
              [0.816424,0.0,-0.577454],
              [18391.7,2406.15,-12831.4]
            ]
          ],
          "type": [
            "Point"
          ]
        }
      ],
      "bdt_t1_bomb_zone_06_aaa_point_02": [
        {
          "objLayer": [
            0
          ],
          "props": [
            []
          ],
          "tm": [
            [
              [-0.577454,0.0,-0.816424],
              [0.0,1.0,0.0],
              [0.816424,0.0,-0.577454],
              [18654.7,2408.41,-12847.4]
            ]
          ],
          "type": [
            "Point"
          ]
        }
      ],
      "bdt_t1_bomb_zone_06_aaa_point_03": [
        {
          "objLayer": [
            0
          ],
          "props": [
            []
          ],
          "tm": [
            [
              [-0.577454,0.0,-0.816424],
              [0.0,1.0,0.0],
              [0.816424,0.0,-0.577454],
              [18767.0,2412.39,-13329.8]
            ]
          ],
          "type": [
            "Point"
          ]
        }
      ],
      "bdt_t1_bomb_zone_06_aaa_point_04": [
        {
          "objLayer": [
            0
          ],
          "props": [
            []
          ],
          "tm": [
            [
              [-0.577454,0.0,-0.816424],
              [0.0,1.0,0.0],
              [0.816424,0.0,-0.577454],
              [18259.7,2408.16,-13286.3]
            ]
          ],
          "type": [
            "Point"
          ]
        }
      ],
      "bdt_t1_bomb_zone_07": [
        {
          "objLayer": [
            0
          ],
          "props": [
            []
          ],
          "tm": [
            [
              [-269.131,0.0,-360.649],
              [0.0,450.0,0.0],
              [360.649,0.0,-269.131],
              [18392.2,2813.22,-9324.87]
            ]
          ],
          "type": [
            "Sphere"
          ]
        }
      ],
      "bdt_t1_bomb_zone_07_aaa_point_01": [
        {
          "objLayer": [
            0
          ],
          "props": [
            []
          ],
          "tm": [
            [
              [-0.577454,0.0,-0.816424],
              [0.0,1.0,0.0],
              [0.816424,0.0,-0.577454],
              [18519.4,2814.52,-9597.89]
            ]
          ],
          "type": [
            "Point"
          ]
        }
      ],
      "bdt_t1_bomb_zone_07_aaa_point_02": [
        {
          "objLayer": [
            0
          ],
          "props": [
            []
          ],
          "tm": [
            [
              [-0.577454,0.0,-0.816424],
              [0.0,1.0,0.0],
              [0.816424,0.0,-0.577454],
              [18249.0,2807.23,-9006.75]
            ]
          ],
          "type": [
            "Point"
          ]
        }
      ],
      "bdt_t1_bomb_zone_07_aaa_point_03": [
        {
          "objLayer": [
            0
          ],
          "props": [
            []
          ],
          "tm": [
            [
              [-0.577454,0.0,-0.816424],
              [0.0,1.0,0.0],
              [0.816424,0.0,-0.577454],
              [18092.8,2802.36,-9477.65]
            ]
          ],
          "type": [
            "Point"
          ]
        }
      ],
      "bdt_t1_bomb_zone_07_aaa_point_04": [
        {
          "objLayer": [
            0
          ],
          "props": [
            []
          ],
          "tm": [
            [
              [-0.577454,0.0,-0.816424],
              [0.0,1.0,0.0],
              [0.816424,0.0,-0.577454],
              [18791.1,2811.78,-9371.46]
            ]
          ],
          "type": [
            "Point"
          ]
        }
      ],
      "bdt_t1_bomb_zone_08": [
        {
          "objLayer": [
            0
          ],
          "props": [
            []
          ],
          "tm": [
            [
              [-400.468,0.0,-205.243],
              [0.0,450.0,0.0],
              [205.243,0.0,-400.468],
              [30422.4,2473.75,-18734.3]
            ]
          ],
          "type": [
            "Sphere"
          ]
        }
      ],
      "bdt_t1_bomb_zone_08_aaa_point_01": [
        {
          "objLayer": [
            0
          ],
          "props": [
            []
          ],
          "tm": [
            [
              [-0.483342,0.0,-0.875431],
              [0.0,1.0,0.0],
              [0.875431,0.0,-0.483342],
              [30723.4,2406.92,-18812.0]
            ]
          ],
          "type": [
            "Point"
          ]
        }
      ],
      "bdt_t1_bomb_zone_08_aaa_point_02": [
        {
          "objLayer": [
            0
          ],
          "props": [
            []
          ],
          "tm": [
            [
              [-0.483342,0.0,-0.875431],
              [0.0,1.0,0.0],
              [0.875431,0.0,-0.483342],
              [30460.8,2352.9,-18430.8]
            ]
          ],
          "type": [
            "Point"
          ]
        }
      ],
      "bdt_t1_bomb_zone_08_aaa_point_03": [
        {
          "objLayer": [
            0
          ],
          "props": [
            []
          ],
          "tm": [
            [
              [-0.483342,0.0,-0.875431],
              [0.0,1.0,0.0],
              [0.875431,0.0,-0.483342],
              [30084.3,2596.96,-18617.6]
            ]
          ],
          "type": [
            "Point"
          ]
        }
      ],
      "bdt_t1_bomb_zone_08_aaa_point_04": [
        {
          "objLayer": [
            0
          ],
          "props": [
            []
          ],
          "tm": [
            [
              [-0.483342,0.0,-0.875431],
              [0.0,1.0,0.0],
              [0.875431,0.0,-0.483342],
              [30296.1,2583.63,-18975.4]
            ]
          ],
          "type": [
            "Point"
          ]
        }
      ],
      "bdt_t1_bomb_zone_09": [
        {
          "objLayer": [
            0
          ],
          "props": [
            []
          ],
          "tm": [
            [
              [-400.468,0.0,-205.243],
              [0.0,450.0,0.0],
              [205.243,0.0,-400.468],
              [25131.8,2083.45,-17639.6]
            ]
          ],
          "type": [
            "Sphere"
          ]
        }
      ],
      "bdt_t1_bomb_zone_09_aaa_point_01": [
        {
          "objLayer": [
            0
          ],
          "props": [
            []
          ],
          "tm": [
            [
              [-0.483342,0.0,-0.875431],
              [0.0,1.0,0.0],
              [0.875431,0.0,-0.483342],
              [25417.8,2022.66,-17294.6]
            ]
          ],
          "type": [
            "Point"
          ]
        }
      ],
      "bdt_t1_bomb_zone_09_aaa_point_02": [
        {
          "objLayer": [
            0
          ],
          "props": [
            []
          ],
          "tm": [
            [
              [-0.483342,0.0,-0.875431],
              [0.0,1.0,0.0],
              [0.875431,0.0,-0.483342],
              [24923.8,1927.56,-17285.8]
            ]
          ],
          "type": [
            "Point"
          ]
        }
      ],
      "bdt_t1_bomb_zone_09_aaa_point_03": [
        {
          "objLayer": [
            0
          ],
          "props": [
            []
          ],
          "tm": [
            [
              [-0.483342,0.0,-0.875431],
              [0.0,1.0,0.0],
              [0.875431,0.0,-0.483342],
              [26125.6,2157.71,-17605.4]
            ]
          ],
          "type": [
            "Point"
          ]
        }
      ],
      "bdt_t1_bomb_zone_09_aaa_point_04": [
        {
          "objLayer": [
            0
          ],
          "props": [
            []
          ],
          "tm": [
            [
              [-0.483342,0.0,-0.875431],
              [0.0,1.0,0.0],
              [0.875431,0.0,-0.483342],
              [24732.3,2096.68,-17698.6]
            ]
          ],
          "type": [
            "Point"
          ]
        }
      ],
      "bdt_t1_bomb_zone_10": [
        {
          "objLayer": [
            0
          ],
          "props": [
            []
          ],
          "tm": [
            [
              [-400.468,0.0,-205.243],
              [0.0,450.0,0.0],
              [205.243,0.0,-400.468],
              [31857.5,3237.06,-21994.6]
            ]
          ],
          "type": [
            "Sphere"
          ]
        }
      ],
      "bdt_t1_bomb_zone_10_aaa_point_01": [
        {
          "objLayer": [
            0
          ],
          "props": [
            []
          ],
          "tm": [
            [
              [-0.483342,0.0,-0.875431],
              [0.0,1.0,0.0],
              [0.875431,0.0,-0.483342],
              [32002.2,3107.34,-21654.7]
            ]
          ],
          "type": [
            "Point"
          ]
        }
      ],
      "bdt_t1_bomb_zone_10_aaa_point_02": [
        {
          "objLayer": [
            0
          ],
          "props": [
            []
          ],
          "tm": [
            [
              [-0.483342,0.0,-0.875431],
              [0.0,1.0,0.0],
              [0.875431,0.0,-0.483342],
              [32268.6,3243.54,-22164.3]
            ]
          ],
          "type": [
            "Point"
          ]
        }
      ],
      "bdt_t1_bomb_zone_10_aaa_point_03": [
        {
          "objLayer": [
            0
          ],
          "props": [
            []
          ],
          "tm": [
            [
              [-0.483342,0.0,-0.875431],
              [0.0,1.0,0.0],
              [0.875431,0.0,-0.483342],
              [31611.2,3286.72,-21898.8]
            ]
          ],
          "type": [
            "Point"
          ]
        }
      ],
      "bdt_t1_bomb_zone_10_aaa_point_04": [
        {
          "objLayer": [
            0
          ],
          "props": [
            []
          ],
          "tm": [
            [
              [-0.483342,0.0,-0.875431],
              [0.0,1.0,0.0],
              [0.875431,0.0,-0.483342],
              [31698.9,3391.22,-22273.3]
            ]
          ],
          "type": [
            "Point"
          ]
        }
      ],
      "bdt_t2_bomb_zone_01": [
        {
          "objLayer": [
            0
          ],
          "props": [
            []
          ],
          "tm": [
            [
              [-449.807,0.0,-13.2051],
              [0.0,450.0,0.0],
              [13.2051,0.0,-449.807],
              [38862.9,2345.81,-5174.0]
            ]
          ],
          "type": [
            "Sphere"
          ]
        }
      ],
      "bdt_t2_bomb_zone_01_aaa_point_01": [
        {
          "objLayer": [
            0
          ],
          "props": [
            []
          ],
          "tm": [
            [
              [-0.812675,0.0,-0.582716],
              [0.0,1.0,0.0],
              [0.582716,0.0,-0.812675],
              [38710.7,2336.17,-5007.7]
            ]
          ],
          "type": [
            "Point"
          ]
        }
      ],
      "bdt_t2_bomb_zone_01_aaa_point_02": [
        {
          "objLayer": [
            0
          ],
          "props": [
            []
          ],
          "tm": [
            [
              [-0.812675,0.0,-0.582716],
              [0.0,1.0,0.0],
              [0.582716,0.0,-0.812675],
              [39124.6,2389.84,-5304.08]
            ]
          ],
          "type": [
            "Point"
          ]
        }
      ],
      "bdt_t2_bomb_zone_01_aaa_point_03": [
        {
          "objLayer": [
            0
          ],
          "props": [
            []
          ],
          "tm": [
            [
              [-0.812675,0.0,-0.582716],
              [0.0,1.0,0.0],
              [0.582716,0.0,-0.812675],
              [39032.8,2351.99,-5379.82]
            ]
          ],
          "type": [
            "Point"
          ]
        }
      ],
      "bdt_t2_bomb_zone_01_aaa_point_04": [
        {
          "objLayer": [
            0
          ],
          "props": [
            []
          ],
          "tm": [
            [
              [-0.812675,0.0,-0.582716],
              [0.0,1.0,0.0],
              [0.582716,0.0,-0.812675],
              [38733.8,2320.75,-5623.15]
            ]
          ],
          "type": [
            "Point"
          ]
        }
      ],
      "bdt_t2_bomb_zone_02": [
        {
          "objLayer": [
            0
          ],
          "props": [
            []
          ],
          "tm": [
            [
              [-445.568,0.0,-63.0109],
              [0.0,450.0,0.0],
              [63.0109,0.0,-445.568],
              [31149.4,2934.77,-559.329]
            ]
          ],
          "type": [
            "Sphere"
          ]
        }
      ],
      "bdt_t2_bomb_zone_02_aaa_point_01": [
        {
          "objLayer": [
            0
          ],
          "props": [
            []
          ],
          "tm": [
            [
              [-0.743032,0.0,-0.669253],
              [0.0,1.0,0.0],
              [0.669253,0.0,-0.743032],
              [31197.0,3043.98,-315.405]
            ]
          ],
          "type": [
            "Point"
          ]
        }
      ],
      "bdt_t2_bomb_zone_02_aaa_point_02": [
        {
          "objLayer": [
            0
          ],
          "props": [
            []
          ],
          "tm": [
            [
              [-0.743032,0.0,-0.669253],
              [0.0,1.0,0.0],
              [0.669253,0.0,-0.743032],
              [31315.7,2774.16,-841.222]
            ]
          ],
          "type": [
            "Point"
          ]
        }
      ],
      "bdt_t2_bomb_zone_02_aaa_point_03": [
        {
          "objLayer": [
            0
          ],
          "props": [
            []
          ],
          "tm": [
            [
              [-0.743032,0.0,-0.669253],
              [0.0,1.0,0.0],
              [0.669253,0.0,-0.743032],
              [31413.8,2934.77,-468.6]
            ]
          ],
          "type": [
            "Point"
          ]
        }
      ],
      "bdt_t2_bomb_zone_02_aaa_point_04": [
        {
          "objLayer": [
            0
          ],
          "props": [
            []
          ],
          "tm": [
            [
              [-0.743032,0.0,-0.669253],
              [0.0,1.0,0.0],
              [0.669253,0.0,-0.743032],
              [30955.2,2892.32,-681.548]
            ]
          ],
          "type": [
            "Point"
          ]
        }
      ],
      "bdt_t2_bomb_zone_03": [
        {
          "objLayer": [
            0
          ],
          "props": [
            []
          ],
          "tm": [
            [
              [-149.849,0.0,-424.317],
              [0.0,450.0,0.0],
              [424.317,0.0,-149.849],
              [27310.6,2949.19,-1170.1]
            ]
          ],
          "type": [
            "Sphere"
          ]
        }
      ],
      "bdt_t2_bomb_zone_03_aaa_point_01": [
        {
          "objLayer": [
            0
          ],
          "props": [
            []
          ],
          "tm": [
            [
              [-0.743032,0.0,-0.669253],
              [0.0,1.0,0.0],
              [0.669253,0.0,-0.743032],
              [27077.5,2945.21,-984.43]
            ]
          ],
          "type": [
            "Point"
          ]
        }
      ],
      "bdt_t2_bomb_zone_03_aaa_point_02": [
        {
          "objLayer": [
            0
          ],
          "props": [
            []
          ],
          "tm": [
            [
              [-0.743032,0.0,-0.669253],
              [0.0,1.0,0.0],
              [0.669253,0.0,-0.743032],
              [27409.9,2812.68,-1445.33]
            ]
          ],
          "type": [
            "Point"
          ]
        }
      ],
      "bdt_t2_bomb_zone_03_aaa_point_03": [
        {
          "objLayer": [
            0
          ],
          "props": [
            []
          ],
          "tm": [
            [
              [-0.743032,0.0,-0.669253],
              [0.0,1.0,0.0],
              [0.669253,0.0,-0.743032],
              [27625.9,2883.09,-1226.58]
            ]
          ],
          "type": [
            "Point"
          ]
        }
      ],
      "bdt_t2_bomb_zone_03_aaa_point_04": [
        {
          "objLayer": [
            0
          ],
          "props": [
            []
          ],
          "tm": [
            [
              [-0.743032,0.0,-0.669253],
              [0.0,1.0,0.0],
              [0.669253,0.0,-0.743032],
              [27277.5,2984.51,-871.951]
            ]
          ],
          "type": [
            "Point"
          ]
        }
      ],
      "bdt_t2_bomb_zone_04": [
        {
          "objLayer": [
            0
          ],
          "props": [
            []
          ],
          "tm": [
            [
              [-360.884,0.0,-268.815],
              [0.0,450.0,0.0],
              [268.815,0.0,-360.884],
              [42474.6,2526.52,-6318.99]
            ]
          ],
          "type": [
            "Sphere"
          ]
        }
      ],
      "bdt_t2_bomb_zone_04_aaa_point_01": [
        {
          "objLayer": [
            0
          ],
          "props": [
            []
          ],
          "tm": [
            [
              [-0.812675,0.0,-0.582716],
              [0.0,1.0,0.0],
              [0.582716,0.0,-0.812675],
              [42414.6,2460.29,-6645.8]
            ]
          ],
          "type": [
            "Point"
          ]
        }
      ],
      "bdt_t2_bomb_zone_04_aaa_point_02": [
        {
          "objLayer": [
            0
          ],
          "props": [
            []
          ],
          "tm": [
            [
              [-0.812675,0.0,-0.582716],
              [0.0,1.0,0.0],
              [0.582716,0.0,-0.812675],
              [42773.8,2573.28,-6361.84]
            ]
          ],
          "type": [
            "Point"
          ]
        }
      ],
      "bdt_t2_bomb_zone_04_aaa_point_03": [
        {
          "objLayer": [
            0
          ],
          "props": [
            []
          ],
          "tm": [
            [
              [-0.812675,0.0,-0.582716],
              [0.0,1.0,0.0],
              [0.582716,0.0,-0.812675],
              [42239.7,2517.44,-6193.03]
            ]
          ],
          "type": [
            "Point"
          ]
        }
      ],
      "bdt_t2_bomb_zone_04_aaa_point_04": [
        {
          "objLayer": [
            0
          ],
          "props": [
            []
          ],
          "tm": [
            [
              [-0.812675,0.0,-0.582716],
              [0.0,1.0,0.0],
              [0.582716,0.0,-0.812675],
              [42452.6,2608.84,-6073.04]
            ]
          ],
          "type": [
            "Point"
          ]
        }
      ],
      "bdt_t2_bomb_zone_05": [
        {
          "objLayer": [
            0
          ],
          "props": [
            []
          ],
          "tm": [
            [
              [-360.884,0.0,-268.815],
              [0.0,450.0,0.0],
              [268.815,0.0,-360.884],
              [42784.9,3072.96,-10630.8]
            ]
          ],
          "type": [
            "Sphere"
          ]
        }
      ],
      "bdt_t2_bomb_zone_05_aaa_point_01": [
        {
          "objLayer": [
            0
          ],
          "props": [
            []
          ],
          "tm": [
            [
              [-0.812675,0.0,-0.582716],
              [0.0,1.0,0.0],
              [0.582716,0.0,-0.812675],
              [42656.9,2877.59,-10308.2]
            ]
          ],
          "type": [
            "Point"
          ]
        }
      ],
      "bdt_t2_bomb_zone_05_aaa_point_02": [
        {
          "objLayer": [
            0
          ],
          "props": [
            []
          ],
          "tm": [
            [
              [-0.812675,0.0,-0.582716],
              [0.0,1.0,0.0],
              [0.582716,0.0,-0.812675],
              [42660.1,3057.21,-10984.8]
            ]
          ],
          "type": [
            "Point"
          ]
        }
      ],
      "bdt_t2_bomb_zone_05_aaa_point_03": [
        {
          "objLayer": [
            0
          ],
          "props": [
            []
          ],
          "tm": [
            [
              [-0.812675,0.0,-0.582716],
              [0.0,1.0,0.0],
              [0.582716,0.0,-0.812675],
              [42865.4,3209.18,-10967.0]
            ]
          ],
          "type": [
            "Point"
          ]
        }
      ],
      "bdt_t2_bomb_zone_05_aaa_point_04": [
        {
          "objLayer": [
            0
          ],
          "props": [
            []
          ],
          "tm": [
            [
              [-0.812675,0.0,-0.582716],
              [0.0,1.0,0.0],
              [0.582716,0.0,-0.812675],
              [43073.3,3167.69,-10478.3]
            ]
          ],
          "type": [
            "Point"
          ]
        }
      ],
      "bdt_t2_bomb_zone_06": [
        {
          "objLayer": [
            0
          ],
          "props": [
            []
          ],
          "tm": [
            [
              [-192.529,0.0,-406.735],
              [0.0,450.0,0.0],
              [406.735,0.0,-192.529],
              [39659.2,3064.78,-12972.0]
            ]
          ],
          "type": [
            "Sphere"
          ]
        }
      ],
      "bdt_t2_bomb_zone_06_aaa_point_01": [
        {
          "objLayer": [
            0
          ],
          "props": [
            []
          ],
          "tm": [
            [
              [-0.444173,0.0,-0.895944],
              [0.0,1.0,0.0],
              [0.895944,0.0,-0.444173],
              [39765.8,3045.93,-12644.8]
            ]
          ],
          "type": [
            "Point"
          ]
        }
      ],
      "bdt_t2_bomb_zone_06_aaa_point_02": [
        {
          "objLayer": [
            0
          ],
          "props": [
            []
          ],
          "tm": [
            [
              [-0.444173,0.0,-0.895944],
              [0.0,1.0,0.0],
              [0.895944,0.0,-0.444173],
              [39754.2,3018.81,-13409.5]
            ]
          ],
          "type": [
            "Point"
          ]
        }
      ],
      "bdt_t2_bomb_zone_06_aaa_point_03": [
        {
          "objLayer": [
            0
          ],
          "props": [
            []
          ],
          "tm": [
            [
              [-0.444173,0.0,-0.895944],
              [0.0,1.0,0.0],
              [0.895944,0.0,-0.444173],
              [39478.6,2925.01,-13394.8]
            ]
          ],
          "type": [
            "Point"
          ]
        }
      ],
      "bdt_t2_bomb_zone_06_aaa_point_04": [
        {
          "objLayer": [
            0
          ],
          "props": [
            []
          ],
          "tm": [
            [
              [-0.444173,0.0,-0.895944],
              [0.0,1.0,0.0],
              [0.895944,0.0,-0.444173],
              [39111.6,2858.33,-12989.5]
            ]
          ],
          "type": [
            "Point"
          ]
        }
      ],
      "bdt_t2_bomb_zone_07": [
        {
          "objLayer": [
            0
          ],
          "props": [
            []
          ],
          "tm": [
            [
              [-360.884,0.0,-268.815],
              [0.0,450.0,0.0],
              [268.815,0.0,-360.884],
              [39827.3,2381.0,-8771.72]
            ]
          ],
          "type": [
            "Sphere"
          ]
        }
      ],
      "bdt_t2_bomb_zone_07_aaa_point_01": [
        {
          "objLayer": [
            0
          ],
          "props": [
            []
          ],
          "tm": [
            [
              [-0.812675,0.0,-0.582716],
              [0.0,1.0,0.0],
              [0.582716,0.0,-0.812675],
              [39655.5,2362.51,-8382.1]
            ]
          ],
          "type": [
            "Point"
          ]
        }
      ],
      "bdt_t2_bomb_zone_07_aaa_point_02": [
        {
          "objLayer": [
            0
          ],
          "props": [
            []
          ],
          "tm": [
            [
              [-0.812675,0.0,-0.582716],
              [0.0,1.0,0.0],
              [0.582716,0.0,-0.812675],
              [39717.9,2448.51,-9185.28]
            ]
          ],
          "type": [
            "Point"
          ]
        }
      ],
      "bdt_t2_bomb_zone_07_aaa_point_03": [
        {
          "objLayer": [
            0
          ],
          "props": [
            []
          ],
          "tm": [
            [
              [-0.812675,0.0,-0.582716],
              [0.0,1.0,0.0],
              [0.582716,0.0,-0.812675],
              [40182.0,2399.62,-9057.24]
            ]
          ],
          "type": [
            "Point"
          ]
        }
      ],
      "bdt_t2_bomb_zone_07_aaa_point_04": [
        {
          "objLayer": [
            0
          ],
          "props": [
            []
          ],
          "tm": [
            [
              [-0.812675,0.0,-0.582716],
              [0.0,1.0,0.0],
              [0.582716,0.0,-0.812675],
              [40037.1,2339.0,-8427.87]
            ]
          ],
          "type": [
            "Point"
          ]
        }
      ],
      "bdt_t2_bomb_zone_08": [
        {
          "objLayer": [
            0
          ],
          "props": [
            []
          ],
          "tm": [
            [
              [-149.849,0.0,-424.317],
              [0.0,450.0,0.0],
              [424.317,0.0,-149.849],
              [33766.3,3228.84,2288.29]
            ]
          ],
          "type": [
            "Sphere"
          ]
        }
      ],
      "bdt_t2_bomb_zone_08_aaa_point_01": [
        {
          "objLayer": [
            0
          ],
          "props": [
            []
          ],
          "tm": [
            [
              [-0.743032,0.0,-0.669253],
              [0.0,1.0,0.0],
              [0.669253,0.0,-0.743032],
              [33571.9,3198.94,2176.29]
            ]
          ],
          "type": [
            "Point"
          ]
        }
      ],
      "bdt_t2_bomb_zone_08_aaa_point_02": [
        {
          "objLayer": [
            0
          ],
          "props": [
            []
          ],
          "tm": [
            [
              [-0.743032,0.0,-0.669253],
              [0.0,1.0,0.0],
              [0.669253,0.0,-0.743032],
              [33907.9,3242.84,2592.97]
            ]
          ],
          "type": [
            "Point"
          ]
        }
      ],
      "bdt_t2_bomb_zone_08_aaa_point_03": [
        {
          "objLayer": [
            0
          ],
          "props": [
            []
          ],
          "tm": [
            [
              [-0.743032,0.0,-0.669253],
              [0.0,1.0,0.0],
              [0.669253,0.0,-0.743032],
              [33993.1,3059.58,2048.4]
            ]
          ],
          "type": [
            "Point"
          ]
        }
      ],
      "bdt_t2_bomb_zone_08_aaa_point_04": [
        {
          "objLayer": [
            0
          ],
          "props": [
            []
          ],
          "tm": [
            [
              [-0.743032,0.0,-0.669253],
              [0.0,1.0,0.0],
              [0.669253,0.0,-0.743032],
              [34087.4,3215.47,2396.41]
            ]
          ],
          "type": [
            "Point"
          ]
        }
      ],
      "bdt_t2_bomb_zone_09": [
        {
          "objLayer": [
            0
          ],
          "props": [
            []
          ],
          "tm": [
            [
              [-149.849,0.0,-424.317],
              [0.0,450.0,0.0],
              [424.317,0.0,-149.849],
              [28960.9,3205.13,2693.12]
            ]
          ],
          "type": [
            "Sphere"
          ]
        }
      ],
      "bdt_t2_bomb_zone_09_aaa_point_01": [
        {
          "objLayer": [
            0
          ],
          "props": [
            []
          ],
          "tm": [
            [
              [-0.743032,0.0,-0.669253],
              [0.0,1.0,0.0],
              [0.669253,0.0,-0.743032],
              [28576.2,3190.21,2784.61]
            ]
          ],
          "type": [
            "Point"
          ]
        }
      ],
      "bdt_t2_bomb_zone_09_aaa_point_02": [
        {
          "objLayer": [
            0
          ],
          "props": [
            []
          ],
          "tm": [
            [
