{
  "airfields": [],
  "areas": {
    "at_area": {
      "objLayer": 0,
      "props": [],
      "tm": [
        [-9177.24,0.0,-13106.5],
        [0.0,16000.0,0.0],
        [13106.5,0.0,-9177.24],
        [-1500.0,600.0,5000.0]
      ],
      "type": "Sphere"
    },
    "at_t1_spawn_01_01": {
      "objLayer": 0,
      "props": [],
      "tm": [
        [-0.805926,0.0,0.592018],
        [0.0,1.0,0.0],
        [-0.592018,0.0,-0.805926],
        [3640.09,599.99,-1143.38]
      ],
      "type": "Point"
    },
    "at_t1_spawn_01_02": {
      "objLayer": 0,
      "props": [],
      "tm": [
        [-0.805926,0.0,0.592018],
        [0.0,1.0,0.0],
        [-0.592018,0.0,-0.805926],
        [6017.52,599.991,2263.78]
      ],
      "type": "Point"
    },
    "at_t1_spawn_02_01": {
      "objLayer": 0,
      "props": [],
      "tm": [
        [-0.805926,0.0,0.592018],
        [0.0,1.0,0.0],
        [-0.592018,0.0,-0.805926],
        [1903.95,599.99,-2225.74]
      ],
      "type": "Point"
    },
    "at_t1_spawn_02_02": {
      "objLayer": 0,
      "props": [],
      "tm": [
        [-0.805926,0.0,0.592018],
        [0.0,1.0,0.0],
        [-0.592018,0.0,-0.805926],
        [6440.96,599.99,4301.02]
      ],
      "type": "Point"
    },
    "at_t2_spawn_01_01": {
      "objLayer": 0,
      "props": [],
      "tm": [
        [0.805926,0.0,-0.592018],
        [0.0,1.0,0.0],
        [0.592018,0.0,0.805926],
        [-9018.29,600.0,7724.48]
      ],
      "type": "Point"
    },
    "at_t2_spawn_01_02": {
      "objLayer": 0,
      "props": [],
      "tm": [
        [0.805926,0.0,-0.592018],
        [0.0,1.0,0.0],
        [0.592018,0.0,0.805926],
        [-6644.48,600.0,11125.5]
      ],
      "type": "Point"
    },
    "at_t2_spawn_02_01": {
      "objLayer": 0,
      "props": [],
      "tm": [
        [0.805926,0.0,-0.592018],
        [0.0,1.0,0.0],
        [0.592018,0.0,0.805926],
        [-4873.15,600.0,12278.9]
      ],
      "type": "Point"
    },
    "at_t2_spawn_02_02": {
      "objLayer": 0,
      "props": [],
      "tm": [
        [0.805926,0.0,-0.592018],
        [0.0,1.0,0.0],
        [0.592018,0.0,0.805926],
        [-9456.63,600.001,5748.17]
      ],
      "type": "Point"
    }
  },
  "bin_dump_file": "",
  "dialogs": [],
  "effects": [],
  "imports": {
    "import_record": {
      "excludes": [],
      "file": "gameData/missions/templates/air_templates/gs/assaults_gs_template.blk",
      "importAreas": true,
      "importMissionObjectives": true,
      "importTriggers": true,
      "importUnits": true,
      "importWayPoints": true,
      "showAreas": true,
      "showMissionObjectives": true,
      "showTriggers": true,
      "showUnits": true,
      "showWayPoints": true
    }
  },
  "mission_objectives": {
    "isCategory": true,
    "is_enabled": true
  },
  "mission_settings": {
    "mission": {
      "deathPenaltyMulRounds": 0.0,
      "environment": "Day",
      "level": "levels/berlin.bin",
      "stars": {
        "day": 2,
        "latitude": 52.5,
        "longitude": 13.0,
        "month": 4,
        "year": 1945
      },
      "type": "domination",
      "weather": "hazy"
    },
    "player": {
      "army": 1,
      "wing": ""
    },
    "player_teamB": {
      "army": 2,
      "wing": ""
    },
    "spectator_points": []
  },
  "objLayers": [],
  "selected_tag": "",
  "triggers": {
    "isCategory": true,
    "is_enabled": true
  },
  "units": [],
  "variables": {
    "ai_assaults_saved": 0,
    "ft_helicopters_pad_exclusive": false
  },
  "wayPoints": []
}