{
  "airfields": [],
  "areas": {
    "bdt_t1_bomb_zone_01": {
      "objLayer": 0,
      "props": [],
      "tm": [
        [374.013,0.0,-250.229],
        [0.0,450.0,0.0],
        [250.229,0.0,374.013],
        [4615.57,152.987,10010.5]
      ],
      "type": "Sphere"
    },
    "bdt_t1_bomb_zone_01_aaa_point_01": {
      "objLayer": 0,
      "props": [],
      "tm": [
        [0.999995,0.0,0.00307575],
        [0.0,1.0,0.0],
        [-0.00307575,0.0,0.999995],
        [4870.15,239.216,10020.3]
      ],
      "type": "Point"
    },
    "bdt_t1_bomb_zone_01_aaa_point_02": {
      "objLayer": 0,
      "props": [],
      "tm": [
        [0.999995,0.0,0.00307575],
        [0.0,1.0,0.0],
        [-0.00307575,0.0,0.999995],
        [4369.72,259.989,10070.8]
      ],
      "type": "Point"
    },
    "bdt_t1_bomb_zone_01_aaa_point_03": {
      "objLayer": 0,
      "props": [],
      "tm": [
        [0.999995,0.0,0.00307575],
        [0.0,1.0,0.0],
        [-0.00307575,0.0,0.999995],
        [4587.1,260.001,9779.0]
      ],
      "type": "Point"
    },
    "bdt_t1_bomb_zone_01_aaa_point_04": {
      "objLayer": 0,
      "props": [],
      "tm": [
        [0.999995,0.0,0.00307575],
        [0.0,1.0,0.0],
        [-0.00307575,0.0,0.999995],
        [4393.24,259.993,9899.92]
      ],
      "type": "Point"
    },
    "bdt_t1_bomb_zone_02": {
      "objLayer": 0,
      "props": [],
      "tm": [
        [449.019,0.0,-29.698],
        [0.0,450.0,0.0],
        [29.698,0.0,449.019],
        [5935.73,222.006,7774.67]
      ],
      "type": "Sphere"
    },
    "bdt_t1_bomb_zone_02_aaa_point_01": {
      "objLayer": 0,
      "props": [],
      "tm": [
        [0.999995,0.0,0.00307575],
        [0.0,1.0,0.0],
        [-0.00307575,0.0,0.999995],
        [6135.46,221.787,7956.94]
      ],
      "type": "Point"
    },
    "bdt_t1_bomb_zone_02_aaa_point_02": {
      "objLayer": 0,
      "props": [],
      "tm": [
        [0.999995,0.0,0.00307575],
        [0.0,1.0,0.0],
        [-0.00307575,0.0,0.999995],
        [5853.9,221.894,8027.59]
      ],
      "type": "Point"
    },
    "bdt_t1_bomb_zone_02_aaa_point_03": {
      "objLayer": 0,
      "props": [],
      "tm": [
        [0.999995,0.0,0.00307575],
        [0.0,1.0,0.0],
        [-0.00307575,0.0,0.999995],
        [5872.93,222.332,7328.54]
      ],
      "type": "Point"
    },
    "bdt_t1_bomb_zone_02_aaa_point_04": {
      "objLayer": 0,
      "props": [],
      "tm": [
        [0.999995,0.0,0.00307575],
        [0.0,1.0,0.0],
        [-0.00307575,0.0,0.999995],
        [5608.44,222.144,7809.98]
      ],
      "type": "Point"
    },
    "bdt_t1_bomb_zone_03": {
      "objLayer": 0,
      "props": [],
      "tm": [
        [449.888,0.0,-10.0829],
        [0.0,450.0,0.0],
        [10.0829,0.0,449.888],
        [3284.36,346.667,-995.012]
      ],
      "type": "Sphere"
    },
    "bdt_t1_bomb_zone_03_aaa_point_01": {
      "objLayer": 0,
      "props": [],
      "tm": [
        [0.999995,0.0,0.00307575],
        [0.0,1.0,0.0],
        [-0.00307575,0.0,0.999995],
        [3082.73,379.405,-1227.52]
      ],
      "type": "Point"
    },
    "bdt_t1_bomb_zone_03_aaa_point_02": {
      "objLayer": 0,
      "props": [],
      "tm": [
        [0.999995,0.0,0.00307575],
        [0.0,1.0,0.0],
        [-0.00307575,0.0,0.999995],
        [3431.51,374.789,-802.71]
      ],
      "type": "Point"
    },
    "bdt_t1_bomb_zone_03_aaa_point_03": {
      "objLayer": 0,
      "props": [],
      "tm": [
        [0.999995,0.0,0.00307575],
        [0.0,1.0,0.0],
        [-0.00307575,0.0,0.999995],
        [3159.42,387.263,-736.825]
      ],
      "type": "Point"
    },
    "bdt_t1_bomb_zone_03_aaa_point_04": {
      "objLayer": 0,
      "props": [],
      "tm": [
        [0.999995,0.0,0.00307575],
        [0.0,1.0,0.0],
        [-0.00307575,0.0,0.999995],
        [3475.16,375.01,-1172.98]
      ],
      "type": "Point"
    },
    "bdt_t1_bomb_zone_04": {
      "objLayer": 0,
      "props": [],
      "tm": [
        [449.888,0.0,-10.0829],
        [0.0,450.0,0.0],
        [10.0829,0.0,449.888],
        [517.854,507.652,-2243.69]
      ],
      "type": "Sphere"
    },
    "bdt_t1_bomb_zone_04_aaa_point_01": {
      "objLayer": 0,
      "props": [],
      "tm": [
        [0.999995,0.0,0.00307575],
        [0.0,1.0,0.0],
        [-0.00307575,0.0,0.999995],
        [805.341,513.13,-2376.84]
      ],
      "type": "Point"
    },
    "bdt_t1_bomb_zone_04_aaa_point_02": {
      "objLayer": 0,
      "props": [],
      "tm": [
        [0.999995,0.0,0.00307575],
        [0.0,1.0,0.0],
        [-0.00307575,0.0,0.999995],
        [703.556,507.498,-2072.25]
      ],
      "type": "Point"
    },
    "bdt_t1_bomb_zone_04_aaa_point_03": {
      "objLayer": 0,
      "props": [],
      "tm": [
        [0.999995,0.0,0.00307575],
        [0.0,1.0,0.0],
        [-0.00307575,0.0,0.999995],
        [512.717,511.555,-2534.53]
      ],
      "type": "Point"
    },
    "bdt_t1_bomb_zone_04_aaa_point_04": {
      "objLayer": 0,
      "props": [],
      "tm": [
        [0.999995,0.0,0.00307575],
        [0.0,1.0,0.0],
        [-0.00307575,0.0,0.999995],
        [360.724,515.167,-1971.97]
      ],
      "type": "Point"
    },
    "bdt_t1_bomb_zone_05": {
      "objLayer": 0,
      "props": [],
      "tm": [
        [449.888,0.0,-10.0829],
        [0.0,450.0,0.0],
        [10.0829,0.0,449.888],
        [1777.87,372.102,-4215.09]
      ],
      "type": "Sphere"
    },
    "bdt_t1_bomb_zone_05_aaa_point_01": {
      "objLayer": 0,
      "props": [],
      "tm": [
        [0.999995,0.0,0.00307575],
        [0.0,1.0,0.0],
        [-0.00307575,0.0,0.999995],
        [1504.68,363.587,-4193.14]
      ],
      "type": "Point"
    },
    "bdt_t1_bomb_zone_05_aaa_point_02": {
      "objLayer": 0,
      "props": [],
      "tm": [
        [0.999995,0.0,0.00307575],
        [0.0,1.0,0.0],
        [-0.00307575,0.0,0.999995],
        [1736.45,384.154,-4507.65]
      ],
      "type": "Point"
    },
    "bdt_t1_bomb_zone_05_aaa_point_03": {
      "objLayer": 0,
      "props": [],
      "tm": [
        [0.999995,0.0,0.00307575],
        [0.0,1.0,0.0],
        [-0.00307575,0.0,0.999995],
        [2214.1,179.529,-4319.57]
      ],
      "type": "Point"
    },
    "bdt_t1_bomb_zone_05_aaa_point_04": {
      "objLayer": 0,
      "props": [],
      "tm": [
        [0.999995,0.0,0.00307575],
        [0.0,1.0,0.0],
        [-0.00307575,0.0,0.999995],
        [1983.27,366.612,-4028.51]
      ],
      "type": "Point"
    },
    "bdt_t1_bomb_zone_06": {
      "objLayer": 0,
      "props": [],
      "tm": [
        [449.888,0.0,-10.0829],
        [0.0,450.0,0.0],
        [10.0829,0.0,449.888],
        [3571.62,436.774,-2353.17]
      ],
      "type": "Sphere"
    },
    "bdt_t1_bomb_zone_06_aaa_point_01": {
      "objLayer": 0,
      "props": [],
      "tm": [
        [0.999995,0.0,0.00307575],
        [0.0,1.0,0.0],
        [-0.00307575,0.0,0.999995],
        [3392.47,436.718,-2638.96]
      ],
      "type": "Point"
    },
    "bdt_t1_bomb_zone_06_aaa_point_02": {
      "objLayer": 0,
      "props": [],
      "tm": [
        [0.999995,0.0,0.00307575],
        [0.0,1.0,0.0],
        [-0.00307575,0.0,0.999995],
        [3252.98,429.316,-2415.46]
      ],
      "type": "Point"
    },
    "bdt_t1_bomb_zone_06_aaa_point_03": {
      "objLayer": 0,
      "props": [],
      "tm": [
        [0.999995,0.0,0.00307575],
        [0.0,1.0,0.0],
        [-0.00307575,0.0,0.999995],
        [3580.81,433.155,-2044.15]
      ],
      "type": "Point"
    },
    "bdt_t1_bomb_zone_06_aaa_point_04": {
      "objLayer": 0,
      "props": [],
      "tm": [
        [0.999995,0.0,0.00307575],
        [0.0,1.0,0.0],
        [-0.00307575,0.0,0.999995],
        [3839.63,432.806,-2482.76]
      ],
      "type": "Point"
    },
    "bdt_t1_bomb_zone_07": {
      "objLayer": 0,
      "props": [],
      "tm": [
        [449.888,0.0,-10.0829],
        [0.0,450.0,0.0],
        [10.0829,0.0,449.888],
        [5317.71,308.992,-1144.85]
      ],
      "type": "Sphere"
    },
    "bdt_t1_bomb_zone_07_aaa_point_01": {
      "objLayer": 0,
      "props": [],
      "tm": [
        [0.999995,0.0,0.00307575],
        [0.0,1.0,0.0],
        [-0.00307575,0.0,0.999995],
        [5466.37,343.3,-882.792]
      ],
      "type": "Point"
    },
    "bdt_t1_bomb_zone_07_aaa_point_02": {
      "objLayer": 0,
      "props": [],
      "tm": [
        [0.999995,0.0,0.00307575],
        [0.0,1.0,0.0],
        [-0.00307575,0.0,0.999995],
        [5141.66,333.602,-1445.98]
      ],
      "type": "Point"
    },
    "bdt_t1_bomb_zone_07_aaa_point_03": {
      "objLayer": 0,
      "props": [],
      "tm": [
        [0.999995,0.0,0.00307575],
        [0.0,1.0,0.0],
        [-0.00307575,0.0,0.999995],
        [5615.85,333.882,-1300.03]
      ],
      "type": "Point"
    },
    "bdt_t1_bomb_zone_07_aaa_point_04": {
      "objLayer": 0,
      "props": [],
      "tm": [
        [0.999995,0.0,0.00307575],
        [0.0,1.0,0.0],
        [-0.00307575,0.0,0.999995],
        [5124.36,346.592,-792.775]
      ],
      "type": "Point"
    },
    "bdt_t1_bomb_zone_08": {
      "objLayer": 0,
      "props": [],
      "tm": [
        [374.013,0.0,-250.229],
        [0.0,450.0,0.0],
        [250.229,0.0,374.013],
        [5895.13,90.2191,10847.0]
      ],
      "type": "Sphere"
    },
    "bdt_t1_bomb_zone_08_aaa_point_01": {
      "objLayer": 0,
      "props": [],
      "tm": [
        [0.999995,0.0,0.00307575],
        [0.0,1.0,0.0],
        [-0.00307575,0.0,0.999995],
        [5816.73,222.002,11147.7]
      ],
      "type": "Point"
    },
    "bdt_t1_bomb_zone_08_aaa_point_02": {
      "objLayer": 0,
      "props": [],
      "tm": [
        [0.999995,0.0,0.00307575],
        [0.0,1.0,0.0],
        [-0.00307575,0.0,0.999995],
        [5611.28,222.006,10732.9]
      ],
      "type": "Point"
    },
    "bdt_t1_bomb_zone_08_aaa_point_03": {
      "objLayer": 0,
      "props": [],
      "tm": [
        [0.999995,0.0,0.00307575],
        [0.0,1.0,0.0],
        [-0.00307575,0.0,0.999995],
        [5957.37,222.019,10494.7]
      ],
      "type": "Point"
    },
    "bdt_t1_bomb_zone_08_aaa_point_04": {
      "objLayer": 0,
      "props": [],
      "tm": [
        [0.999995,0.0,0.00307575],
        [0.0,1.0,0.0],
        [-0.00307575,0.0,0.999995],
        [6167.24,222.017,10853.7]
      ],
      "type": "Point"
    },
    "bdt_t1_bomb_zone_09": {
      "objLayer": 0,
      "props": [],
      "tm": [
        [374.013,0.0,-250.229],
        [0.0,450.0,0.0],
        [250.229,0.0,374.013],
        [6659.84,141.049,8597.44]
      ],
      "type": "Sphere"
    },
    "bdt_t1_bomb_zone_09_aaa_point_01": {
      "objLayer": 0,
      "props": [],
      "tm": [
        [0.999995,0.0,0.00307575],
        [0.0,1.0,0.0],
        [-0.00307575,0.0,0.999995],
        [6219.41,114.111,8679.71]
      ],
      "type": "Point"
    },
    "bdt_t1_bomb_zone_09_aaa_point_02": {
      "objLayer": 0,
      "props": [],
      "tm": [
        [0.999995,0.0,0.00307575],
        [0.0,1.0,0.0],
        [-0.00307575,0.0,0.999995],
        [6451.83,121.142,8243.77]
      ],
      "type": "Point"
    },
    "bdt_t1_bomb_zone_09_aaa_point_03": {
      "objLayer": 0,
      "props": [],
      "tm": [
        [0.999995,0.0,0.00307575],
        [0.0,1.0,0.0],
        [-0.00307575,0.0,0.999995],
        [6595.14,12.3789,9148.33]
      ],
      "type": "Point"
    },
    "bdt_t1_bomb_zone_09_aaa_point_04": {
      "objLayer": 0,
      "props": [],
      "tm": [
        [0.999995,0.0,0.00307575],
        [0.0,1.0,0.0],
        [-0.00307575,0.0,0.999995],
        [6905.66,121.013,8276.9]
      ],
      "type": "Point"
    },
    "bdt_t1_bomb_zone_10": {
      "objLayer": 0,
      "props": [],
      "tm": [
        [374.013,0.0,-250.229],
        [0.0,450.0,0.0],
        [250.229,0.0,374.013],
        [7656.64,200.159,7152.59]
      ],
      "type": "Sphere"
    },
    "bdt_t1_bomb_zone_10_aaa_point_01": {
      "objLayer": 0,
      "props": [],
      "tm": [
        [0.999995,0.0,0.00307575],
        [0.0,1.0,0.0],
        [-0.00307575,0.0,0.999995],
        [7289.22,200.366,7113.79]
      ],
      "type": "Point"
    },
    "bdt_t1_bomb_zone_10_aaa_point_02": {
      "objLayer": 0,
      "props": [],
      "tm": [
        [0.999995,0.0,0.00307575],
        [0.0,1.0,0.0],
        [-0.00307575,0.0,0.999995],
        [7605.19,199.943,7594.36]
      ],
      "type": "Point"
    },
    "bdt_t1_bomb_zone_10_aaa_point_03": {
      "objLayer": 0,
      "props": [],
      "tm": [
        [0.999995,0.0,0.00307575],
        [0.0,1.0,0.0],
        [-0.00307575,0.0,0.999995],
        [7692.62,200.314,6890.8]
      ],
      "type": "Point"
    },
    "bdt_t1_bomb_zone_10_aaa_point_04": {
      "objLayer": 0,
      "props": [],
      "tm": [
        [0.999995,0.0,0.00307575],
        [0.0,1.0,0.0],
        [-0.00307575,0.0,0.999995],
        [7977.23,200.003,7149.42]
      ],
      "type": "Point"
    },
    "bdt_t2_bomb_zone_01": {
      "objLayer": 0,
      "props": [],
      "tm": [
        [271.629,0.0,-358.774],
        [0.0,450.0,0.0],
        [358.774,0.0,271.629],
        [-6301.66,173.713,10748.9]
      ],
      "type": "Sphere"
    },
    "bdt_t2_bomb_zone_01_aaa_point_01": {
      "objLayer": 0,
      "props": [],
      "tm": [
        [0.946027,0.0,-0.324085],
        [0.0,1.0,0.0],
        [0.324085,0.0,0.946027],
        [-6348.85,158.029,10528.5]
      ],
      "type": "Point"
    },
    "bdt_t2_bomb_zone_01_aaa_point_02": {
      "objLayer": 0,
      "props": [],
      "tm": [
        [0.946027,0.0,-0.324085],
        [0.0,1.0,0.0],
        [0.324085,0.0,0.946027],
        [-6347.42,169.169,11037.6]
      ],
      "type": "Point"
    },
    "bdt_t2_bomb_zone_01_aaa_point_03": {
      "objLayer": 0,
      "props": [],
      "tm": [
        [0.946027,0.0,-0.324085],
        [0.0,1.0,0.0],
        [0.324085,0.0,0.946027],
        [-6232.5,161.612,11006.7]
      ],
      "type": "Point"
    },
    "bdt_t2_bomb_zone_01_aaa_point_04": {
      "objLayer": 0,
      "props": [],
      "tm": [
        [0.946027,0.0,-0.324085],
        [0.0,1.0,0.0],
        [0.324085,0.0,0.946027],
        [-5860.81,162.427,10904.3]
      ],
      "type": "Point"
    },
    "bdt_t2_bomb_zone_02": {
      "objLayer": 0,
      "props": [],
      "tm": [
        [271.629,0.0,-358.774],
        [0.0,450.0,0.0],
        [358.774,0.0,271.629],
        [-9413.06,577.555,5826.81]
      ],
      "type": "Sphere"
    },
    "bdt_t2_bomb_zone_02_aaa_point_01": {
      "objLayer": 0,
      "props": [],
      "tm": [
        [0.946027,0.0,-0.324085],
        [0.0,1.0,0.0],
        [0.324085,0.0,0.946027],
        [-9649.43,582.178,5749.9]
      ],
      "type": "Point"
    },
    "bdt_t2_bomb_zone_02_aaa_point_02": {
      "objLayer": 0,
      "props": [],
      "tm": [
        [0.946027,0.0,-0.324085],
        [0.0,1.0,0.0],
        [0.324085,0.0,0.946027],
        [-9247.41,572.563,6109.08]
      ],
      "type": "Point"
    },
    "bdt_t2_bomb_zone_02_aaa_point_03": {
      "objLayer": 0,
      "props": [],
      "tm": [
        [0.946027,0.0,-0.324085],
        [0.0,1.0,0.0],
        [0.324085,0.0,0.946027],
        [-9620.89,574.146,6013.76]
      ],
      "type": "Point"
    },
    "bdt_t2_bomb_zone_02_aaa_point_04": {
      "objLayer": 0,
      "props": [],
      "tm": [
        [0.946027,0.0,-0.324085],
        [0.0,1.0,0.0],
        [0.324085,0.0,0.946027],
        [-9211.91,570.039,5716.57]
      ],
      "type": "Point"
    },
    "bdt_t2_bomb_zone_03": {
      "objLayer": 0,
      "props": [],
      "tm": [
        [443.661,0.0,75.2736],
        [0.0,450.0,0.0],
        [-75.2736,0.0,443.661],
        [-9402.14,354.122,3367.4]
      ],
      "type": "Sphere"
    },
    "bdt_t2_bomb_zone_03_aaa_point_01": {
      "objLayer": 0,
      "props": [],
      "tm": [
        [0.946027,0.0,-0.324085],
        [0.0,1.0,0.0],
        [0.324085,0.0,0.946027],
        [-9185.42,324.141,2969.79]
      ],
      "type": "Point"
    },
    "bdt_t2_bomb_zone_03_aaa_point_02": {
      "objLayer": 0,
      "props": [],
      "tm": [
        [0.946027,0.0,-0.324085],
        [0.0,1.0,0.0],
        [0.324085,0.0,0.946027],
        [-9210.0,337.013,3588.01]
      ],
      "type": "Point"
    },
    "bdt_t2_bomb_zone_03_aaa_point_03": {
      "objLayer": 0,
      "props": [],
      "tm": [
        [0.946027,0.0,-0.324085],
        [0.0,1.0,0.0],
        [0.324085,0.0,0.946027],
        [-9506.04,343.731,3670.45]
      ],
      "type": "Point"
    },
    "bdt_t2_bomb_zone_03_aaa_point_04": {
      "objLayer": 0,
      "props": [],
      "tm": [
        [0.946027,0.0,-0.324085],
        [0.0,1.0,0.0],
        [0.324085,0.0,0.946027],
        [-9718.59,363.039,3260.48]
      ],
      "type": "Point"
    },
    "bdt_t2_bomb_zone_04": {
      "objLayer": 0,
      "props": [],
      "tm": [
        [428.288,0.0,-138.09],
        [0.0,450.0,0.0],
        [138.09,0.0,428.288],
        [-3567.93,104.409,11962.0]
      ],
      "type": "Sphere"
    },
    "bdt_t2_bomb_zone_04_aaa_point_01": {
      "objLayer": 0,
      "props": [],
      "tm": [
        [0.946027,0.0,-0.324085],
        [0.0,1.0,0.0],
        [0.324085,0.0,0.946027],
        [-3266.86,106.621,12102.7]
      ],
      "type": "Point"
    },
    "bdt_t2_bomb_zone_04_aaa_point_02": {
      "objLayer": 0,
      "props": [],
      "tm": [
        [0.946027,0.0,-0.324085],
        [0.0,1.0,0.0],
        [0.324085,0.0,0.946027],
        [-3706.45,104.787,12230.7]
      ],
      "type": "Point"
    },
    "bdt_t2_bomb_zone_04_aaa_point_03": {
      "objLayer": 0,
      "props": [],
      "tm": [
        [0.946027,0.0,-0.324085],
        [0.0,1.0,0.0],
        [0.324085,0.0,0.946027],
        [-3534.27,106.195,11697.7]
      ],
      "type": "Point"
    },
    "bdt_t2_bomb_zone_04_aaa_point_04": {
      "objLayer": 0,
      "props": [],
      "tm": [
        [0.946027,0.0,-0.324085],
        [0.0,1.0,0.0],
        [0.324085,0.0,0.946027],
        [-3755.46,105.392,11801.5]
      ],
      "type": "Point"
    },
    "bdt_t2_bomb_zone_05": {
      "objLayer": 0,
      "props": [],
      "tm": [
        [428.288,0.0,-138.09],
        [0.0,450.0,0.0],
        [138.09,0.0,428.288],
        [-3086.43,107.826,14218.2]
      ],
      "type": "Sphere"
    },
    "bdt_t2_bomb_zone_05_aaa_point_01": {
      "objLayer": 0,
      "props": [],
      "tm": [
        [0.946027,0.0,-0.324085],
        [0.0,1.0,0.0],
        [0.324085,0.0,0.946027],
        [-3275.01,107.9,13926.9]
      ],
      "type": "Point"
    },
    "bdt_t2_bomb_zone_05_aaa_point_02": {
      "objLayer": 0,
      "props": [],
      "tm": [
        [0.946027,0.0,-0.324085],
        [0.0,1.0,0.0],
        [0.324085,0.0,0.946027],
        [-2725.67,108.29,14321.9]
      ],
      "type": "Point"
    },
    "bdt_t2_bomb_zone_05_aaa_point_03": {
      "objLayer": 0,
      "props": [],
      "tm": [
        [0.946027,0.0,-0.324085],
        [0.0,1.0,0.0],
        [0.324085,0.0,0.946027],
        [-2859.26,107.857,14478.8]
      ],
      "type": "Point"
    },
    "bdt_t2_bomb_zone_05_aaa_point_04": {
      "objLayer": 0,
      "props": [],
      "tm": [
        [0.946027,0.0,-0.324085],
        [0.0,1.0,0.0],
        [0.324085,0.0,0.946027],
        [-3378.08,107.318,14364.7]
      ],
      "type": "Point"
    },
    "bdt_t2_bomb_zone_06": {
      "objLayer": 0,
      "props": [],
      "tm": [
        [443.003,0.0,79.0491],
        [0.0,450.0,0.0],
        [-79.0491,0.0,443.003],
        [-5138.25,140.309,13828.2]
      ],
      "type": "Sphere"
    },
    "bdt_t2_bomb_zone_06_aaa_point_01": {
      "objLayer": 0,
      "props": [],
      "tm": [
        [0.987477,0.0,0.157771],
        [0.0,1.0,0.0],
        [-0.157771,0.0,0.987477],
        [-5466.56,100.828,13725.1]
      ],
      "type": "Point"
    },
    "bdt_t2_bomb_zone_06_aaa_point_02": {
      "objLayer": 0,
      "props": [],
      "tm": [
        [0.987477,0.0,0.157771],
        [0.0,1.0,0.0],
        [-0.157771,0.0,0.987477],
        [-4836.84,91.5642,14159.2]
      ],
      "type": "Point"
    },
    "bdt_t2_bomb_zone_06_aaa_point_03": {
      "objLayer": 0,
      "props": [],
      "tm": [
        [0.987477,0.0,0.157771],
        [0.0,1.0,0.0],
        [-0.157771,0.0,0.987477],
        [-4757.71,94.6182,13842.7]
      ],
      "type": "Point"
    },
    "bdt_t2_bomb_zone_06_aaa_point_04": {
      "objLayer": 0,
      "props": [],
      "tm": [
        [0.987477,0.0,0.157771],
        [0.0,1.0,0.0],
        [-0.157771,0.0,0.987477],
        [-4806.37,112.759,13392.2]
      ],
      "type": "Point"
    },
    "bdt_t2_bomb_zone_07": {
      "objLayer": 0,
      "props": [],
      "tm": [
        [428.288,0.0,-138.09],
        [0.0,450.0,0.0],
        [138.09,0.0,428.288],
        [-7630.64,109.139,12139.3]
      ],
      "type": "Sphere"
    },
    "bdt_t2_bomb_zone_07_aaa_point_01": {
      "objLayer": 0,
      "props": [],
      "tm": [
        [0.946027,0.0,-0.324085],
        [0.0,1.0,0.0],
        [0.324085,0.0,0.946027],
        [-7848.47,91.1291,11773.3]
      ],
      "type": "Point"
    },
    "bdt_t2_bomb_zone_07_aaa_point_02": {
      "objLayer": 0,
      "props": [],
      "tm": [
        [0.946027,0.0,-0.324085],
        [0.0,1.0,0.0],
        [0.324085,0.0,0.946027],
        [-7320.31,127.688,12006.2]
      ],
      "type": "Point"
    },
    "bdt_t2_bomb_zone_07_aaa_point_03": {
      "objLayer": 0,
      "props": [],
      "tm": [
        [0.946027,0.0,-0.324085],
        [0.0,1.0,0.0],
        [0.324085,0.0,0.946027],
        [-7603.77,102.95,12593.8]
      ],
      "type": "Point"
    },
    "bdt_t2_bomb_zone_07_aaa_point_04": {
      "objLayer": 0,
      "props": [],
      "tm": [
        [0.946027,0.0,-0.324085],
        [0.0,1.0,0.0],
        [0.324085,0.0,0.946027],
        [-8032.46,125.631,12110.8]
      ],
      "type": "Point"
    },
    "bdt_t2_bomb_zone_08": {
      "objLayer": 0,
      "props": [],
      "tm": [
        [443.661,0.0,75.2736],
        [0.0,450.0,0.0],
        [-75.2736,0.0,443.661],
        [-10386.7,398.053,2313.32]
      ],
      "type": "Sphere"
    },
    "bdt_t2_bomb_zone_08_aaa_point_01": {
      "objLayer": 0,
      "props": [],
      "tm": [
        [0.946027,0.0,-0.324085],
        [0.0,1.0,0.0],
        [0.324085,0.0,0.946027],
        [-10031.3,545.868,2220.3]
      ],
      "type": "Point"
    },
    "bdt_t2_bomb_zone_08_aaa_point_02": {
      "objLayer": 0,
      "props": [],
      "tm": [
        [0.946027,0.0,-0.324085],
        [0.0,1.0,0.0],
        [0.324085,0.0,0.946027],
        [-10692.0,396.894,2267.36]
      ],
      "type": "Point"
    },
    "bdt_t2_bomb_zone_08_aaa_point_03": {
      "objLayer": 0,
      "props": [],
      "tm": [
        [0.946027,0.0,-0.324085],
        [0.0,1.0,0.0],
        [0.324085,0.0,0.946027],
        [-10287.3,397.88,2628.13]
      ],
      "type": "Point"
    },
    "bdt_t2_bomb_zone_08_aaa_point_04": {
      "objLayer": 0,
      "props": [],
      "tm": [
        [0.946027,0.0,-0.324085],
        [0.0,1.0,0.0],
        [0.324085,0.0,0.946027],
        [-10572.1,565.552,2703.4]
      ],
      "type": "Point"
    },
    "bdt_t2_bomb_zone_09": {
      "objLayer": 0,
      "props": [],
      "tm": [
        [443.661,0.0,75.2736],
        [0.0,450.0,0.0],
        [-75.2736,0.0,443.661],
        [-10746.8,365.801,3939.82]
      ],
      "type": "Sphere"
    },
    "bdt_t2_bomb_zone_09_aaa_point_01": {
      "objLayer": 0,
      "props": [],
      "tm": [
        [0.946027,0.0,-0.324085],
        [0.0,1.0,0.0],
        [0.324085,0.0,0.946027],
        [-10639.8,393.638,3559.23]
      ],
      "type": "Point"
    },
    "bdt_t2_bomb_zone_09_aaa_point_02": {
      "objLayer": 0,
      "props": [],
      "tm": [
        [0.946027,0.0,-0.324085],
        [0.0,1.0,0.0],
        [0.324085,0.0,0.946027],
        [-10986.0,386.794,4116.44]
      ],
      "type": "Point"
    },
    "bdt_t2_bomb_zone_09_aaa_point_03": {
      "objLayer": 0,
      "props": [],
      "tm": [
        [0.946027,0.0,-0.324085],
        [0.0,1.0,0.0],
        [0.324085,0.0,0.946027],
        [-10391.1,377.855,4026.83]
      ],
      "type": "Point"
    },
    "bdt_t2_bomb_zone_09_aaa_point_04": {
      "objLayer": 0,
      "props": [],
      "tm": [
        [0.946027,0.0,-0.324085],
        [0.0,1.0,0.0],
        [0.324085,0.0,0.946027],
        [-11010.9,390.828,3630.71]
      ],
      "type": "Point"
    },
    "bdt_t2_bomb_zone_10": {
      "objLayer": 0,
      "props": [],
      "tm": [
        [443.661,0.0,75.2736],
        [0.0,450.0,0.0],
        [-75.2736,0.0,443.661],
        [-11295.4,593.862,6015.51]
      ],
      "type": "Sphere"
    },
    "bdt_t2_bomb_zone_10_aaa_point_01": {
      "objLayer": 0,
      "props": [],
      "tm": [
        [0.946027,0.0,-0.324085],
        [0.0,1.0,0.0],
        [0.324085,0.0,0.946027],
        [-11059.4,641.322,6281.79]
      ],
      "type": "Point"
    },
    "bdt_t2_bomb_zone_10_aaa_point_02": {
      "objLayer": 0,
      "props": [],
      "tm": [
        [0.946027,0.0,-0.324085],
        [0.0,1.0,0.0],
        [0.324085,0.0,0.946027],
        [-10951.4,597.447,6112.28]
      ],
      "type": "Point"
    },
    "bdt_t2_bomb_zone_10_aaa_point_03": {
      "objLayer": 0,
      "props": [],
      "tm": [
        [0.946027,0.0,-0.324085],
        [0.0,1.0,0.0],
        [0.324085,0.0,0.946027],
        [-11135.8,560.935,5636.01]
      ],
      "type": "Point"
    },
    "bdt_t2_bomb_zone_10_aaa_point_04": {
      "objLayer": 0,
      "props": [],
      "tm": [
        [0.946027,0.0,-0.324085],
        [0.0,1.0,0.0],
        [0.324085,0.0,0.946027],
        [-11397.4,568.635,6355.33]
      ],
      "type": "Point"
    },
    "bomb_zones_area": {
      "objLayer": 3,
      "props": [],
      "tm": [
        [16313.4,0.0,-7607.07],
        [0.0,18000.0,0.0],
        [7607.07,0.0,16313.4],
        [-1500.0,424.997,5000.0]
      ],
      "type": "Sphere"
    }
  },
  "bin_dump_file": "",
  "dialogs": [],
  "effects": [],
  "imports": {
    "import_record": {
      "excludes": [],
      "file": "gameData/missions/templates/air_templates/jip/air_bdt_bases_destroy_template.blk",
      "importAreas": true,
      "importMissionObjectives": true,
      "importTriggers": true,
      "importUnits": true,
      "importWayPoints": true,
      "showAreas": true,
      "showMissionObjectives": true,
      "showTriggers": true,
      "showUnits": true,
      "showWayPoints": true
    }
  },
  "mission_objectives": {
    "isCategory": true,
    "is_enabled": true
  },
  "mission_settings": {
    "mission": {
      "environment": "Day",
      "level": "levels/air_smolensk.bin",
      "optionalTakeOff": false,
      "restoreType": "attempts",
      "type": "domination",
      "weather": "hazy"
    },
    "player": {
      "army": 1
    },
    "player_teamB": {
      "army": 2
    }
  },
  "objLayers": [
    {
      "layer": {
        "enabled": true
      }
    },
    {
      "layer": {
        "enabled": true
      }
    },
    {
      "layer": {
        "enabled": true
      }
    },
    {
      "layer": {
        "enabled": false
      }
    },
    {
      "layer": {
        "enabled": true
      }
    }
  ],
  "selected_tag": "",
  "triggers": {
    "isCategory": true,
    "is_enabled": true
  },
  "units": [
    {
      "objectGroups": {
        "name": "bdt_t2_bomb_object_01",
        "objLayer": 2,
        "props": {
          "active": true,
          "army": 2
        },
        "tm": [
          [0.603617,0.0,-0.797273],
          [0.0,1.0,0.0],
          [0.797273,0.0,0.603617],
          [-6294.88,186.367,10751.1]
        ],
        "unit_class": "dynBase_hq_camp_square"
      }
    },
    {
      "objectGroups": {
        "name": "bdt_t2_bomb_object_02",
        "objLayer": 2,
        "props": {
          "active": true,
          "army": 2
        },
        "tm": [
          [-0.0935964,0.0,-0.995612],
          [0.0,1.0,0.0],
          [0.995612,0.0,-0.0935964],
          [-9434.21,576.868,5822.59]
        ],
        "unit_class": "dynBase_fuel_storage_square"
      }
    },
    {
      "objectGroups": {
        "name": "bdt_t2_bomb_object_03",
        "objLayer": 2,
        "props": {
          "active": true,
          "army": 2
        },
        "tm": [
          [0.985912,0.0,0.167277],
          [0.0,1.0,0.0],
          [-0.167277,0.0,0.985912],
          [-9395.59,354.117,3360.11]
        ],
        "unit_class": "dynBase_oil_storage_small_square"
      }
    },
    {
      "objectGroups": {
        "name": "bdt_t1_bomb_object_01",
        "objLayer": 2,
        "props": {
          "active": true,
          "army": 1
        },
        "tm": [
          [0.831138,0.0,-0.556065],
          [0.0,1.0,0.0],
          [0.556065,0.0,0.831138],
          [4603.64,160.264,10014.8]
        ],
        "unit_class": "dynBase_fuel_storage_square"
      }
    },
    {
      "objectGroups": {
        "name": "bdt_t1_bomb_object_02",
        "objLayer": 2,
        "props": {
          "active": false,
          "army": 1
        },
        "tm": [
          [0.98845,0.0,0.151535],
          [0.0,1.0,0.0],
          [-0.151535,0.0,0.98845],
          [5931.27,222.01,7772.89]
        ],
        "unit_class": "dynBase_small_factory_square"
      }
    },
    {
      "objectGroups": {
        "name": "bdt_t1_bomb_object_03",
        "objLayer": 2,
        "props": {
          "active": false,
          "army": 1
        },
        "tm": [
          [0.933064,0.0,0.35971],
          [0.0,1.0,0.0],
          [-0.35971,0.0,0.933064],
          [3278.66,376.703,-995.456]
        ],
        "unit_class": "dynBase_oil_storage_small_square"
      }
    },
    {
      "objectGroups": {
        "name": "bdt_t2_bomb_object_04",
        "objLayer": 2,
        "props": {
          "active": true,
          "army": 2
        },
        "tm": [
          [0.951752,0.0,-0.306865],
          [0.0,1.0,0.0],
          [0.306865,0.0,0.951752],
          [-3574.69,104.385,11966.2]
        ],
        "unit_class": "dynBase_small_factory_square"
      }
    },
    {
      "objectGroups": {
        "name": "bdt_t1_bomb_object_04",
        "objLayer": 2,
        "props": {
          "active": false,
          "army": 1
        },
        "tm": [
          [0.999946,0.0,0.0103848],
          [0.0,1.0,0.0],
          [-0.0103848,0.0,0.999946],
          [517.471,507.727,-2249.44]
        ],
        "unit_class": "dynBase_field_camp_square"
      }
    },
    {
      "objectGroups": {
        "name": "bdt_t1_bomb_object_05",
        "objLayer": 2,
        "props": {
          "active": false,
          "army": 1
        },
        "tm": [
          [0.999946,0.0,0.0103848],
          [0.0,1.0,0.0],
          [-0.0103848,0.0,0.999946],
          [1777.48,372.25,-4220.89]
        ],
        "unit_class": "dynBase_military_base_square"
      }
    },
    {
      "objectGroups": {
        "name": "bdt_t1_bomb_object_06",
        "objLayer": 2,
        "props": {
          "active": false,
          "army": 1
        },
        "tm": [
          [0.999946,0.0,0.0103848],
          [0.0,1.0,0.0],
          [-0.0103848,0.0,0.999946],
          [3571.24,436.805,-2358.92]
        ],
        "unit_class": "dynBase_oil_storage_large_square"
      }
    },
    {
      "objectGroups": {
        "name": "bdt_t1_bomb_object_07",
        "objLayer": 2,
        "props": {
          "active": false,
          "army": 1
        },
        "tm": [
          [0.999946,0.0,0.0103848],
          [0.0,1.0,0.0],
          [-0.0103848,0.0,0.999946],
          [5317.35,338.922,-1150.71]
        ],
        "unit_class": "dynBase_oil_storage_large_square"
      }
    },
    {
      "objectGroups": {
        "name": "bdt_t1_bomb_object_08",
        "objLayer": 2,
        "props": {
          "active": true,
          "army": 1
        },
        "tm": [
          [0.831138,0.0,-0.556065],
          [0.0,1.0,0.0],
          [0.556065,0.0,0.831138],
          [5883.19,95.8833,10851.3]
        ],
        "unit_class": "dynBase_small_factory_square"
      }
    },
    {
      "objectGroups": {
        "name": "bdt_t1_bomb_object_09",
        "objLayer": 2,
        "props": {
          "active": true,
          "army": 1
        },
        "tm": [
          [0.831138,0.0,-0.556065],
          [0.0,1.0,0.0],
          [0.556065,0.0,0.831138],
          [6648.01,149.822,8601.69]
        ],
        "unit_class": "dynBase_hq_camp_square"
      }
    },
    {
      "objectGroups": {
        "name": "bdt_t1_bomb_object_10",
        "objLayer": 2,
        "props": {
          "active": true,
          "army": 1
        },
        "tm": [
          [0.831138,0.0,-0.556065],
          [0.0,1.0,0.0],
          [0.556065,0.0,0.831138],
          [7644.69,200.162,7156.88]
        ],
        "unit_class": "dynBase_petrol_camp_square"
      }
    },
    {
      "objectGroups": {
        "name": "bdt_t2_bomb_object_05",
        "objLayer": 2,
        "props": {
          "active": true,
          "army": 2
        },
        "tm": [
          [0.951752,0.0,-0.306865],
          [0.0,1.0,0.0],
          [0.306865,0.0,0.951752],
          [-3092.97,107.809,14222.4]
        ],
        "unit_class": "dynBase_petrol_camp_square"
      }
    },
    {
      "objectGroups": {
        "name": "bdt_t2_bomb_object_06",
        "objLayer": 2,
        "props": {
          "active": true,
          "army": 2
        },
        "tm": [
          [0.98445,0.0,0.175662],
          [0.0,1.0,0.0],
          [-0.175662,0.0,0.98445],
          [-5146.23,140.122,13828.8]
        ],
        "unit_class": "dynBase_military_base_square"
      }
    },
    {
      "objectGroups": {
        "name": "bdt_t2_bomb_object_07",
        "objLayer": 2,
        "props": {
          "active": true,
          "army": 2
        },
        "tm": [
          [0.951752,0.0,-0.306865],
          [0.0,1.0,0.0],
          [0.306865,0.0,0.951752],
          [-7637.3,130.5,12143.6]
        ],
        "unit_class": "dynBase_fuel_storage_square"
      }
    },
    {
      "objectGroups": {
        "name": "bdt_t2_bomb_object_08",
        "objLayer": 2,
        "props": {
          "active": true,
          "army": 2
        },
        "tm": [
          [0.985912,0.0,0.167277],
          [0.0,1.0,0.0],
          [-0.167277,0.0,0.985912],
          [-10380.2,398.049,2306.02]
        ],
        "unit_class": "dynBase_ammunition_storage_square"
      }
    },
    {
      "objectGroups": {
        "name": "bdt_t2_bomb_object_09",
        "objLayer": 2,
        "props": {
          "active": true,
          "army": 2
        },
        "tm": [
          [0.985912,0.0,0.167277],
          [0.0,1.0,0.0],
          [-0.167277,0.0,0.985912],
          [-10740.1,390.088,3932.56]
        ],
        "unit_class": "dynBase_field_camp_square"
      }
    },
    {
      "objectGroups": {
        "name": "bdt_t2_bomb_object_10",
        "objLayer": 2,
        "props": {
          "active": true,
          "army": 2
        },
        "tm": [
          [0.985912,0.0,0.167277],
          [0.0,1.0,0.0],
          [-0.167277,0.0,0.985912],
          [-11289.0,607.259,6008.44]
        ],
        "unit_class": "dynBase_oil_storage_small_square"
      }
    },
    {
      "structures": {
        "bullets0": "",
        "bullets1": "",
        "bullets2": "",
        "bullets3": "",
        "bulletsCount0": 0,
        "bulletsCount1": 0,
        "bulletsCount2": 0,
        "bulletsCount3": 0,
        "closed_waypoints": false,
        "isShipSpline": false,
        "name": "bdt_t2_bomb_zone_01_bomb_target",
        "objLayer": 2,
        "props": {
          "army": 2,
          "attack_type": "fire_at_will",
          "count": 1,
          "formation_div": 3,
          "formation_noise": [0.1,0.1],
          "formation_step": [2.5,2.0],
          "formation_type": "rows",
          "isDelayed": false,
          "setStealth": true,
          "stealthRadius": 0.0,
          "targetableByAi": false,
          "uniqueName": ""
        },
        "shipTurnRadius": 100.0,
        "tm": [
          [0.603617,0.0,-0.797273],
          [0.0,1.0,0.0],
          [0.797273,0.0,0.603617],
          [-6294.88,186.367,10751.1]
        ],
        "unit_class": "dummy_immortal",
        "way": [],
        "weapons": ""
      }
    },
    {
      "structures": {
        "bullets0": "",
        "bullets1": "",
        "bullets2": "",
        "bullets3": "",
        "bulletsCount0": 0,
        "bulletsCount1": 0,
        "bulletsCount2": 0,
        "bulletsCount3": 0,
        "closed_waypoints": false,
        "isShipSpline": false,
        "name": "bdt_t2_bomb_zone_02_bomb_target",
        "objLayer": 2,
        "props": {
          "army": 2,
          "attack_type": "fire_at_will",
          "count": 1,
          "formation_div": 3,
          "formation_noise": [0.1,0.1],
          "formation_step": [2.5,2.0],
          "formation_type": "rows",
          "isDelayed": false,
          "setStealth": true,
          "stealthRadius": 0.0,
          "targetableByAi": false,
          "uniqueName": ""
        },
        "shipTurnRadius": 100.0,
        "tm": [
          [-0.0935964,0.0,-0.995612],
          [0.0,1.0,0.0],
          [0.995612,0.0,-0.0935964],
          [-9434.21,576.869,5822.59]
        ],
        "unit_class": "dummy_immortal",
        "way": [],
        "weapons": ""
      }
    },
    {
      "structures": {
        "bullets0": "",
        "bullets1": "",
        "bullets2": "",
        "bullets3": "",
        "bulletsCount0": 0,
        "bulletsCount1": 0,
        "bulletsCount2": 0,
        "bulletsCount3": 0,
        "closed_waypoints": false,
        "isShipSpline": false,
        "name": "bdt_t2_bomb_zone_03_bomb_target",
        "objLayer": 2,
        "props": {
          "army": 2,
          "attack_type": "fire_at_will",
          "count": 1,
          "formation_div": 3,
          "formation_noise": [0.1,0.1],
          "formation_step": [2.5,2.0],
          "formation_type": "rows",
          "isDelayed": false,
          "setStealth": true,
          "stealthRadius": 0.0,
          "targetableByAi": false,
          "uniqueName": ""
        },
        "shipTurnRadius": 100.0,
        "tm": [
          [0.985912,0.0,0.167277],
          [0.0,1.0,0.0],
          [-0.167277,0.0,0.985912],
          [-9395.59,354.117,3360.11]
        ],
        "unit_class": "dummy_immortal",
        "way": [],
        "weapons": ""
      }
    },
    {
      "structures": {
        "bullets0": "",
        "bullets1": "",
        "bullets2": "",
        "bullets3": "",
        "bulletsCount0": 0,
        "bulletsCount1": 0,
        "bulletsCount2": 0,
        "bulletsCount3": 0,
        "closed_waypoints": false,
        "isShipSpline": false,
        "name": "bdt_t2_bomb_zone_04_bomb_target",
        "objLayer": 2,
        "props": {
          "army": 2,
          "attack_type": "fire_at_will",
          "count": 1,
          "formation_div": 3,
          "formation_noise": [0.1,0.1],
          "formation_step": [2.5,2.0],
          "formation_type": "rows",
          "isDelayed": false,
          "setStealth": true,
          "stealthRadius": 0.0,
          "targetableByAi": false,
          "uniqueName": ""
        },
        "shipTurnRadius": 100.0,
        "tm": [
          [0.951752,0.0,-0.306865],
          [0.0,1.0,0.0],
          [0.306865,0.0,0.951752],
          [-3574.69,104.385,11966.2]
        ],
        "unit_class": "dummy_immortal",
        "way": [],
        "weapons": ""
      }
    },
    {
      "structures": {
        "bullets0": "",
        "bullets1": "",
        "bullets2": "",
        "bullets3": "",
        "bulletsCount0": 0,
        "bulletsCount1": 0,
        "bulletsCount2": 0,
        "bulletsCount3": 0,
        "closed_waypoints": false,
        "isShipSpline": false,
        "name": "bdt_t1_bomb_zone_01_bomb_target",
