{
  "airfields": [],
  "areas": {
    "at_area": {
      "objLayer": 0,
      "props": [],
      "tm": [
        [-6526.88,0.0,-14608.2],
        [0.0,16000.0,0.0],
        [14608.2,0.0,-6526.88],
        [4500.0,500.006,10419.0]
      ],
      "type": "Sphere"
    },
    "at_t1_spawn_01_01": {
      "objLayer": 0,
      "props": [],
      "tm": [
        [-0.903522,0.0,0.428544],
        [0.0,1.0,0.0],
        [-0.428544,0.0,-0.903522],
        [10711.2,499.996,5361.15]
      ],
      "type": "Point"
    },
    "at_t1_spawn_01_02": {
      "objLayer": 0,
      "props": [],
      "tm": [
        [-0.903522,0.0,0.428544],
        [0.0,1.0,0.0],
        [-0.428544,0.0,-0.903522],
        [12399.8,499.997,9157.19]
      ],
      "type": "Point"
    },
    "at_t1_spawn_02_01": {
      "objLayer": 0,
      "props": [],
      "tm": [
        [-0.903522,0.0,0.428544],
        [0.0,1.0,0.0],
        [-0.428544,0.0,-0.903522],
        [12460.5,499.997,11182.4]
      ],
      "type": "Point"
    },
    "at_t1_spawn_02_02": {
      "objLayer": 0,
      "props": [],
      "tm": [
        [-0.903522,0.0,0.428544],
        [0.0,1.0,0.0],
        [-0.428544,0.0,-0.903522],
        [9276.64,500.0,4002.76]
      ],
      "type": "Point"
    },
    "at_t2_spawn_01_01": {
      "objLayer": 0,
      "props": [],
      "tm": [
        [0.903522,0.0,-0.428544],
        [0.0,1.0,0.0],
        [0.428544,0.0,0.903522],
        [-3398.37,500.006,11669.2]
      ],
      "type": "Point"
    },
    "at_t2_spawn_01_02": {
      "objLayer": 0,
      "props": [],
      "tm": [
        [0.903522,0.0,-0.428544],
        [0.0,1.0,0.0],
        [0.428544,0.0,0.903522],
        [-1712.21,500.006,15458.5]
      ],
      "type": "Point"
    },
    "at_t2_spawn_02_01": {
      "objLayer": 0,
      "props": [],
      "tm": [
        [0.903522,0.0,-0.428544],
        [0.0,1.0,0.0],
        [0.428544,0.0,0.903522],
        [-143.21,500.012,17125.9]
      ],
      "type": "Point"
    },
    "at_t2_spawn_02_02": {
      "objLayer": 0,
      "props": [],
      "tm": [
        [0.903522,0.0,-0.428544],
        [0.0,1.0,0.0],
        [0.428544,0.0,0.903522],
        [-3442.62,500.008,9633.8]
      ],
      "type": "Point"
    }
  },
  "bin_dump_file": "",
  "dialogs": [],
  "effects": [],
  "imports": {
    "import_record": {
      "excludes": [],
      "file": "gameData/missions/templates/air_templates/gs/assaults_gs_template.blk",
      "importAreas": true,
      "importMissionObjectives": true,
      "importTriggers": true,
      "importUnits": true,
      "importWayPoints": true,
      "showAreas": true,
      "showMissionObjectives": true,
      "showTriggers": true,
      "showUnits": true,
      "showWayPoints": true
    }
  },
  "mission_objectives": {
    "isCategory": true,
    "is_enabled": true
  },
  "mission_settings": {
    "mission": {
      "deathPenaltyMulRounds": 0.0,
      "environment": "Day",
      "level": "levels/berlin.bin",
      "stars": {
        "day": 2,
        "latitude": 52.5,
        "longitude": 13.0,
        "month": 4,
        "year": 1945
      },
      "type": "domination",
      "weather": "hazy"
    },
    "player": {
      "army": 1,
      "wing": ""
    },
    "player_teamB": {
      "army": 2,
      "wing": ""
    },
    "spectator_points": []
  },
  "objLayers": [],
  "selected_tag": "",
  "triggers": {
    "isCategory": true,
    "is_enabled": true
  },
  "units": [],
  "variables": {
    "ai_assaults_saved": 0,
    "ft_helicopters_pad_exclusive": false
  },
  "wayPoints": []
}