{
  "airfields": {},
  "areas": {
    "flight_point": {
      "objLayer": 0,
      "props": {},
      "tm": [
        [-0.267107,0.0,-0.963667],
        [0.0,1.0,0.0],
        [0.963667,0.0,-0.267107],
        [326.184,738.656,2104.5]
      ],
      "type": "Point"
    },
    "flight_point02": {
      "objLayer": 0,
      "props": {},
      "tm": [
        [1.0,0.0,0.0],
        [0.0,1.0,0.0],
        [0.0,0.0,1.0],
        [2656.69,647.13,620.239]
      ],
      "type": "Point"
    },
    "game_area": {
      "objLayer": 0,
      "props": {},
      "tm": [
        [-1600.0,0.0,0.0],
        [0.0,400.0,0.0],
        [0.0,0.0,-1600.0],
        [2319.45,0.0,1697.25]
      ],
      "type": "Box"
    },
    "rearm_area": {
      "objLayer": 0,
      "props": {},
      "tm": [
        [25.0,0.0,0.0],
        [0.0,20.0,0.0],
        [0.0,0.0,25.0],
        [1790.28,217.081,1819.55]
      ],
      "type": "Cylinder"
    },
    "spawn01": {
      "objLayer": 0,
      "props": {},
      "tm": [
        [0.999988,0.0,0.00471234],
        [0.0,1.0,0.0],
        [-0.00471234,0.0,0.999988],
        [1724.71,218.068,1788.19]
      ],
      "type": "Point"
    },
    "spawn_area": {
      "objLayer": 0,
      "props": {},
      "tm": [
        [-58.2959,0.0,17.618],
        [0.0,60.9,0.0],
        [-17.618,0.0,-58.2959],
        [3059.71,400.0,1585.05]
      ],
      "type": "Sphere"
    },
    "spawn_area02": {
      "objLayer": 0,
      "props": {},
      "tm": [
        [-47.8689,0.0,-37.6479],
        [0.0,60.9,0.0],
        [37.6479,0.0,-47.8689],
        [3618.87,600.0,3867.38]
      ],
      "type": "Sphere"
    },
    "tank_spawn_area01": {
      "objLayer": 0,
      "props": {},
      "tm": [
        [-0.993852,0.0,0.110723],
        [0.0,1.0,0.0],
        [-0.110723,0.0,-0.993852],
        [1949.84,217.241,1784.36]
      ],
      "type": "Sphere"
    },
    "tank_spawn_area02": {
      "objLayer": 0,
      "props": {},
      "tm": [
        [-0.993852,0.0,0.110723],
        [0.0,1.0,0.0],
        [-0.110723,0.0,-0.993852],
        [2122.54,218.172,1804.45]
      ],
      "type": "Sphere"
    },
    "tank_spawn_area03": {
      "objLayer": 0,
      "props": {},
      "tm": [
        [-0.993852,0.0,0.110723],
        [0.0,1.0,0.0],
        [-0.110723,0.0,-0.993852],
        [2318.7,218.097,1833.45]
      ],
      "type": "Sphere"
    },
    "tank_spawn_area04": {
      "objLayer": 0,
      "props": {},
      "tm": [
        [-0.993852,0.0,0.110723],
        [0.0,1.0,0.0],
        [-0.110723,0.0,-0.993852],
        [2514.1,218.565,1868.75]
      ],
      "type": "Sphere"
    },
    "tank_spawn_area05": {
      "objLayer": 0,
      "props": {},
      "tm": [
        [-0.993852,0.0,0.110723],
        [0.0,1.0,0.0],
        [-0.110723,0.0,-0.993852],
        [2905.36,235.407,1934.55]
      ],
      "type": "Sphere"
    },
    "tank_spawn_area06": {
      "objLayer": 0,
      "props": {},
      "tm": [
        [-0.0635388,0.0,0.99798],
        [0.0,1.0,0.0],
        [-0.99798,0.0,-0.0635388],
        [2039.58,219.45,1341.87]
      ],
      "type": "Sphere"
    },
    "tank_spawn_area07": {
      "objLayer": 0,
      "props": {},
      "tm": [
        [0.0672673,0.0,0.997736],
        [0.0,1.0,0.0],
        [-0.997736,0.0,0.0672673],
        [2021.45,229.623,1053.23]
      ],
      "type": "Sphere"
    },
    "tank_spawn_area08": {
      "objLayer": 0,
      "props": {},
      "tm": [
        [-0.0635388,0.0,0.99798],
        [0.0,1.0,0.0],
        [-0.99798,0.0,-0.0635388],
        [1822.19,217.241,1806.82]
      ],
      "type": "Sphere"
    }
  },
  "bin_dump_file": "",
  "dialogs": {},
  "effects": {},
  "imports": {
    "import_record": {
      "excludes": {},
      "file": "gameData/missions/training/testFlight/tank/testFlight_template.blk",
      "importAreas": true,
      "importMissionObjectives": true,
      "importTriggers": true,
      "importUnits": true,
      "importWayPoints": true,
      "showAreas": true,
      "showMissionObjectives": true,
      "showTriggers": true,
      "showUnits": true,
      "showWayPoints": true
    }
  },
  "mission_objectives": {
    "isCategory": true,
    "is_enabled": true
  },
  "mission_settings": {
    "atmosphere": {
      "pressure": 760.0,
      "temperature": 15.0
    },
    "mission": {
      "difficulty": "arcade",
      "environment": "12",
      "level": "levels/firing_range.bin",
      "locName": "missions/testDrive",
      "openDiffLevels": true,
      "optionalTakeOff": false,
      "restoreType": "manual",
      "type": "testFlight",
      "weather": "clear"
    },
    "player": {
      "army": 1,
      "wing": "t1_player01"
    },
    "player_teamB": {
      "army": 2
    },
    "spectator_points": {}
  },
  "objLayers": {
    "layer": [
      {
        "enabled": true
      },
      {
        "enabled": true
      },
      {
        "enabled": true
      },
      {
        "enabled": true
      }
    ]
  },
  "selected_tag": "",
  "triggers": {
    "isCategory": true,
    "is_enabled": true
  },
  "units": {
    "armada": [
      {
        "applyAllMods": false,
        "bullets0": "",
        "bullets1": "",
        "bullets2": "",
        "bullets3": "",
        "bulletsCount0": 100,
        "bulletsCount1": 0,
        "bulletsCount2": 0,
        "bulletsCount3": 0,
        "closed_waypoints": true,
        "crewSkillK": 0.0,
        "dontOverrideHeight": true,
        "isShipSpline": false,
        "name": "flight_target01",
        "objLayer": 1,
        "props": {
          "aiEnabled": true,
          "altLimit": 6000.0,
          "army": 2,
          "attack_type": "fire_at_will",
          "count": 1,
          "floating_distance": 50.0,
          "free_distance": 70.0,
          "isDelayed": true,
          "minimum_distance_to_earth": 20.0,
          "plane": {
            "ai_skill": "NORMAL",
            "col_distances": 3.0,
            "row_distances": 3.0,
            "super_col_distances": 1.5,
            "super_formation": "Diamond",
            "super_row_distances": 1.5,
            "task": "FLY_WAYPOINT",
            "wing_formation": "Diamond"
          },
          "skill": 4
        },
        "shipTurnRadius": 100.0,
        "tm": [
          [-0.94474,0.23104,0.232569],
          [0.255445,0.963463,0.0805416],
          [-0.205463,0.1355,-0.96924],
          [3066.3,400.0,1602.61]
        ],
        "unit_class": "sb_2m_105",
        "way": {
          "flight_target01_wp_01": {
            "props": {
              "moveType": "MOVETO_STRAIGHT",
              "speed": 300.0
            },
            "tm": [
              [1.0,0.0,0.0],
              [0.0,1.0,0.0],
              [0.0,0.0,1.0],
              [2309.75,800.5,-402.05]
            ],
            "type": "normal"
          },
          "flight_target01_wp_02": {
            "props": {
              "moveType": "MOVETO_STRAIGHT",
              "speed": 300.0
            },
            "tm": [
              [1.0,0.0,0.0],
              [0.0,1.0,0.0],
              [0.0,0.0,1.0],
              [1258.7,805.05,3329.15]
            ],
            "type": "normal"
          },
          "flight_target01_wp_03": {
            "props": {
              "moveType": "MOVETO_STRAIGHT",
              "speed": 300.0
            },
            "tm": [
              [1.0,0.0,0.0],
              [0.0,1.0,0.0],
              [0.0,0.0,1.0],
              [2959.9,431.75,1531.1]
            ],
            "type": "normal"
          }
        },
        "weapons": ""
      },
      {
        "applyAllMods": false,
        "bullets0": "",
        "bullets1": "",
        "bullets2": "",
        "bullets3": "",
        "bulletsCount0": 100,
        "bulletsCount1": 0,
        "bulletsCount2": 0,
        "bulletsCount3": 0,
        "closed_waypoints": true,
        "crewSkillK": 0.0,
        "isShipSpline": false,
        "name": "flight_target02",
        "objLayer": 1,
        "props": {
          "aiEnabled": true,
          "altLimit": 6000.0,
          "army": 2,
          "attack_type": "fire_at_will",
          "count": 1,
          "floating_distance": 50.0,
          "free_distance": 70.0,
          "isDelayed": true,
          "minimum_distance_to_earth": 20.0,
          "plane": {
            "ai_skill": "NORMAL",
            "col_distances": 3.0,
            "row_distances": 3.0,
            "super_col_distances": 1.5,
            "super_formation": "Diamond",
            "super_row_distances": 1.5,
            "task": "FLY_WAYPOINT",
            "wing_formation": "Diamond"
          },
          "skill": 4
        },
        "shipTurnRadius": 100.0,
        "tm": [
          [-0.73239,0.23104,-0.64049],
          [0.0805416,0.963463,0.255445],
          [0.676106,0.1355,-0.724239],
          [3606.75,600.0,3869.03]
        ],
        "unit_class": "bf-110c-4",
        "way": {
          "flight_target02_wp_01": {
            "props": {
              "moveType": "MOVETO_STRAIGHT",
              "speed": 300.0
            },
            "tm": [
              [1.0,0.0,0.0],
              [0.0,1.0,0.0],
              [0.0,0.0,1.0],
              [324.4,736.55,2098.75]
            ],
            "type": "normal"
          },
          "flight_target02_wp_02": {
            "props": {
              "moveType": "MOVETO_STRAIGHT",
              "speed": 300.0
            },
            "tm": [
              [1.0,0.0,0.0],
              [0.0,1.0,0.0],
              [0.0,0.0,1.0],
              [3526.6,831.1,362.7]
            ],
            "type": "normal"
          },
          "flight_target02_wp_03": {
            "props": {
              "moveType": "MOVETO_STRAIGHT",
              "speed": 300.0
            },
            "tm": [
              [1.0,0.0,0.0],
              [0.0,1.0,0.0],
              [0.0,0.0,1.0],
              [3561.3,615.0,3781.25]
            ],
            "type": "normal"
          }
        },
        "weapons": ""
      }
    ],
    "objectGroups": [
      {
        "name": "noobj01",
        "objLayer": 1,
        "props": {
          "active": true,
          "army": 2
        },
        "tm": [
          [0.734088,0.0,0.679054],
          [0.0,1.0,0.0],
          [-0.679054,0.0,0.734088],
          [1822.33,217.241,1805.72]
        ],
        "unit_class": "noTreeObjectGroup10"
      },
      {
        "name": "noobj02",
        "objLayer": 1,
        "props": {
          "active": true,
          "army": 2
        },
        "tm": [
          [0.734088,0.0,0.679054],
          [0.0,1.0,0.0],
          [-0.679054,0.0,0.734088],
          [1957.6,217.241,1789.72]
        ],
        "unit_class": "noTreeObjectGroup10"
      },
      {
        "name": "noobj03",
        "objLayer": 1,
        "props": {
          "active": true,
          "army": 2
        },
        "tm": [
          [0.734088,0.0,0.679054],
          [0.0,1.0,0.0],
          [-0.679054,0.0,0.734088],
          [2118.47,218.172,1807.8]
        ],
        "unit_class": "noTreeObjectGroup10"
      },
      {
        "name": "noobj04",
        "objLayer": 1,
        "props": {
          "active": true,
          "army": 2
        },
        "tm": [
          [1.0,0.0,0.0],
          [0.0,1.0,0.0],
          [0.0,0.0,1.0],
          [2316.43,218.097,1836.29]
        ],
        "unit_class": "noTreeObjectGroup10"
      },
      {
        "name": "noobj05",
        "objLayer": 1,
        "props": {
          "active": true,
          "army": 2
        },
        "tm": [
          [0.734088,0.0,0.679054],
          [0.0,1.0,0.0],
          [-0.679054,0.0,0.734088],
          [2513.51,218.565,1871.0]
        ],
        "unit_class": "noTreeObjectGroup10"
      },
      {
        "name": "noobj06",
        "objLayer": 1,
        "props": {
          "active": true,
          "army": 2
        },
        "tm": [
          [0.734088,0.0,0.679054],
          [0.0,1.0,0.0],
          [-0.679054,0.0,0.734088],
          [2913.94,237.325,1930.75]
        ],
        "unit_class": "noTreeObjectGroup10"
      },
      {
        "name": "noobj07",
        "objLayer": 1,
        "props": {
          "active": true,
          "army": 2
        },
        "tm": [
          [0.734088,0.0,0.679054],
          [0.0,1.0,0.0],
          [-0.679054,0.0,0.734088],
          [2034.03,238.156,1065.21]
        ],
        "unit_class": "noTreeObjectGroup10"
      },
      {
        "name": "noobj08",
        "objLayer": 1,
        "props": {
          "active": true,
          "army": 2
        },
        "tm": [
          [0.734088,0.0,0.679054],
          [0.0,1.0,0.0],
          [-0.679054,0.0,0.734088],
          [1942.39,229.465,1356.75]
        ],
        "unit_class": "noTreeObjectGroup10"
      },
      {
        "name": "noobj09",
        "objLayer": 1,
        "props": {
          "active": true,
          "army": 2
        },
        "tm": [
          [0.734088,0.0,0.679054],
          [0.0,1.0,0.0],
          [-0.679054,0.0,0.734088],
          [1996.47,217.241,1272.41]
        ],
        "unit_class": "noTreeObjectGroup10"
      },
      {
        "name": "noobj10",
        "objLayer": 1,
        "props": {
          "active": true,
          "army": 2
        },
        "tm": [
          [0.734088,0.0,0.679054],
          [0.0,1.0,0.0],
          [-0.679054,0.0,0.734088],
          [2077.07,217.241,1239.13]
        ],
        "unit_class": "noTreeObjectGroup10"
      },
      {
        "name": "noobj11",
        "objLayer": 1,
        "props": {
          "active": true,
          "army": 2
        },
        "tm": [
          [0.734088,0.0,0.679054],
          [0.0,1.0,0.0],
          [-0.679054,0.0,0.734088],
          [2143.87,217.241,1211.51]
        ],
        "unit_class": "noTreeObjectGroup10"
      },
      {
        "name": "noobj12",
        "objLayer": 1,
        "props": {
          "active": true,
          "army": 2
        },
        "tm": [
          [0.734088,0.0,0.679054],
          [0.0,1.0,0.0],
          [-0.679054,0.0,0.734088],
          [2222.79,217.241,1185.82]
        ],
        "unit_class": "noTreeObjectGroup10"
      },
      {
        "name": "rearm_circle",
        "objLayer": 2,
        "props": {
          "active": true,
          "army": 0
        },
        "tm": [
          [1.0,0.0,0.0],
          [0.0,1.0,0.0],
          [0.0,0.0,1.0],
          [1790.3,218.0,1819.55]
        ],
        "unit_class": "capture_zone_circle"
      }
    ],
    "squad": {
      "name": "target_tanks_squad",
      "props": {
        "object_marking": 0,
        "squad_members": [
          "target_tank01",
          "target_tank02",
          "target_tank03",
          "target_tank04",
          "target_tank05",
          "target_tank06",
          "target_tank07",
          "target_tank08"
        ]
      },
      "tm": [
        [0.766044,0.0,0.642788],
        [0.0,1.0,0.0],
        [-0.642788,0.0,0.766044],
        [2182.11,251.17,1045.65]
      ]
    },
    "tankModels": [
      {
        "applyAllMods": false,
        "bullets0": "",
        "bullets1": "",
        "bullets2": "",
        "bullets3": "",
        "bulletsCount0": 10,
        "bulletsCount1": 0,
        "bulletsCount2": 0,
        "bulletsCount3": 0,
        "closed_waypoints": false,
        "crewSkillK": 0.0,
        "isShipSpline": false,
        "name": "t1_player01",
        "props": {
          "army": 1,
          "attack_type": "fire_at_will",
          "count": 1,
          "formation_div": 3,
          "formation_noise": [0.1,0.1],
          "formation_step": [2.5,2.0],
          "formation_type": "rows",
          "uniqueName": ""
        },
        "shipTurnRadius": 100.0,
        "tm": [
          [0.939692,0.0,0.34202],
          [0.0,1.0,0.0],
          [-0.34202,0.0,0.939692],
          [1724.72,217.534,1788.19]
        ],
        "unit_class": "ussr_t_80bvm",
        "way": {},
        "weapons": ""
      },
      {
        "applyAllMods": false,
        "bullets0": "",
        "bullets1": "",
        "bullets2": "",
        "bullets3": "",
        "bulletsCount0": 100,
        "bulletsCount1": 0,
        "bulletsCount2": 0,
        "bulletsCount3": 0,
        "closed_waypoints": false,
        "crewSkillK": 0.0,
        "isShipSpline": false,
        "name": "target_tank01",
        "objLayer": 1,
        "props": {
          "army": 2,
          "attack_type": "fire_at_will",
          "count": 1,
          "formation_div": 3,
          "formation_noise": [0.1,0.1],
          "formation_step": [2.5,2.0],
          "formation_type": "rows",
          "uniqueName": ""
        },
        "shipTurnRadius": 100.0,
        "tm": [
          [-0.906308,0.0,0.422618],
          [0.0,1.0,0.0],
          [-0.422618,0.0,-0.906308],
          [2046.37,216.918,2337.7]
        ],
        "unit_class": "ussr_t_26_1940",
        "way": {},
        "weapons": ""
      },
      {
        "applyAllMods": false,
        "bullets0": "",
        "bullets1": "",
        "bullets2": "",
        "bullets3": "",
        "bulletsCount0": 100,
        "bulletsCount1": 0,
        "bulletsCount2": 0,
        "bulletsCount3": 0,
        "closed_waypoints": false,
        "crewSkillK": 0.0,
        "isShipSpline": false,
        "name": "target_tank02",
        "objLayer": 1,
        "props": {
          "army": 2,
          "attack_type": "fire_at_will",
          "count": 1,
          "formation_div": 3,
          "formation_noise": [0.1,0.1],
          "formation_step": [2.5,2.0],
          "formation_type": "rows",
          "uniqueName": ""
        },
        "shipTurnRadius": 100.0,
        "tm": [
          [-0.906308,0.0,0.422618],
          [0.0,1.0,0.0],
          [-0.422618,0.0,-0.906308],
          [2095.99,216.918,2341.14]
        ],
        "unit_class": "ussr_t_34_1941",
        "way": {},
        "weapons": ""
      },
      {
        "applyAllMods": false,
        "bullets0": "",
        "bullets1": "",
        "bullets2": "",
        "bullets3": "",
        "bulletsCount0": 100,
        "bulletsCount1": 0,
        "bulletsCount2": 0,
        "bulletsCount3": 0,
        "closed_waypoints": false,
        "crewSkillK": 0.0,
        "isShipSpline": false,
        "name": "target_tank03",
        "objLayer": 1,
        "props": {
          "army": 2,
          "attack_type": "fire_at_will",
          "count": 1,
          "formation_div": 3,
          "formation_noise": [0.1,0.1],
          "formation_step": [2.5,2.0],
          "formation_type": "rows",
          "uniqueName": ""
        },
        "shipTurnRadius": 100.0,
        "tm": [
          [-0.906308,0.0,0.422618],
          [0.0,1.0,0.0],
          [-0.422618,0.0,-0.906308],
          [2145.95,216.918,2351.48]
        ],
        "unit_class": "ussr_t_44",
        "way": {},
        "weapons": ""
      },
      {
        "applyAllMods": false,
        "bullets0": "",
        "bullets1": "",
        "bullets2": "",
        "bullets3": "",
        "bulletsCount0": 100,
        "bulletsCount1": 0,
        "bulletsCount2": 0,
        "bulletsCount3": 0,
        "closed_waypoints": false,
        "crewSkillK": 0.0,
        "isShipSpline": false,
        "name": "target_tank05",
        "objLayer": 1,
        "props": {
          "army": 2,
          "attack_type": "fire_at_will",
          "count": 1,
          "formation_div": 3,
          "formation_noise": [0.1,0.1],
          "formation_step": [2.5,2.0],
          "formation_type": "rows",
          "uniqueName": ""
        },
        "shipTurnRadius": 100.0,
        "tm": [
          [-0.906308,0.0,0.422618],
          [0.0,1.0,0.0],
          [-0.422618,0.0,-0.906308],
          [2221.47,247.209,2368.38]
        ],
        "unit_class": "ussr_t_10m",
        "way": {},
        "weapons": ""
      },
      {
        "applyAllMods": false,
        "bullets0": "",
        "bullets1": "",
        "bullets2": "",
        "bullets3": "",
        "bulletsCount0": 100,
        "bulletsCount1": 0,
        "bulletsCount2": 0,
        "bulletsCount3": 0,
        "closed_waypoints": true,
        "crewSkillK": 0.0,
        "isShipSpline": false,
        "name": "target_tank06",
        "objLayer": 1,
        "props": {
          "army": 2,
          "attack_type": "fire_at_will",
          "count": 1,
          "formation_div": 3,
          "formation_noise": [0.1,0.1],
          "formation_step": [2.5,2.0],
          "formation_type": "rows",
          "uniqueName": ""
        },
        "shipTurnRadius": 100.0,
        "tm": [
          [0.0871558,0.0,0.996195],
          [0.0,1.0,0.0],
          [-0.996195,0.0,0.0871558],
          [2352.56,215.417,2429.19]
        ],
        "unit_class": "ussr_t_34_1941",
        "way": {},
        "weapons": ""
      },
      {
        "applyAllMods": false,
        "bullets0": "",
        "bullets1": "",
        "bullets2": "",
        "bullets3": "",
        "bulletsCount0": 100,
        "bulletsCount1": 0,
        "bulletsCount2": 0,
        "bulletsCount3": 0,
        "closed_waypoints": false,
        "crewSkillK": 0.0,
        "isShipSpline": false,
        "name": "target_tank04",
        "objLayer": 1,
        "props": {
          "army": 2,
          "attack_type": "fire_at_will",
          "count": 1,
          "formation_div": 3,
          "formation_noise": [0.1,0.1],
          "formation_step": [2.5,2.0],
          "formation_type": "rows",
          "uniqueName": ""
        },
        "shipTurnRadius": 100.0,
        "tm": [
          [-0.906308,0.0,0.422618],
          [0.0,1.0,0.0],
          [-0.422618,0.0,-0.906308],
          [2207.38,216.918,2350.88]
        ],
        "unit_class": "ussr_kv_2_1939",
        "way": {},
        "weapons": ""
      },
      {
        "applyAllMods": false,
        "bullets0": "",
        "bullets1": "",
        "bullets2": "",
        "bullets3": "",
        "bulletsCount0": 100,
        "bulletsCount1": 0,
        "bulletsCount2": 0,
        "bulletsCount3": 0,
        "closed_waypoints": false,
        "crewSkillK": 0.0,
        "isShipSpline": false,
        "name": "target_tank07",
        "objLayer": 1,
        "props": {
          "army": 2,
          "attack_type": "fire_at_will",
          "count": 1,
          "formation_div": 3,
          "formation_noise": [0.1,0.1],
          "formation_step": [2.5,2.0],
          "formation_type": "rows",
          "uniqueName": ""
        },
        "shipTurnRadius": 100.0,
        "tm": [
          [-0.731747,0.0,0.681577],
          [0.0,1.0,0.0],
          [-0.681577,0.0,-0.731747],
          [2354.39,276.294,2372.95]
        ],
        "unit_class": "ussr_is_4m",
        "way": {},
        "weapons": ""
      },
      {
        "applyAllMods": false,
        "bullets0": "",
        "bullets1": "",
        "bullets2": "",
        "bullets3": "",
        "bulletsCount0": 100,
        "bulletsCount1": 0,
        "bulletsCount2": 0,
        "bulletsCount3": 0,
        "closed_waypoints": false,
        "crewSkillK": 0.0,
        "isShipSpline": false,
        "name": "target_tank08",
        "objLayer": 1,
        "props": {
          "army": 2,
          "attack_type": "fire_at_will",
          "count": 1,
          "formation_div": 3,
          "formation_noise": [0.1,0.1],
          "formation_step": [2.5,2.0],
          "formation_type": "rows",
          "uniqueName": ""
        },
        "shipTurnRadius": 100.0,
        "tm": [
          [-0.731747,0.0,0.681577],
          [0.0,1.0,0.0],
          [-0.681577,0.0,-0.731747],
          [2377.79,276.294,2086.43]
        ],
        "unit_class": "ussr_zsu_29k",
        "way": {},
        "weapons": ""
      }
    ]
  },
  "variables": {},
  "wayPoints": {
    "way_target_tank05": {
      "closed_waypoints": true,
      "isShipSpline": false,
      "shipTurnRadius": 100.0,
      "way": {
        "target_tank05_wp_01": {
          "props": {
            "canUsePathFinder": false,
            "moveType": "MOVETO_STRAIGHT",
            "shouldKeepFormation": false,
            "speed": 300.0,
            "tas": false
          },
          "tm": [
            [1.0,0.0,0.0],
            [0.0,1.0,0.0],
            [0.0,0.0,1.0],
            [1818.56,221.699,1496.19]
          ],
          "type": "normal"
        },
        "target_tank05_wp_02": {
          "props": {
            "canUsePathFinder": false,
            "moveType": "MOVETO_STRAIGHT",
            "shouldKeepFormation": false,
            "speed": 300.0,
            "tas": false
          },
          "tm": [
            [1.0,0.0,0.0],
            [0.0,1.0,0.0],
            [0.0,0.0,1.0],
            [1933.33,221.699,1410.21]
          ],
          "type": "normal"
        },
        "target_tank05_wp_03": {
          "props": {
            "canUsePathFinder": false,
            "moveType": "MOVETO_STRAIGHT",
            "shouldKeepFormation": false,
            "speed": 300.0,
            "tas": false
          },
          "tm": [
            [1.0,0.0,0.0],
            [0.0,1.0,0.0],
            [0.0,0.0,1.0],
            [2045.0,221.699,1345.71]
          ],
          "type": "normal"
        },
        "target_tank05_wp_04": {
          "props": {
            "canUsePathFinder": false,
            "moveType": "MOVETO_STRAIGHT",
            "shouldKeepFormation": false,
            "speed": 300.0,
            "tas": false
          },
          "tm": [
            [1.0,0.0,0.0],
            [0.0,1.0,0.0],
            [0.0,0.0,1.0],
            [2132.17,221.699,1308.27]
          ],
          "type": "normal"
        },
        "target_tank05_wp_05": {
          "props": {
            "canUsePathFinder": false,
            "moveType": "MOVETO_STRAIGHT",
            "shouldKeepFormation": false,
            "speed": 300.0,
            "tas": false
          },
          "tm": [
            [1.0,0.0,0.0],
            [0.0,1.0,0.0],
            [0.0,0.0,1.0],
            [2208.17,221.699,1255.38]
          ],
          "type": "normal"
        },
        "target_tank05_wp_06": {
          "props": {
            "canUsePathFinder": false,
            "moveType": "MOVETO_STRAIGHT",
            "shouldKeepFormation": false,
            "speed": 300.0,
            "tas": false
          },
          "tm": [
            [1.0,0.0,0.0],
            [0.0,1.0,0.0],
            [0.0,0.0,1.0],
            [2156.67,221.699,1197.32]
          ],
          "type": "normal"
        },
        "target_tank05_wp_07": {
          "props": {
            "canUsePathFinder": false,
            "moveType": "MOVETO_STRAIGHT",
            "shouldKeepFormation": false,
            "speed": 300.0,
            "tas": false
          },
          "tm": [
            [1.0,0.0,0.0],
            [0.0,1.0,0.0],
            [0.0,0.0,1.0],
            [1989.65,221.699,1295.98]
          ],
          "type": "normal"
        },
        "target_tank05_wp_09": {
          "props": {
            "canUsePathFinder": false,
            "moveType": "MOVETO_STRAIGHT",
            "shouldKeepFormation": false,
            "speed": 300.0,
            "tas": false
          },
          "tm": [
            [1.0,0.0,0.0],
            [0.0,1.0,0.0],
            [0.0,0.0,1.0],
            [1936.93,221.699,1383.62]
          ],
          "type": "normal"
        }
      }
    }
  }
}