{
  "airfields": {},
  "areas": {
    "area_01": {
      "objLayer": 0,
      "props": {
        "forceReplication": true
      },
      "tm": [
        [-0.796423,0.0,0.60474],
        [0.0,1.0,0.0],
        [-0.60474,0.0,-0.796423],
        [1552.53,13.8485,618.534]
      ],
      "type": "Sphere"
    },
    "area_02": {
      "objLayer": 0,
      "props": {
        "forceReplication": true
      },
      "tm": [
        [0.934074,0.0,0.357081],
        [0.0,1.0,0.0],
        [-0.357081,0.0,0.934074],
        [1468.99,14.3489,607.358]
      ],
      "type": "Sphere"
    },
    "area_03": {
      "objLayer": 0,
      "props": {
        "forceReplication": true
      },
      "tm": [
        [-0.999927,0.0,-0.0121099],
        [0.0,1.0,0.0],
        [0.0121099,0.0,-0.999927],
        [1412.16,13.4751,559.132]
      ],
      "type": "Sphere"
    },
    "area_04": {
      "objLayer": 0,
      "props": {
        "forceReplication": true
      },
      "tm": [
        [-0.0790241,0.0,0.996873],
        [0.0,1.0,0.0],
        [-0.996873,0.0,-0.0790241],
        [1318.63,14.8309,556.664]
      ],
      "type": "Sphere"
    },
    "area_05": {
      "objLayer": 0,
      "props": {
        "forceReplication": true
      },
      "tm": [
        [-0.23615,0.0,0.971717],
        [0.0,1.0,0.0],
        [-0.971717,0.0,-0.23615],
        [1259.18,13.8455,593.765]
      ],
      "type": "Sphere"
    },
    "area_06": {
      "objLayer": 0,
      "props": {
        "forceReplication": true
      },
      "tm": [
        [0.865031,0.0,-0.501719],
        [0.0,1.0,0.0],
        [0.501719,0.0,0.865031],
        [1249.62,7.07635,640.657]
      ],
      "type": "Sphere"
    },
    "area_07": {
      "objLayer": 0,
      "props": {
        "forceReplication": true
      },
      "tm": [
        [0.865031,0.0,-0.501719],
        [0.0,1.0,0.0],
        [0.501719,0.0,0.865031],
        [1242.94,2.68432,742.05]
      ],
      "type": "Sphere"
    },
    "area_08": {
      "objLayer": 0,
      "props": {
        "forceReplication": true
      },
      "tm": [
        [0.518585,0.0,0.855027],
        [0.0,1.0,0.0],
        [-0.855027,0.0,0.518585],
        [1231.47,4.12147,781.122]
      ],
      "type": "Sphere"
    },
    "area_09": {
      "objLayer": 0,
      "props": {
        "forceReplication": true
      },
      "tm": [
        [0.481694,0.0,-0.87634],
        [0.0,1.0,0.0],
        [0.87634,0.0,0.481694],
        [1269.19,4.07474,849.742]
      ],
      "type": "Sphere"
    },
    "area_10": {
      "objLayer": 0,
      "props": {
        "forceReplication": true
      },
      "tm": [
        [-0.974171,0.0,0.225815],
        [0.0,1.0,0.0],
        [-0.225815,0.0,-0.974171],
        [1189.05,3.71185,902.35]
      ],
      "type": "Sphere"
    },
    "area_11": {
      "objLayer": 0,
      "props": {
        "forceReplication": true
      },
      "tm": [
        [0.36214,0.0,0.932124],
        [0.0,1.0,0.0],
        [-0.932124,0.0,0.36214],
        [1230.17,1.95207,988.668]
      ],
      "type": "Sphere"
    },
    "area_12": {
      "objLayer": 0,
      "props": {
        "forceReplication": true
      },
      "tm": [
        [0.660406,0.0,-0.750909],
        [0.0,1.0,0.0],
        [0.750909,0.0,0.660406],
        [1243.49,1.69538,1089.26]
      ],
      "type": "Sphere"
    },
    "area_13": {
      "objLayer": 0,
      "props": {
        "forceReplication": true
      },
      "tm": [
        [0.129032,0.0,-0.991641],
        [0.0,1.0,0.0],
        [0.991641,0.0,0.129032],
        [1241.76,6.58089,1129.07]
      ],
      "type": "Sphere"
    },
    "area_14": {
      "objLayer": 0,
      "props": {
        "forceReplication": true
      },
      "tm": [
        [0.711433,0.0,0.702754],
        [0.0,1.0,0.0],
        [-0.702754,0.0,0.711433],
        [1223.62,7.0979,1175.92]
      ],
      "type": "Sphere"
    },
    "area_15": {
      "objLayer": 0,
      "props": {
        "forceReplication": true
      },
      "tm": [
        [-0.38086,0.0,-0.924633],
        [0.0,1.0,0.0],
        [0.924633,0.0,-0.38086],
        [1264.71,6.68161,1218.83]
      ],
      "type": "Sphere"
    },
    "area_16": {
      "objLayer": 0,
      "props": {
        "forceReplication": true
      },
      "tm": [
        [0.981558,0.0,0.191165],
        [0.0,1.0,0.0],
        [-0.191165,0.0,0.981558],
        [1265.14,5.42665,1275.7]
      ],
      "type": "Sphere"
    },
    "area_17": {
      "objLayer": 0,
      "props": {
        "forceReplication": true
      },
      "tm": [
        [0.392897,0.0,-0.919583],
        [0.0,1.0,0.0],
        [0.919583,0.0,0.392897],
        [1294.64,4.044,1311.17]
      ],
      "type": "Sphere"
    },
    "area_18": {
      "objLayer": 0,
      "props": {
        "forceReplication": true
      },
      "tm": [
        [0.49461,0.0,0.869115],
        [0.0,1.0,0.0],
        [-0.869115,0.0,0.49461],
        [1292.56,2.27255,1362.65]
      ],
      "type": "Sphere"
    },
    "area_19": {
      "objLayer": 0,
      "props": {
        "forceReplication": true
      },
      "tm": [
        [-0.166001,0.0,-0.986126],
        [0.0,1.0,0.0],
        [0.986126,0.0,-0.166001],
        [1340.9,4.81044,1358.0]
      ],
      "type": "Sphere"
    },
    "area_20": {
      "objLayer": 0,
      "props": {
        "forceReplication": true
      },
      "tm": [
        [0.946828,0.0,-0.321738],
        [0.0,1.0,0.0],
        [0.321738,0.0,0.946828],
        [1368.93,5.15235,1420.3]
      ],
      "type": "Sphere"
    },
    "area_21": {
      "objLayer": 0,
      "props": {
        "forceReplication": true
      },
      "tm": [
        [0.0589108,0.0,-0.998263],
        [0.0,1.0,0.0],
        [0.998263,0.0,0.0589108],
        [1410.74,2.35344,1433.75]
      ],
      "type": "Sphere"
    },
    "area_22": {
      "objLayer": 0,
      "props": {
        "forceReplication": true
      },
      "tm": [
        [0.974627,0.0,-0.223835],
        [0.0,1.0,0.0],
        [0.223835,0.0,0.974627],
        [1437.77,14.4769,1473.04]
      ],
      "type": "Sphere"
    },
    "area_23": {
      "objLayer": 0,
      "props": {
        "forceReplication": true
      },
      "tm": [
        [-0.683055,0.0,-0.730365],
        [0.0,1.0,0.0],
        [0.730365,0.0,-0.683055],
        [1464.95,13.2105,1481.21]
      ],
      "type": "Sphere"
    },
    "area_24": {
      "objLayer": 0,
      "props": {
        "forceReplication": true
      },
      "tm": [
        [-0.822456,0.0,-0.568826],
        [0.0,1.0,0.0],
        [0.568826,0.0,-0.822456],
        [1507.05,11.951,1484.12]
      ],
      "type": "Sphere"
    },
    "area_25": {
      "objLayer": 0,
      "props": {
        "forceReplication": true
      },
      "tm": [
        [0.978606,0.0,-0.205738],
        [0.0,1.0,0.0],
        [0.205738,0.0,0.978606],
        [1593.75,11.7,1508.95]
      ],
      "type": "Sphere"
    },
    "area_26": {
      "objLayer": 0,
      "props": {
        "forceReplication": true
      },
      "tm": [
        [-0.128354,0.0,-0.991727],
        [0.0,1.0,0.0],
        [0.991727,0.0,-0.128354],
        [1634.05,12.5,1478.4]
      ],
      "type": "Sphere"
    },
    "area_27": {
      "objLayer": 0,
      "props": {
        "forceReplication": true
      },
      "tm": [
        [0.425747,0.0,-0.904841],
        [0.0,1.0,0.0],
        [0.904841,0.0,0.425747],
        [1686.9,1.25,1439.0]
      ],
      "type": "Sphere"
    },
    "area_28": {
      "objLayer": 0,
      "props": {
        "forceReplication": true
      },
      "tm": [
        [-0.631787,0.0,-0.775141],
        [0.0,1.0,0.0],
        [0.775141,0.0,-0.631787],
        [1717.25,1.3,1370.1]
      ],
      "type": "Sphere"
    },
    "area_29": {
      "objLayer": 0,
      "props": {
        "forceReplication": true
      },
      "tm": [
        [-0.274731,0.0,0.96152],
        [0.0,1.0,0.0],
        [-0.96152,0.0,-0.274731],
        [1644.25,1.3,1318.3]
      ],
      "type": "Sphere"
    },
    "area_30": {
      "objLayer": 0,
      "props": {
        "forceReplication": true
      },
      "tm": [
        [-0.137271,0.0,0.990532],
        [0.0,1.0,0.0],
        [-0.990532,0.0,-0.137271],
        [1625.6,0.95,1243.5]
      ],
      "type": "Sphere"
    },
    "area_31": {
      "objLayer": 0,
      "props": {
        "forceReplication": true
      },
      "tm": [
        [-0.937373,0.0,-0.348322],
        [0.0,1.0,0.0],
        [0.348322,0.0,-0.937373],
        [1631.0,2.45,1168.3]
      ],
      "type": "Sphere"
    },
    "area_32": {
      "objLayer": 0,
      "props": {
        "forceReplication": true
      },
      "tm": [
        [-0.923297,0.0,0.384084],
        [0.0,1.0,0.0],
        [-0.384084,0.0,-0.923297],
        [1592.55,3.7,1099.6]
      ],
      "type": "Sphere"
    },
    "area_33": {
      "objLayer": 0,
      "props": {
        "forceReplication": true
      },
      "tm": [
        [-0.526845,0.0,-0.84996],
        [0.0,1.0,0.0],
        [0.84996,0.0,-0.526845],
        [1639.0,3.7,1063.45]
      ],
      "type": "Sphere"
    },
    "area_34": {
      "objLayer": 0,
      "props": {
        "forceReplication": true
      },
      "tm": [
        [-0.526845,0.0,-0.84996],
        [0.0,1.0,0.0],
        [0.84996,0.0,-0.526845],
        [1613.15,3.75,1001.0]
      ],
      "type": "Sphere"
    },
    "area_35": {
      "objLayer": 0,
      "props": {
        "forceReplication": true
      },
      "tm": [
        [0.117217,0.0,0.993105],
        [0.0,1.0,0.0],
        [-0.993105,0.0,0.117217],
        [1558.6,3.75,995.05]
      ],
      "type": "Sphere"
    },
    "area_36": {
      "objLayer": 0,
      "props": {
        "forceReplication": true
      },
      "tm": [
        [0.358239,0.0,-0.933628],
        [0.0,1.0,0.0],
        [0.933628,0.0,0.358239],
        [1595.8,2.2,952.05]
      ],
      "type": "Sphere"
    },
    "area_37": {
      "objLayer": 0,
      "props": {
        "forceReplication": true
      },
      "tm": [
        [0.358239,0.0,-0.933628],
        [0.0,1.0,0.0],
        [0.933628,0.0,0.358239],
        [1628.9,1.4,892.85]
      ],
      "type": "Sphere"
    },
    "area_38": {
      "objLayer": 0,
      "props": {
        "forceReplication": true
      },
      "tm": [
        [0.746575,0.0,0.665299],
        [0.0,1.0,0.0],
        [-0.665299,0.0,0.746575],
        [1537.25,2.9,799.7]
      ],
      "type": "Sphere"
    },
    "area_39": {
      "objLayer": 0,
      "props": {
        "forceReplication": true
      },
      "tm": [
        [0.346121,0.0,0.938188],
        [0.0,1.0,0.0],
        [-0.938188,0.0,0.346121],
        [1506.4,8.25,740.2]
      ],
      "type": "Sphere"
    },
    "area_40": {
      "objLayer": 0,
      "props": {
        "forceReplication": true
      },
      "tm": [
        [-0.0836774,0.0,0.996491],
        [0.0,1.0,0.0],
        [-0.996491,0.0,-0.0836774],
        [1447.55,14.75,683.7]
      ],
      "type": "Sphere"
    },
    "area_41": {
      "objLayer": 0,
      "props": {
        "forceReplication": true
      },
      "tm": [
        [-0.88069,0.0,-0.47369],
        [0.0,1.0,0.0],
        [0.47369,0.0,-0.88069],
        [1515.52,13.6619,617.488]
      ],
      "type": "Sphere"
    },
    "maparea": {
      "objLayer": 0,
      "props": {},
      "tm": [
        [1200.0,0.0,0.0],
        [0.0,100.0,0.0],
        [0.0,0.0,1200.0],
        [1427.16,-7.62939e-06,1058.98]
      ],
      "type": "Box"
    },
    "notree_07": {
      "objLayer": 0,
      "props": {},
      "tm": [
        [10.0,0.0,0.0],
        [0.0,5.0,0.0],
        [0.0,0.0,10.0],
        [1199.93,2.54614,779.389]
      ],
      "type": "Box"
    },
    "notree_10": {
      "objLayer": 0,
      "props": {},
      "tm": [
        [10.0,0.0,0.0],
        [0.0,5.0,0.0],
        [0.0,0.0,10.0],
        [1209.23,2.54614,793.551]
      ],
      "type": "Box"
    },
    "notree_13": {
      "objLayer": 0,
      "props": {},
      "tm": [
        [10.0,0.0,0.0],
        [0.0,5.0,0.0],
        [0.0,0.0,10.0],
        [1195.85,1.40807,805.506]
      ],
      "type": "Box"
    },
    "notree_16": {
      "objLayer": 0,
      "props": {},
      "tm": [
        [10.0,0.0,0.0],
        [0.0,5.0,0.0],
        [0.0,0.0,10.0],
        [1196.0,1.40807,836.038]
      ],
      "type": "Box"
    },
    "notree_20": {
      "objLayer": 0,
      "props": {},
      "tm": [
        [10.0,0.0,0.0],
        [0.0,5.0,0.0],
        [0.0,0.0,10.0],
        [1192.94,1.40807,849.858]
      ],
      "type": "Box"
    },
    "notree_23": {
      "objLayer": 0,
      "props": {},
      "tm": [
        [10.0,0.0,0.0],
        [0.0,5.0,0.0],
        [0.0,0.0,10.0],
        [1177.25,1.40807,877.852]
      ],
      "type": "Box"
    },
    "notree_26": {
      "objLayer": 0,
      "props": {},
      "tm": [
        [10.0,0.0,0.0],
        [0.0,5.0,0.0],
        [0.0,0.0,10.0],
        [1156.16,1.40807,885.189]
      ],
      "type": "Box"
    },
    "notree_29": {
      "objLayer": 0,
      "props": {},
      "tm": [
        [10.0,0.0,0.0],
        [0.0,5.0,0.0],
        [0.0,0.0,10.0],
        [1176.61,1.40807,928.469]
      ],
      "type": "Box"
    },
    "notree_32": {
      "objLayer": 0,
      "props": {},
      "tm": [
        [10.0,0.0,0.0],
        [0.0,5.0,0.0],
        [0.0,0.0,10.0],
        [1182.68,1.40807,955.776]
      ],
      "type": "Box"
    },
    "notree_35": {
      "objLayer": 0,
      "props": {},
      "tm": [
        [10.0,0.0,0.0],
        [0.0,5.0,0.0],
        [0.0,0.0,10.0],
        [1185.75,1.40807,962.079]
      ],
      "type": "Box"
    },
    "notree_38": {
      "objLayer": 0,
      "props": {},
      "tm": [
        [10.0,0.0,0.0],
        [0.0,5.0,0.0],
        [0.0,0.0,10.0],
        [1194.2,1.40807,959.652]
      ],
      "type": "Box"
    },
    "notree_39": {
      "objLayer": 0,
      "props": {},
      "tm": [
        [10.0,0.0,0.0],
        [0.0,5.0,0.0],
        [0.0,0.0,10.0],
        [1227.15,1.40805,709.616]
      ],
      "type": "Box"
    },
    "notree_41": {
      "objLayer": 0,
      "props": {},
      "tm": [
        [10.0,0.0,0.0],
        [0.0,5.0,0.0],
        [0.0,0.0,10.0],
        [1193.09,1.40807,950.421]
      ],
      "type": "Box"
    },
    "notree_44": {
      "objLayer": 0,
      "props": {},
      "tm": [
        [10.0,0.0,0.0],
        [0.0,5.0,0.0],
        [0.0,0.0,10.0],
        [1185.99,1.40807,946.285]
      ],
      "type": "Box"
    },
    "notree_45": {
      "objLayer": 0,
      "props": {},
      "tm": [
        [10.0,0.0,0.0],
        [0.0,5.0,0.0],
        [0.0,0.0,10.0],
        [1187.4,1.40807,993.248]
      ],
      "type": "Box"
    },
    "notree_47": {
      "objLayer": 0,
      "props": {},
      "tm": [
        [10.0,0.0,0.0],
        [0.0,5.0,0.0],
        [0.0,0.0,10.0],
        [1184.36,1.40807,939.253]
      ],
      "type": "Box"
    },
    "notree_48": {
      "objLayer": 0,
      "props": {},
      "tm": [
        [10.0,0.0,0.0],
        [0.0,5.0,0.0],
        [0.0,0.0,10.0],
        [1227.07,1.40805,700.401]
      ],
      "type": "Box"
    },
    "notree_51": {
      "objLayer": 0,
      "props": {},
      "tm": [
        [10.0,0.0,0.0],
        [0.0,5.0,0.0],
        [0.0,0.0,10.0],
        [1221.41,1.40805,699.942]
      ],
      "type": "Box"
    },
    "notree_54": {
      "objLayer": 0,
      "props": {},
      "tm": [
        [10.0,0.0,0.0],
        [0.0,5.0,0.0],
        [0.0,0.0,10.0],
        [1228.1,1.40805,692.427]
      ],
      "type": "Box"
    },
    "notree_56": {
      "objLayer": 0,
      "props": {},
      "tm": [
        [10.0,0.0,0.0],
        [0.0,5.0,0.0],
        [0.0,0.0,10.0],
        [1189.0,1.40807,999.001]
      ],
      "type": "Box"
    },
    "notree_59": {
      "objLayer": 0,
      "props": {},
      "tm": [
        [10.0,0.0,0.0],
        [0.0,5.0,0.0],
        [0.0,0.0,10.0],
        [1189.75,1.40807,1007.43]
      ],
      "type": "Box"
    },
    "notree_61": {
      "objLayer": 0,
      "props": {},
      "tm": [
        [10.0,0.0,0.0],
        [0.0,5.0,0.0],
        [0.0,0.0,10.0],
        [1501.1,13.6933,604.266]
      ],
      "type": "Box"
    },
    "notree_62": {
      "objLayer": 0,
      "props": {},
      "tm": [
        [10.0,0.0,0.0],
        [0.0,5.0,0.0],
        [0.0,0.0,10.0],
        [1188.63,1.40807,1039.06]
      ],
      "type": "Box"
    },
    "notree_65": {
      "objLayer": 0,
      "props": {},
      "tm": [
        [10.0,0.0,0.0],
        [0.0,5.0,0.0],
        [0.0,0.0,10.0],
        [1187.4,1.40807,1045.27]
      ],
      "type": "Box"
    },
    "notree_68": {
      "objLayer": 0,
      "props": {},
      "tm": [
        [10.0,0.0,0.0],
        [0.0,5.0,0.0],
        [0.0,0.0,10.0],
        [1207.26,1.40807,1085.67]
      ],
      "type": "Box"
    },
    "notree_70": {
      "objLayer": 0,
      "props": {},
      "tm": [
        [10.0,0.0,0.0],
        [0.0,5.0,0.0],
        [0.0,0.0,10.0],
        [1492.14,13.6933,604.804]
      ],
      "type": "Box"
    },
    "notree_71": {
      "objLayer": 0,
      "props": {},
      "tm": [
        [10.0,0.0,0.0],
        [0.0,5.0,0.0],
        [0.0,0.0,10.0],
        [1214.29,1.40807,1081.86]
      ],
      "type": "Box"
    },
    "notree_74": {
      "objLayer": 0,
      "props": {},
      "tm": [
        [10.0,0.0,0.0],
        [0.0,5.0,0.0],
        [0.0,0.0,10.0],
        [1216.51,1.40807,1089.14]
      ],
      "type": "Box"
    },
    "notree_77": {
      "objLayer": 0,
      "props": {},
      "tm": [
        [10.0,0.0,0.0],
        [0.0,5.0,0.0],
        [0.0,0.0,10.0],
        [1208.17,1.40807,1092.61]
      ],
      "type": "Box"
    },
    "notree_79": {
      "objLayer": 0,
      "props": {},
      "tm": [
        [10.0,0.0,0.0],
        [0.0,5.0,0.0],
        [0.0,0.0,10.0],
        [1493.24,13.6933,595.954]
      ],
      "type": "Box"
    },
    "notree_82": {
      "objLayer": 0,
      "props": {},
      "tm": [
        [10.0,0.0,0.0],
        [0.0,5.0,0.0],
        [0.0,0.0,10.0],
        [1492.14,13.6933,591.615]
      ],
      "type": "Box"
    },
    "notree_85": {
      "objLayer": 0,
      "props": {},
      "tm": [
        [10.0,0.0,0.0],
        [0.0,5.0,0.0],
        [0.0,0.0,10.0],
        [1485.16,13.6933,597.776]
      ],
      "type": "Box"
    },
    "notree_88": {
      "objLayer": 0,
      "props": {},
      "tm": [
        [10.0,0.0,0.0],
        [0.0,5.0,0.0],
        [0.0,0.0,10.0],
        [1480.32,13.6933,595.016]
      ],
      "type": "Box"
    },
    "notree_91": {
      "objLayer": 0,
      "props": {},
      "tm": [
        [10.0,0.0,0.0],
        [0.0,5.0,0.0],
        [0.0,0.0,10.0],
        [1484.94,13.6933,591.818]
      ],
      "type": "Box"
    },
    "race_wp2_01": {
      "objLayer": 0,
      "props": {
        "forceReplication": true
      },
      "tm": [
        [30.0,0.0,0.0],
        [0.0,30.0,0.0],
        [0.0,0.0,30.0],
        [1552.35,13.8947,631.75]
      ],
      "type": "Sphere"
    },
    "race_wp2_02": {
      "objLayer": 0,
      "props": {
        "forceReplication": true
      },
      "tm": [
        [30.0,0.0,0.0],
        [0.0,30.0,0.0],
        [0.0,0.0,30.0],
        [1472.3,14.25,598.9]
      ],
      "type": "Sphere"
    },
    "race_wp2_03": {
      "objLayer": 0,
      "props": {
        "forceReplication": true
      },
      "tm": [
        [30.0,0.0,0.0],
        [0.0,30.0,0.0],
        [0.0,0.0,30.0],
        [1402.4,14.2,571.1]
      ],
      "type": "Sphere"
    },
    "race_wp2_04": {
      "objLayer": 0,
      "props": {
        "forceReplication": true
      },
      "tm": [
        [30.0,0.0,0.0],
        [0.0,30.0,0.0],
        [0.0,0.0,30.0],
        [1283.75,14.45,594.1]
      ],
      "type": "Sphere"
    },
    "race_wp2_05": {
      "objLayer": 0,
      "props": {
        "forceReplication": true
      },
      "tm": [
        [30.0,0.0,0.0],
        [0.0,30.0,0.0],
        [0.0,0.0,30.0],
        [1234.25,10.36,625.35]
      ],
      "type": "Sphere"
    },
    "race_wp2_06": {
      "objLayer": 0,
      "props": {
        "forceReplication": true
      },
      "tm": [
        [30.0,0.0,0.0],
        [0.0,30.0,0.0],
        [0.0,0.0,30.0],
        [1216.53,2.51508,718.257]
      ],
      "type": "Sphere"
    },
    "race_wp2_07": {
      "objLayer": 0,
      "props": {
        "forceReplication": true
      },
      "tm": [
        [30.0,0.0,0.0],
        [0.0,30.0,0.0],
        [0.0,0.0,30.0],
        [1205.24,2.16586,786.045]
      ],
      "type": "Sphere"
    },
    "race_wp2_08": {
      "objLayer": 0,
      "props": {
        "forceReplication": true
      },
      "tm": [
        [30.0,0.0,0.0],
        [0.0,30.0,0.0],
        [0.0,0.0,30.0],
        [1187.84,1.85195,845.251]
      ],
      "type": "Sphere"
    },
    "race_wp2_09": {
      "objLayer": 0,
      "props": {
        "forceReplication": true
      },
      "tm": [
        [30.0,0.0,0.0],
        [0.0,30.0,0.0],
        [0.0,0.0,30.0],
        [1184.71,3.08218,970.722]
      ],
      "type": "Sphere"
    },
    "race_wp2_10": {
      "objLayer": 0,
      "props": {
        "forceReplication": true
      },
      "tm": [
        [30.0,0.0,0.0],
        [0.0,30.0,0.0],
        [0.0,0.0,30.0],
        [1224.65,6.81631,1133.55]
      ],
      "type": "Sphere"
    },
    "race_wp2_11": {
      "objLayer": 0,
      "props": {
        "forceReplication": true
      },
      "tm": [
        [30.0,0.0,0.0],
        [0.0,30.0,0.0],
        [0.0,0.0,30.0],
        [1234.2,7.2,1181.3]
      ],
      "type": "Sphere"
    },
    "race_wp2_12": {
      "objLayer": 0,
      "props": {
        "forceReplication": true
      },
      "tm": [
        [30.0,0.0,0.0],
        [0.0,30.0,0.0],
        [0.0,0.0,30.0],
        [1280.85,4.59074,1272.8]
      ],
      "type": "Sphere"
    },
    "race_wp2_13": {
      "objLayer": 0,
      "props": {
        "forceReplication": true
      },
      "tm": [
        [30.0,0.0,0.0],
        [0.0,30.0,0.0],
        [0.0,0.0,30.0],
        [1288.6,3.49532,1325.35]
      ],
      "type": "Sphere"
    },
    "race_wp2_14": {
      "objLayer": 0,
      "props": {
        "forceReplication": true
      },
      "tm": [
        [30.0,0.0,0.0],
        [0.0,30.0,0.0],
        [0.0,0.0,30.0],
        [1306.6,3.36215,1358.7]
      ],
      "type": "Sphere"
    },
    "race_wp2_15": {
      "objLayer": 0,
      "props": {
        "forceReplication": true
      },
      "tm": [
        [30.0,0.0,0.0],
        [0.0,30.0,0.0],
        [0.0,0.0,30.0],
        [1372.7,5.54512,1404.7]
      ],
      "type": "Sphere"
    },
    "race_wp2_16": {
      "objLayer": 0,
      "props": {
        "forceReplication": true
      },
      "tm": [
        [30.0,0.0,0.0],
        [0.0,30.0,0.0],
        [0.0,0.0,30.0],
        [1399.8,2.56127,1426.6]
      ],
      "type": "Sphere"
    },
    "race_wp2_17": {
      "objLayer": 0,
      "props": {
        "forceReplication": true
      },
      "tm": [
        [30.0,0.0,0.0],
        [0.0,30.0,0.0],
        [0.0,0.0,30.0],
        [1452.65,12.9735,1470.45]
      ],
      "type": "Sphere"
    },
    "race_wp2_19": {
      "objLayer": 0,
      "props": {
        "forceReplication": true
      },
      "tm": [
        [30.0,0.0,0.0],
        [0.0,30.0,0.0],
        [0.0,0.0,30.0],
        [1516.9,12.4,1492.9]
      ],
      "type": "Sphere"
    },
    "race_wp2_20": {
      "objLayer": 0,
      "props": {
        "forceReplication": true
      },
      "tm": [
        [30.0,0.0,0.0],
        [0.0,30.0,0.0],
        [0.0,0.0,30.0],
        [1572.1,12.3531,1499.75]
      ],
      "type": "Sphere"
    },
    "race_wp2_21": {
      "objLayer": 0,
      "props": {
        "forceReplication": true
      },
      "tm": [
        [30.0,0.0,0.0],
        [0.0,30.0,0.0],
        [0.0,0.0,30.0],
        [1618.35,13.05,1481.55]
      ],
      "type": "Sphere"
    },
    "race_wp2_22": {
      "objLayer": 0,
      "props": {
        "forceReplication": true
      },
      "tm": [
        [30.0,0.0,0.0],
        [0.0,30.0,0.0],
        [0.0,0.0,30.0],
        [1676.4,1.78596,1434.35]
      ],
      "type": "Sphere"
    },
    "race_wp2_24": {
      "objLayer": 0,
      "props": {
        "forceReplication": true
      },
      "tm": [
        [30.0,0.0,0.0],
        [0.0,30.0,0.0],
        [0.0,0.0,30.0],
        [1662.3,1.85,1324.5]
      ],
      "type": "Sphere"
    },
    "race_wp2_26": {
      "objLayer": 0,
      "props": {
        "forceReplication": true
      },
      "tm": [
        [30.0,0.0,0.0],
        [0.0,30.0,0.0],
        [0.0,0.0,30.0],
        [1637.2,1.25,1232.75]
      ],
      "type": "Sphere"
    },
    "race_wp2_28": {
      "objLayer": 0,
      "props": {
        "forceReplication": true
      },
      "tm": [
        [30.0,0.0,0.0],
        [0.0,30.0,0.0],
        [0.0,0.0,30.0],
        [1603.35,4.25,1105.25]
      ],
      "type": "Sphere"
    },
    "race_wp2_29": {
      "objLayer": 0,
      "props": {
        "forceReplication": true
      },
      "tm": [
        [30.0,0.0,0.0],
        [0.0,30.0,0.0],
        [0.0,0.0,30.0],
        [1618.05,4.25,1060.55]
      ],
      "type": "Sphere"
    },
    "race_wp2_30": {
      "objLayer": 0,
      "props": {
        "forceReplication": true
      },
      "tm": [
        [30.0,0.0,0.0],
        [0.0,30.0,0.0],
        [0.0,0.0,30.0],
        [1596.05,4.25,1009.75]
      ],
      "type": "Sphere"
    },
    "race_wp2_31": {
      "objLayer": 0,
      "props": {
        "forceReplication": true
      },
      "tm": [
        [30.0,0.0,0.0],
        [0.0,30.0,0.0],
        [0.0,0.0,30.0],
        [1570.35,4.25,979.75]
      ],
      "type": "Sphere"
    },
    "race_wp2_33": {
      "objLayer": 0,
      "props": {
        "forceReplication": true
      },
      "tm": [
        [30.0,0.0,0.0],
        [0.0,30.0,0.0],
        [0.0,0.0,30.0],
        [1611.3,1.5,896.9]
      ],
      "type": "Sphere"
    },
    "race_wp2_35": {
      "objLayer": 0,
      "props": {
        "forceReplication": true
      },
      "tm": [
        [30.0,0.0,0.0],
        [0.0,30.0,0.0],
        [0.0,0.0,30.0],
        [1567.4,1.95,775.6]
      ],
      "type": "Sphere"
    },
    "race_wp_001": {
      "objLayer": 0,
      "props": {
        "forceReplication": true
      },
      "tm": [
        [30.0,0.0,0.0],
        [0.0,30.0,0.0],
        [0.0,0.0,30.0],
        [1552.45,13.9,632.2]
      ],
      "type": "Sphere"
    },
    "race_wp_002": {
      "objLayer": 0,
      "props": {
        "forceReplication": true
      },
      "tm": [
        [30.0,0.0,0.0],
        [0.0,30.0,0.0],
        [0.0,0.0,30.0],
        [1472.3,14.25,598.9]
      ],
      "type": "Sphere"
    },
    "race_wp_003": {
      "objLayer": 0,
      "props": {
        "forceReplication": true
      },
      "tm": [
        [30.0,0.0,0.0],
        [0.0,30.0,0.0],
        [0.0,0.0,30.0],
        [1402.4,14.2,571.1]
      ],
      "type": "Sphere"
    },
    "race_wp_004": {
      "objLayer": 0,
      "props": {
        "forceReplication": true
      },
      "tm": [
        [30.0,0.0,0.0],
        [0.0,30.0,0.0],
        [0.0,0.0,30.0],
        [1283.75,14.45,594.1]
      ],
      "type": "Sphere"
    },
    "race_wp_005": {
      "objLayer": 0,
      "props": {
        "forceReplication": true
      },
      "tm": [
        [30.0,0.0,0.0],
        [0.0,30.0,0.0],
        [0.0,0.0,30.0],
        [1234.25,10.36,625.35]
      ],
      "type": "Sphere"
    },
    "race_wp_006": {
      "objLayer": 0,
      "props": {
        "forceReplication": true
      },
      "tm": [
        [30.0,0.0,0.0],
        [0.0,30.0,0.0],
        [0.0,0.0,30.0],
        [1227.75,3.25,736.3]
      ],
      "type": "Sphere"
    },
    "race_wp_007": {
      "objLayer": 0,
      "props": {
        "forceReplication": true
      },
      "tm": [
        [30.0,0.0,0.0],
        [0.0,30.0,0.0],
        [0.0,0.0,30.0],
        [1240.05,5.29,781.55]
      ],
      "type": "Sphere"
    },
    "race_wp_008": {
      "objLayer": 0,
      "props": {
        "forceReplication": true
      },
      "tm": [
        [30.0,0.0,0.0],
        [0.0,30.0,0.0],
        [0.0,0.0,30.0],
        [1232.85,3.4,865.8]
      ],
      "type": "Sphere"
    },
    "race_wp_009": {
      "objLayer": 0,
      "props": {
        "forceReplication": true
      },
      "tm": [
        [30.0,0.0,0.0],
        [0.0,30.0,0.0],
        [0.0,0.0,30.0],
        [1236.8,2.5,1004.0]
      ],
      "type": "Sphere"
    },
    "race_wp_010": {
      "objLayer": 0,
      "props": {
        "forceReplication": true
      },
      "tm": [
        [30.0,0.0,0.0],
        [0.0,30.0,0.0],
        [0.0,0.0,30.0],
        [1224.65,6.81631,1133.55]
      ],
      "type": "Sphere"
    },
    "race_wp_011": {
      "objLayer": 0,
      "props": {
        "forceReplication": true
      },
      "tm": [
        [30.0,0.0,0.0],
        [0.0,30.0,0.0],
        [0.0,0.0,30.0],
        [1234.2,7.2,1181.3]
      ],
      "type": "Sphere"
    },
    "race_wp_012": {
      "objLayer": 0,
      "props": {
        "forceReplication": true
      },
      "tm": [
        [30.0,0.0,0.0],
        [0.0,30.0,0.0],
        [0.0,0.0,30.0],
        [1280.85,4.59074,1272.8]
      ],
      "type": "Sphere"
    },
    "race_wp_013": {
      "objLayer": 0,
      "props": {
        "forceReplication": true
      },
      "tm": [
        [30.0,0.0,0.0],
        [0.0,30.0,0.0],
        [0.0,0.0,30.0],
        [1288.6,3.49532,1325.35]
      ],
      "type": "Sphere"
    },
    "race_wp_014": {
      "objLayer": 0,
      "props": {
        "forceReplication": true
      },
      "tm": [
        [30.0,0.0,0.0],
        [0.0,30.0,0.0],
        [0.0,0.0,30.0],
        [1306.6,3.36215,1358.7]
      ],
      "type": "Sphere"
    },
    "race_wp_015": {
      "objLayer": 0,
      "props": {
        "forceReplication": true
      },
      "tm": [
        [30.0,0.0,0.0],
        [0.0,30.0,0.0],
        [0.0,0.0,30.0],
        [1372.7,5.54512,1404.7]
      ],
      "type": "Sphere"
    },
    "race_wp_016": {
      "objLayer": 0,
      "props": {
        "forceReplication": true
      },
      "tm": [
        [30.0,0.0,0.0],
        [0.0,30.0,0.0],
        [0.0,0.0,30.0],
        [1399.8,2.56127,1426.6]
      ],
      "type": "Sphere"
    },
    "race_wp_017": {
      "objLayer": 0,
      "props": {
        "forceReplication": true
      },
      "tm": [
        [30.0,0.0,0.0],
        [0.0,30.0,0.0],
        [0.0,0.0,30.0],
        [1452.65,12.9735,1470.45]
      ],
      "type": "Sphere"
    },
    "race_wp_019": {
      "objLayer": 0,
      "props": {
        "forceReplication": true
      },
      "tm": [
        [30.0,0.0,0.0],
        [0.0,30.0,0.0],
        [0.0,0.0,30.0],
        [1516.9,12.4,1492.9]
      ],
      "type": "Sphere"
    },
    "race_wp_020": {
      "objLayer": 0,
      "props": {
        "forceReplication": true
      },
      "tm": [
        [30.0,0.0,0.0],
        [0.0,30.0,0.0],
        [0.0,0.0,30.0],
        [1572.1,12.3531,1499.75]
      ],
      "type": "Sphere"
    },
    "race_wp_021": {
      "objLayer": 0,
      "props": {
        "forceReplication": true
      },
      "tm": [
        [30.0,0.0,0.0],
        [0.0,30.0,0.0],
        [0.0,0.0,30.0],
        [1618.35,13.05,1481.55]
      ],
      "type": "Sphere"
    },
    "race_wp_022": {
      "objLayer": 0,
      "props": {
        "forceReplication": true
      },
      "tm": [
        [30.0,0.0,0.0],
        [0.0,30.0,0.0],
        [0.0,0.0,30.0],
        [1676.4,1.78596,1434.35]
      ],
      "type": "Sphere"
    },
    "race_wp_024": {
      "objLayer": 0,
      "props": {
        "forceReplication": true
      },
      "tm": [
        [30.0,0.0,0.0],
        [0.0,30.0,0.0],
        [0.0,0.0,30.0],
        [1662.3,1.85,1324.5]
      ],
      "type": "Sphere"
    },
    "race_wp_026": {
      "objLayer": 0,
      "props": {
        "forceReplication": true
      },
      "tm": [
        [30.0,0.0,0.0],
        [0.0,30.0,0.0],
        [0.0,0.0,30.0],
        [1637.2,1.25,1232.75]
      ],
      "type": "Sphere"
    },
    "race_wp_028": {
      "objLayer": 0,
      "props": {
        "forceReplication": true
      },
      "tm": [
        [30.0,0.0,0.0],
        [0.0,30.0,0.0],
        [0.0,0.0,30.0],
        [1603.35,4.25,1105.25]
      ],
      "type": "Sphere"
    },
    "race_wp_029": {
      "objLayer": 0,
      "props": {
        "forceReplication": true
      },
      "tm": [
        [30.0,0.0,0.0],
        [0.0,30.0,0.0],
        [0.0,0.0,30.0],
        [1618.05,4.25,1060.55]
      ],
      "type": "Sphere"
    },
    "race_wp_030": {
      "objLayer": 0,
      "props": {
        "forceReplication": true
      },
      "tm": [
        [30.0,0.0,0.0],
        [0.0,30.0,0.0],
        [0.0,0.0,30.0],
        [1596.05,4.25,1009.75]
      ],
      "type": "Sphere"
    },
    "race_wp_031": {
      "objLayer": 0,
      "props": {
        "forceReplication": true
      },
      "tm": [
        [30.0,0.0,0.0],
        [0.0,30.0,0.0],
        [0.0,0.0,30.0],
        [1570.35,4.25,979.75]
      ],
      "type": "Sphere"
    },
    "race_wp_033": {
      "objLayer": 0,
      "props": {
        "forceReplication": true
      },
      "tm": [
        [30.0,0.0,0.0],
        [0.0,30.0,0.0],
        [0.0,0.0,30.0],
        [1611.3,1.5,896.9]
      ],
      "type": "Sphere"
    },
    "race_wp_035": {
      "objLayer": 0,
      "props": {
        "forceReplication": true
      },
      "tm": [
        [30.0,0.0,0.0],
        [0.0,30.0,0.0],
        [0.0,0.0,30.0],
        [1567.4,1.95,775.6]
      ],
      "type": "Sphere"
    },
    "race_wp_036": {
      "objLayer": 0,
      "props": {
        "forceReplication": true
      },
      "tm": [
        [30.0,0.0,0.0],
        [0.0,30.0,0.0],
        [0.0,0.0,30.0],
        [1539.3,3.65,735.2]
      ],
      "type": "Sphere"
    },
    "race_wp_037": {
      "objLayer": 0,
      "props": {
        "forceReplication": true
      },
      "tm": [
        [30.0,0.0,0.0],
        [0.0,30.0,0.0],
        [0.0,0.0,30.0],
        [1469.55,14.6,680.15]
      ],
      "type": "Sphere"
    },
    "race_wp_38": {
      "objLayer": 0,
      "props": {
        "forceReplication": true
      },
      "tm": [
        [30.0,0.0,0.0],
        [0.0,30.0,0.0],
        [0.0,0.0,30.0],
        [1551.7,14.6,632.05]
      ],
      "type": "Sphere"
    },
    "spawn01": {
      "objLayer": 0,
      "props": {
        "forceReplication": true
      },
      "tm": [
        [-9.76296,0.0,-2.1644],
        [0.0,10.0,0.0],
        [2.1644,0.0,-9.76296],
        [1606.65,25.55,640.0]
      ],
      "type": "Sphere"
    },
    "spawn02": {
      "objLayer": 0,
      "props": {
        "forceReplication": true
      },
      "tm": [
        [-8.43391,0.0,-5.373],
        [0.0,10.0,0.0],
        [5.373,0.0,-8.43391],
        [1597.25,25.55,663.2]
      ],
      "type": "Sphere"
    },
    "spawn03": {
      "objLayer": 0,
      "props": {
        "forceReplication": true
      },
      "tm": [
        [-9.39692,0.0,-3.42021],
        [0.0,10.0,0.0],
        [3.42021,0.0,-9.39692],
        [1602.95,25.15,651.8]
      ],
      "type": "Sphere"
    },
    "spawn04": {
      "objLayer": 0,
      "props": {
        "forceReplication": true
      },
      "tm": [
        [-8.19152,0.0,-5.73577],
        [0.0,10.0,0.0],
        [5.73577,0.0,-8.19152],
        [1590.8,25.15,673.9]
      ],
      "type": "Sphere"
    },
    "spawn05": {
      "objLayer": 0,
      "props": {
        "forceReplication": true
      },
      "tm": [
        [-9.99048,0.0,0.436187],
        [0.0,10.0,0.0],
        [-0.436187,0.0,-9.99048],
        [1606.35,25.15,627.5]
      ],
      "type": "Sphere"
    },
    "spawn06": {
      "objLayer": 0,
      "props": {
        "forceReplication": true
      },
      "tm": [
        [-9.84808,0.0,1.73648],
        [0.0,10.0,0.0],
        [-1.73648,0.0,-9.84808],
        [1609.5,25.15,614.65]
      ],
      "type": "Sphere"
    },
    "spawn07": {
      "objLayer": 0,
      "props": {},
      "tm": [
        [-9.65926,0.0,2.58818],
        [0.0,10.0,0.0],
        [-2.58818,0.0,-9.65926],
        [1606.2,25.15,604.6]
      ],
      "type": "Sphere"
    },
    "spawn08": {
      "objLayer": 0,
      "props": {},
      "tm": [
        [-8.19152,0.0,-5.73577],
        [0.0,10.0,0.0],
        [5.73577,0.0,-8.19152],
        [1583.6,25.15,682.4]
      ],
      "type": "Sphere"
    },
    "spawn09": {
      "objLayer": 0,
      "props": {
        "forceReplication": true
      },
      "tm": [
        [-9.53717,0.0,3.00705],
        [0.0,10.0,0.0],
        [-3.00705,0.0,-9.53717],
        [1621.1,25.15,612.15]
      ],
      "type": "Sphere"
    },
    "spawn10": {
      "objLayer": 0,
      "props": {
        "forceReplication": true
      },
      "tm": [
        [-9.65926,0.0,-2.5882],
        [0.0,10.0,0.0],
        [2.5882,0.0,-9.65926],
        [1609.3,25.15,662.05]
      ],
      "type": "Sphere"
    },
    "spawn11": {
      "objLayer": 0,
      "props": {},
      "tm": [
        [-9.65926,0.0,-2.5882],
        [0.0,10.0,0.0],
        [2.5882,0.0,-9.65926],
        [1623.63,25.15,684.749]
      ],
      "type": "Sphere"
    },
    "spawn12": {
      "objLayer": 0,
      "props": {},
      "tm": [
        [-9.65926,0.0,-2.5882],
        [0.0,10.0,0.0],
        [2.5882,0.0,-9.65926],
        [1620.67,25.15,695.928]
      ],
      "type": "Sphere"
    },
    "spawn13": {
      "objLayer": 0,
      "props": {
        "forceReplication": true
      },
      "tm": [
        [-9.39693,0.0,-3.4202],
        [0.0,10.0,0.0],
        [3.4202,0.0,-9.39693],
        [1638.02,25.55,632.068]
      ],
      "type": "Sphere"
    },
    "spawn14": {
      "objLayer": 0,
      "props": {
        "forceReplication": true
      },
      "tm": [
        [-9.65926,0.0,-2.5882],
        [0.0,10.0,0.0],
        [2.5882,0.0,-9.65926],
        [1632.71,25.15,652.207]
      ],
      "type": "Sphere"
    },
    "spawn15": {
      "objLayer": 0,
      "props": {
        "forceReplication": true
      },
      "tm": [
        [-9.39693,0.0,-3.4202],
        [0.0,10.0,0.0],
        [3.4202,0.0,-9.39693],
        [1640.35,25.55,622.7]
      ],
      "type": "Sphere"
    },
    "spawn16": {
      "objLayer": 0,
      "props": {
        "forceReplication": true
      },
      "tm": [
        [-9.65926,0.0,-2.5882],
        [0.0,10.0,0.0],
        [2.5882,0.0,-9.65926],
        [1629.55,25.15,662.398]
      ],
      "type": "Sphere"
    },
    "spawn17": {
      "objLayer": 0,
      "props": {
        "forceReplication": true
      },
      "tm": [
        [-9.39693,0.0,-3.4202],
        [0.0,10.0,0.0],
        [3.4202,0.0,-9.39693],
        [1649.28,25.55,631.747]
      ],
      "type": "Sphere"
    },
    "spawn18": {
      "objLayer": 0,
      "props": {
        "forceReplication": true
      },
      "tm": [
        [-9.65926,0.0,-2.5882],
        [0.0,10.0,0.0],
        [2.5882,0.0,-9.65926],
        [1638.06,25.15,671.505]
      ],
      "type": "Sphere"
    },
    "spawn19": {
      "objLayer": 0,
      "props": {
        "forceReplication": true
      },
      "tm": [
        [-9.65926,0.0,-2.5882],
        [0.0,10.0,0.0],
        [2.5882,0.0,-9.65926],
        [1635.1,25.15,682.682]
      ],
      "type": "Sphere"
    },
    "spawn20": {
      "objLayer": 0,
      "props": {},
      "tm": [
        [-9.65926,0.0,-2.5882],
        [0.0,10.0,0.0],
        [2.5882,0.0,-9.65926],
        [1632.14,25.15,693.856]
      ],
      "type": "Sphere"
    },
    "spawn21": {
      "objLayer": 0,
      "props": {},
      "tm": [
        [-9.65926,0.0,-2.5882],
        [0.0,10.0,0.0],
        [2.5882,0.0,-9.65926],
        [1629.18,25.15,705.034]
      ],
      "type": "Sphere"
    },
    "spawn22": {
      "objLayer": 0,
      "props": {
        "forceReplication": true
      },
      "tm": [
        [-9.39693,0.0,-3.4202],
        [0.0,10.0,0.0],
        [3.4202,0.0,-9.39693],
        [1646.95,25.55,641.115]
      ],
