{
  "__viewPoints": {
    "viewpt_02": {
      "ht": 4.5152,
      "pos": [1488.4,23.3508,689.0]
    }
  },
  "airfields": {},
  "areas": {
    "briefing_spawn01": {
      "objLayer": 0,
      "props": {},
      "tm": [
        [1.0,0.0,0.0],
        [0.0,1.0,0.0],
        [0.0,0.0,1.0],
        [1219.8,1036.5,938.7]
      ],
      "type": "Point"
    },
    "briefing_spawn02": {
      "objLayer": 0,
      "props": {},
      "tm": [
        [1.0,0.0,0.0],
        [0.0,1.0,0.0],
        [0.0,0.0,1.0],
        [1114.95,1060.35,1511.8]
      ],
      "type": "Point"
    },
    "briefing_spawn03": {
      "objLayer": 0,
      "props": {},
      "tm": [
        [1.0,0.0,0.0],
        [0.0,1.0,0.0],
        [0.0,0.0,1.0],
        [1553.7,1037.4,1440.8]
      ],
      "type": "Point"
    },
    "briefing_spawn04": {
      "objLayer": 0,
      "props": {},
      "tm": [
        [1.0,0.0,0.0],
        [0.0,1.0,0.0],
        [0.0,0.0,1.0],
        [1244.25,1032.1,890.8]
      ],
      "type": "Point"
    },
    "briefing_spawn05": {
      "objLayer": 0,
      "props": {},
      "tm": [
        [1.0,0.0,0.0],
        [0.0,1.0,0.0],
        [0.0,0.0,1.0],
        [1467.8,1048.46,486.7]
      ],
      "type": "Point"
    },
    "briefing_spawn06": {
      "objLayer": 0,
      "props": {},
      "tm": [
        [1.0,0.0,0.0],
        [0.0,1.0,0.0],
        [0.0,0.0,1.0],
        [1102.25,1058.1,413.05]
      ],
      "type": "Point"
    },
    "briefing_spawn07": {
      "objLayer": 0,
      "props": {},
      "tm": [
        [1.0,0.0,0.0],
        [0.0,1.0,0.0],
        [0.0,0.0,1.0],
        [808.15,1027.95,517.45]
      ],
      "type": "Point"
    },
    "briefing_spawn08": {
      "objLayer": 0,
      "props": {},
      "tm": [
        [1.0,0.0,0.0],
        [0.0,1.0,0.0],
        [0.0,0.0,1.0],
        [632.7,1035.1,797.0]
      ],
      "type": "Point"
    },
    "briefing_spawn09": {
      "objLayer": 0,
      "props": {},
      "tm": [
        [1.0,0.0,0.0],
        [0.0,1.0,0.0],
        [0.0,0.0,1.0],
        [718.6,1034.95,1288.35]
      ],
      "type": "Point"
    },
    "pickupArea01": {
      "objLayer": 0,
      "props": {},
      "tm": [
        [1.0,0.0,0.0],
        [0.0,1.0,0.0],
        [0.0,0.0,1.0],
        [1601.3,3.675,1153.6]
      ],
      "type": "Point"
    },
    "pickupArea02": {
      "objLayer": 0,
      "props": {},
      "tm": [
        [1.0,0.0,0.0],
        [0.0,1.0,0.0],
        [0.0,0.0,1.0],
        [1677.98,2.95704,1034.67]
      ],
      "type": "Point"
    },
    "pickupArea03": {
      "objLayer": 0,
      "props": {},
      "tm": [
        [1.0,0.0,0.0],
        [0.0,1.0,0.0],
        [0.0,0.0,1.0],
        [1571.33,3.675,1011.6]
      ],
      "type": "Point"
    },
    "pickupArea04": {
      "objLayer": 0,
      "props": {},
      "tm": [
        [1.0,0.0,0.0],
        [0.0,1.0,0.0],
        [0.0,0.0,1.0],
        [1618.16,1.31892,881.213]
      ],
      "type": "Point"
    },
    "pickupArea05": {
      "objLayer": 0,
      "props": {},
      "tm": [
        [1.0,0.0,0.0],
        [0.0,1.0,0.0],
        [0.0,0.0,1.0],
        [1507.39,1.6436,1048.28]
      ],
      "type": "Point"
    },
    "pickupArea06": {
      "objLayer": 0,
      "props": {},
      "tm": [
        [1.0,0.0,0.0],
        [0.0,1.0,0.0],
        [0.0,0.0,1.0],
        [1644.97,1.24438,1311.26]
      ],
      "type": "Point"
    },
    "pickupArea07": {
      "objLayer": 0,
      "props": {},
      "tm": [
        [1.0,0.0,0.0],
        [0.0,1.0,0.0],
        [0.0,0.0,1.0],
        [1508.12,0.399208,1336.95]
      ],
      "type": "Point"
    },
    "pickupArea08": {
      "objLayer": 0,
      "props": {},
      "tm": [
        [1.0,0.0,0.0],
        [0.0,1.0,0.0],
        [0.0,0.0,1.0],
        [1208.25,1.89258,1339.7]
      ],
      "type": "Point"
    },
    "pickupArea09": {
      "objLayer": 0,
      "props": {},
      "tm": [
        [1.0,0.0,0.0],
        [0.0,1.0,0.0],
        [0.0,0.0,1.0],
        [1262.06,6.50069,1237.82]
      ],
      "type": "Point"
    },
    "pickupArea10": {
      "objLayer": 0,
      "props": {},
      "tm": [
        [1.0,0.0,0.0],
        [0.0,1.0,0.0],
        [0.0,0.0,1.0],
        [1181.37,3.0752,1209.98]
      ],
      "type": "Point"
    },
    "pickupArea11": {
      "objLayer": 0,
      "props": {},
      "tm": [
        [1.0,0.0,0.0],
        [0.0,1.0,0.0],
        [0.0,0.0,1.0],
        [1042.99,9.60091,1310.33]
      ],
      "type": "Point"
    },
    "pickupArea12": {
      "objLayer": 0,
      "props": {},
      "tm": [
        [1.0,0.0,0.0],
        [0.0,1.0,0.0],
        [0.0,0.0,1.0],
        [1062.83,17.7444,1154.61]
      ],
      "type": "Point"
    },
    "pickupArea13": {
      "objLayer": 0,
      "props": {},
      "tm": [
        [1.0,0.0,0.0],
        [0.0,1.0,0.0],
        [0.0,0.0,1.0],
        [1003.16,8.8734,1102.17]
      ],
      "type": "Point"
    },
    "pickupArea14": {
      "objLayer": 0,
      "props": {},
      "tm": [
        [1.0,0.0,0.0],
        [0.0,1.0,0.0],
        [0.0,0.0,1.0],
        [1002.16,16.3001,911.585]
      ],
      "type": "Point"
    },
    "pickupArea15": {
      "objLayer": 0,
      "props": {},
      "tm": [
        [1.0,0.0,0.0],
        [0.0,1.0,0.0],
        [0.0,0.0,1.0],
        [1139.59,16.7089,792.636]
      ],
      "type": "Point"
    },
    "pickupArea16": {
      "objLayer": 0,
      "props": {},
      "tm": [
        [1.0,0.0,0.0],
        [0.0,1.0,0.0],
        [0.0,0.0,1.0],
        [1212.06,1.44885,781.55]
      ],
      "type": "Point"
    },
    "pickupArea17": {
      "objLayer": 0,
      "props": {},
      "tm": [
        [1.0,0.0,0.0],
        [0.0,1.0,0.0],
        [0.0,0.0,1.0],
        [1327.66,4.57104,752.1]
      ],
      "type": "Point"
    },
    "pickupArea18": {
      "objLayer": 0,
      "props": {},
      "tm": [
        [1.0,0.0,0.0],
        [0.0,1.0,0.0],
        [0.0,0.0,1.0],
        [886.429,4.84952,780.129]
      ],
      "type": "Point"
    },
    "pickupArea19": {
      "objLayer": 0,
      "props": {},
      "tm": [
        [1.0,0.0,0.0],
        [0.0,1.0,0.0],
        [0.0,0.0,1.0],
        [903.023,6.24828,1033.41]
      ],
      "type": "Point"
    },
    "pickupArea20": {
      "objLayer": 0,
      "props": {},
      "tm": [
        [1.0,0.0,0.0],
        [0.0,1.0,0.0],
        [0.0,0.0,1.0],
        [728.958,1.9836,1032.95]
      ],
      "type": "Point"
    },
    "pickupArea21": {
      "objLayer": 0,
      "props": {},
      "tm": [
        [1.0,0.0,0.0],
        [0.0,1.0,0.0],
        [0.0,0.0,1.0],
        [606.895,1.24983,954.111]
      ],
      "type": "Point"
    },
    "pickupArea22": {
      "objLayer": 0,
      "props": {},
      "tm": [
        [1.0,0.0,0.0],
        [0.0,1.0,0.0],
        [0.0,0.0,1.0],
        [757.284,1.59993,919.885]
      ],
      "type": "Point"
    },
    "pickupArea23": {
      "objLayer": 0,
      "props": {},
      "tm": [
        [1.0,0.0,0.0],
        [0.0,1.0,0.0],
        [0.0,0.0,1.0],
        [727.992,1.19897,1182.55]
      ],
      "type": "Point"
    },
    "pickupArea24": {
      "objLayer": 0,
      "props": {},
      "tm": [
        [1.0,0.0,0.0],
        [0.0,1.0,0.0],
        [0.0,0.0,1.0],
        [520.364,-6.5472,780.969]
      ],
      "type": "Point"
    },
    "pickupArea25": {
      "objLayer": 0,
      "props": {},
      "tm": [
        [1.0,0.0,0.0],
        [0.0,1.0,0.0],
        [0.0,0.0,1.0],
        [504.825,-9.19337,1259.58]
      ],
      "type": "Point"
    },
    "pickupArea26": {
      "objLayer": 0,
      "props": {},
      "tm": [
        [1.0,0.0,0.0],
        [0.0,1.0,0.0],
        [0.0,0.0,1.0],
        [607.989,-1.78981,1440.47]
      ],
      "type": "Point"
    },
    "pickupArea27": {
      "objLayer": 0,
      "props": {},
      "tm": [
        [1.0,0.0,0.0],
        [0.0,1.0,0.0],
        [0.0,0.0,1.0],
        [723.16,3.36777,664.6]
      ],
      "type": "Point"
    },
    "pickupArea28": {
      "objLayer": 0,
      "props": {},
      "tm": [
        [1.0,0.0,0.0],
        [0.0,1.0,0.0],
        [0.0,0.0,1.0],
        [732.949,15.2426,1475.83]
      ],
      "type": "Point"
    },
    "pickupArea29": {
      "objLayer": 0,
      "props": {},
      "tm": [
        [1.0,0.0,0.0],
        [0.0,1.0,0.0],
        [0.0,0.0,1.0],
        [1031.7,14.6575,1438.95]
      ],
      "type": "Point"
    },
    "pickupArea30": {
      "objLayer": 0,
      "props": {},
      "tm": [
        [1.0,0.0,0.0],
        [0.0,1.0,0.0],
        [0.0,0.0,1.0],
        [1145.42,24.1941,555.143]
      ],
      "type": "Point"
    },
    "pickupArea31": {
      "objLayer": 0,
      "props": {},
      "tm": [
        [1.0,0.0,0.0],
        [0.0,1.0,0.0],
        [0.0,0.0,1.0],
        [1619.63,14.4973,716.246]
      ],
      "type": "Point"
    },
    "pickupArea32": {
      "objLayer": 0,
      "props": {},
      "tm": [
        [1.0,0.0,0.0],
        [0.0,1.0,0.0],
        [0.0,0.0,1.0],
        [1370.67,16.9211,599.312]
      ],
      "type": "Point"
    },
    "pickupArea33": {
      "objLayer": 0,
      "props": {},
      "tm": [
        [1.0,0.0,0.0],
        [0.0,1.0,0.0],
        [0.0,0.0,1.0],
        [1312.21,13.2241,965.6]
      ],
      "type": "Point"
    },
    "pickupArea34": {
      "objLayer": 0,
      "props": {},
      "tm": [
        [1.0,0.0,0.0],
        [0.0,1.0,0.0],
        [0.0,0.0,1.0],
        [1606.71,12.8555,1460.6]
      ],
      "type": "Point"
    },
    "pickupArea35": {
      "objLayer": 0,
      "props": {},
      "tm": [
        [1.0,0.0,0.0],
        [0.0,1.0,0.0],
        [0.0,0.0,1.0],
        [785.41,15.0955,501.0]
      ],
      "type": "Point"
    },
    "pickupArea36": {
      "objLayer": 0,
      "props": {},
      "tm": [
        [1.0,0.0,0.0],
        [0.0,1.0,0.0],
        [0.0,0.0,1.0],
        [947.01,22.1595,459.65]
      ],
      "type": "Point"
    },
    "spawn02": {
      "objLayer": 0,
      "props": {},
      "tm": [
        [-5.02719,0.0,10.8962],
        [0.0,12.0,0.0],
        [-10.8962,0.0,-5.02719],
        [733.728,1.39517,1332.29]
      ],
      "type": "Sphere"
    },
    "spawn03": {
      "objLayer": 0,
      "props": {},
      "tm": [
        [1.60713,0.0,11.8919],
        [0.0,12.0,0.0],
        [-11.8919,0.0,1.60713],
        [568.85,1.4,1290.55]
      ],
      "type": "Sphere"
    },
    "spawn05": {
      "objLayer": 0,
      "props": {},
      "tm": [
        [7.85188,0.0,9.07457],
        [0.0,12.0,0.0],
        [-9.07457,0.0,7.85188],
        [542.757,1.39497,1070.22]
      ],
      "type": "Sphere"
    },
    "spawn06": {
      "objLayer": 0,
      "props": {},
      "tm": [
        [7.85188,0.0,9.07457],
        [0.0,12.0,0.0],
        [-9.07457,0.0,7.85188],
        [836.38,20.593,1604.31]
      ],
      "type": "Sphere"
    },
    "spawn07": {
      "objLayer": 0,
      "props": {},
      "tm": [
        [-8.78916,0.0,8.17008],
        [0.0,12.0,0.0],
        [-8.17008,0.0,-8.78916],
        [735.1,1.4,800.75]
      ],
      "type": "Sphere"
    },
    "spawn09": {
      "objLayer": 0,
      "props": {},
      "tm": [
        [11.9353,0.0,-1.24432],
        [0.0,12.0,0.0],
        [1.24432,0.0,11.9353],
        [783.25,4.94417,411.55]
      ],
      "type": "Sphere"
    },
    "spawn12": {
      "objLayer": 0,
      "props": {},
      "tm": [
        [-2.02705,0.0,-11.8275],
        [0.0,12.0,0.0],
        [11.8275,0.0,-2.02705],
        [848.65,6.5,1082.5]
      ],
      "type": "Sphere"
    },
    "spawn13": {
      "objLayer": 0,
      "props": {},
      "tm": [
        [0.465904,0.0,11.9909],
        [0.0,12.0,0.0],
        [-11.9909,0.0,0.465904],
        [834.1,10.55,981.0]
      ],
      "type": "Sphere"
    },
    "spawn15": {
      "objLayer": 0,
      "props": {},
      "tm": [
        [11.6605,0.0,2.83421],
        [0.0,12.0,0.0],
        [-2.83421,0.0,11.6605],
        [1066.9,34.3325,381.3]
      ],
      "type": "Sphere"
    },
    "spawn16": {
      "objLayer": 0,
      "props": {},
      "tm": [
        [7.89198,0.0,9.03971],
        [0.0,12.0,0.0],
        [-9.03971,0.0,7.89198],
        [1272.16,26.7836,420.531]
      ],
      "type": "Sphere"
    },
    "spawn17": {
      "objLayer": 0,
      "props": {},
      "tm": [
        [9.69315,0.0,-7.07408],
        [0.0,12.0,0.0],
        [7.07408,0.0,9.69315],
        [869.646,21.0952,577.793]
      ],
      "type": "Sphere"
    },
    "spawn18": {
      "objLayer": 0,
      "props": {},
      "tm": [
        [5.33148,0.0,-10.7506],
        [0.0,12.0,0.0],
        [10.7506,0.0,5.33148],
        [838.95,7.18657,623.115]
      ],
      "type": "Sphere"
    },
    "spawn21": {
      "objLayer": 0,
      "props": {},
      "tm": [
        [9.99249,0.0,-6.64454],
        [0.0,12.0,0.0],
        [6.64454,0.0,9.99249],
        [907.9,7.63415,1220.65]
      ],
      "type": "Sphere"
    },
    "spawn22": {
      "objLayer": 0,
      "props": {},
      "tm": [
        [-0.288565,0.0,11.9965],
        [0.0,12.0,0.0],
        [-11.9965,0.0,-0.288565],
        [832.75,12.65,1429.35]
      ],
      "type": "Sphere"
    },
    "spawn23": {
      "objLayer": 0,
      "props": {},
      "tm": [
        [7.07409,0.0,9.69315],
        [0.0,12.0,0.0],
        [-9.69315,0.0,7.07409],
        [902.65,7.65,1364.65]
      ],
      "type": "Sphere"
    },
    "spawn24": {
      "objLayer": 0,
      "props": {},
      "tm": [
        [-6.64454,0.0,-9.99249],
        [0.0,12.0,0.0],
        [9.99249,0.0,-6.64454],
        [1055.25,26.4135,1609.4]
      ],
      "type": "Sphere"
    },
    "spawn25": {
      "objLayer": 0,
      "props": {},
      "tm": [
        [-4.32427,0.0,-11.1938],
        [0.0,12.0,0.0],
        [11.1938,0.0,-4.32427],
        [1144.1,26.4,1595.53]
      ],
      "type": "Sphere"
    },
    "spawn26": {
      "objLayer": 0,
      "props": {},
      "tm": [
        [-9.69319,0.0,7.0741],
        [0.0,12.0,0.0],
        [-7.0741,0.0,-9.69319],
        [1289.9,15.05,1529.2]
      ],
      "type": "Sphere"
    },
    "spawn27": {
      "objLayer": 0,
      "props": {},
      "tm": [
        [-11.9316,0.0,1.27976],
        [0.0,12.0,0.0],
        [-1.27976,0.0,-11.9316],
        [1446.1,11.35,1464.9]
      ],
      "type": "Sphere"
    },
    "spawn29": {
      "objLayer": 0,
      "props": {},
      "tm": [
        [5.84252,0.0,10.4816],
        [0.0,12.0,0.0],
        [-10.4816,0.0,5.84252],
        [1719.2,3.0,1505.6]
      ],
      "type": "Sphere"
    },
    "spawn30": {
      "objLayer": 0,
      "props": {},
      "tm": [
        [6.24816,0.0,-10.245],
        [0.0,12.0,0.0],
        [10.245,0.0,6.24816],
        [1402.83,7.43566,1194.6]
      ],
      "type": "Sphere"
    },
    "spawn31": {
      "objLayer": 0,
      "props": {},
      "tm": [
        [-3.33219,0.0,-11.528],
        [0.0,12.0,0.0],
        [11.528,0.0,-3.33219],
        [1337.75,9.25,1102.75]
      ],
      "type": "Sphere"
    },
    "spawn32": {
      "objLayer": 0,
      "props": {},
      "tm": [
        [11.8646,0.0,-1.79723],
        [0.0,12.0,0.0],
        [1.79723,0.0,11.8646],
        [1368.6,5.8,898.1]
      ],
      "type": "Sphere"
    },
    "spawn34": {
      "objLayer": 0,
      "props": {},
      "tm": [
        [-11.1621,0.0,4.40535],
        [0.0,12.0,0.0],
        [-4.40535,0.0,-11.1621],
        [1801.82,1.58294,688.437]
      ],
      "type": "Sphere"
    },
    "spawn35": {
      "objLayer": 0,
      "props": {},
      "tm": [
        [-10.1528,0.0,6.39686],
        [0.0,12.0,0.0],
        [-6.39686,0.0,-10.1528],
        [1821.92,1.18437,911.766]
      ],
      "type": "Sphere"
    },
    "spawn36": {
      "objLayer": 0,
      "props": {},
      "tm": [
        [-1.30256,0.0,11.9291],
        [0.0,12.0,0.0],
        [-11.9291,0.0,-1.30256],
        [1487.6,9.99667,703.205]
      ],
      "type": "Sphere"
    },
    "spawn37": {
      "objLayer": 0,
      "props": {},
      "tm": [
        [11.8646,0.0,-1.79723],
        [0.0,12.0,0.0],
        [1.79723,0.0,11.8646],
        [1386.2,8.5,788.0]
      ],
      "type": "Sphere"
    },
    "spawn39": {
      "objLayer": 0,
      "props": {},
      "tm": [
        [-0.928727,0.0,11.964],
        [0.0,12.0,0.0],
        [-11.964,0.0,-0.928727],
        [1208.68,2.43932,944.737]
      ],
      "type": "Sphere"
    },
    "spawn41": {
      "objLayer": 0,
      "props": {},
      "tm": [
        [-8.15258,0.0,8.80539],
        [0.0,12.0,0.0],
        [-8.80539,0.0,-8.15258],
        [1125.05,2.45,1063.75]
      ],
      "type": "Sphere"
    },
    "spawn42": {
      "objLayer": 0,
      "props": {},
      "tm": [
        [11.8599,0.0,1.82811],
        [0.0,12.0,0.0],
        [-1.82811,0.0,11.8599],
        [930.3,5.45,940.5]
      ],
      "type": "Sphere"
    },
    "spawn43": {
      "objLayer": 0,
      "props": {},
      "tm": [
        [3.87547,0.0,11.357],
        [0.0,12.0,0.0],
        [-11.357,0.0,3.87547],
        [1164.95,2.75,880.05]
      ],
      "type": "Sphere"
    },
    "spawn44": {
      "objLayer": 0,
      "props": {},
      "tm": [
        [-9.69315,0.0,7.07408],
        [0.0,12.0,0.0],
        [-7.07408,0.0,-9.69315],
        [1064.87,15.6,607.235]
      ],
      "type": "Sphere"
    },
    "tank_map_area": {
      "objLayer": 3,
      "props": {},
      "tm": [
        [-1440.72,0.0,0.0],
        [0.0,175.475,0.0],
        [0.0,0.0,-1440.72],
        [1162.05,28.65,990.6]
      ],
      "type": "Box"
    },
    "tank_map_area01": {
      "objLayer": 3,
      "props": {},
      "tm": [
        [-1336.61,0.0,0.0],
        [0.0,175.475,0.0],
        [0.0,0.0,-1336.61],
        [1162.05,28.65,990.6]
      ],
      "type": "Box"
    }
  },
  "bin_dump_file": "",
  "dialogs": {},
  "effects": {},
  "imports": {
    "import_record": {
      "excludes": {},
      "file": "gameData/missions/templates/battle_royale_template.blk",
      "importAreas": true,
      "importMissionObjectives": true,
      "importTriggers": true,
      "importUnits": true,
      "importWayPoints": true,
      "showAreas": true,
      "showMissionObjectives": true,
      "showTriggers": true,
      "showUnits": true,
      "showWayPoints": true
    }
  },
  "mission_objectives": {
    "isCategory": true,
    "is_enabled": true
  },
  "mission_settings": {
    "briefing": {
      "date_loc": "",
      "music": "action_01",
      "objective_loc": "",
      "part": {
        "event": "",
        "minTime": 0,
        "slide": {
          "icon": [
            {
              "icontype": "tank",
              "side": "player",
              "target": "briefing_spawn01"
            },
            {
              "icontype": "tank",
              "side": "enemy",
              "target": "briefing_spawn02"
            },
            {
              "icontype": "tank",
              "side": "enemy",
              "target": "briefing_spawn03"
            },
            {
              "icontype": "tank",
              "side": "enemy",
              "target": "briefing_spawn04"
            },
            {
              "icontype": "tank",
              "side": "enemy",
              "target": "briefing_spawn05"
            },
            {
              "icontype": "tank",
              "side": "enemy",
              "target": "briefing_spawn06"
            },
            {
              "icontype": "tank",
              "side": "enemy",
              "target": "briefing_spawn07"
            },
            {
              "icontype": "tank",
              "side": "enemy",
              "target": "briefing_spawn08"
            },
            {
              "icontype": "tank",
              "side": "enemy",
              "target": "briefing_spawn09"
            }
          ],
          "map": true,
          "minTime": 4,
          "picture": "",
          "showAirMap": false
        }
      },
      "place_loc": ""
    },
    "mission": {
      "allowedUnitTypes": {
        "isAirplanesAllowed": false,
        "isHelicoptersAllowed": false,
        "isShipsAllowed": false,
        "isTanksAllowed": true
      },
      "battleAreaColorPreset": "battleRoyale",
      "country_allies": "ussr",
      "country_axis": "germany",
      "customSuperArtillery": "structures/streakArtillery_203mm_r150m",
      "environment": "Day",
      "gt_ffa": true,
      "gt_last_man_standing": true,
      "ignoreInvulnerableTimer": true,
      "level": "levels/avg_finland.bin",
      "locDesc": "missions/BR/desc",
      "locName": "missions/BR;finland/name",
      "optionalTakeOff": false,
      "restoreType": "attempts",
      "timeLimit": 60,
      "type": "domination",
      "useCustomSuperArtillery": true,
      "useTankBots": true,
      "weather": "hazy"
    },
    "player": {
      "army": 1,
      "wing": [
        "player01",
        "player02",
        "player03",
        "player04",
        "player05",
        "player06",
        "player07",
        "player08",
        "player09",
        "player10",
        "player11",
        "player12",
        "player13",
        "player14",
        "player15",
        "player16",
        "player17",
        "player18",
        "player19",
        "player20",
        "player21",
        "player22",
        "player23",
        "player24",
        "player25",
        "player26",
        "player27",
        "player28",
        "player29",
        "player30",
        "player31",
        "player32"
      ]
    },
    "player_teamB": {
      "army": 2,
      "wing": [
        "player33",
        "player34",
        "player35",
        "player36",
        "player37",
        "player38",
        "player39",
        "player40",
        "player41",
        "player42",
        "player43",
        "player44",
        "player45",
        "player46",
        "player47",
        "player48",
        "player49",
        "player50",
        "player51",
        "player52",
        "player53",
        "player54",
        "player55",
        "player56",
        "player57",
        "player58",
        "player59",
        "player60",
        "player61",
        "player62",
        "player63",
        "player64",
        "player65"
      ]
    },
    "spectator_points": {}
  },
  "objLayers": {
    "layer": [
      {
        "enabled": true
      },
      {
        "enabled": true
      },
      {
        "enabled": true
      },
      {
        "enabled": false
      }
    ]
  },
  "selected_tag": "",
  "triggers": {
    "finland_br_init": {
      "actions": {
        "comment": [
          {
            "value": "(br_area_div * 2 - 1 = 11) - number of total stages"
          },
          {
            "value": "(11 stages - 3 = 8) - so warning will be when 3(1 row * 3 col) or 4(2 row * 2 col) sectors left"
          },
          {
            "value": "and artillery will be disabled when 2(1 row * 2 col) sectors left"
          },
          {
            "value": "artillery have radius 150m radius and sector side is 1400/6=250m"
          },
          {
            "value": "from 1 to br_area_div included"
          },
          {
            "value": "from bottom left corner to up right corner"
          },
          {
            "value": "(1,1) - bottom left"
          },
          {
            "value": "(5,1) - bottom right"
          },
          {
            "value": "(1,5) - up left"
          },
          {
            "value": "(5,5) - up right"
          }
        ],
        "unitSetProperties": {
          "object": "object_groups_squad",
          "object_marking": 0,
          "object_var_comp_op": "equal",
          "object_var_name": "",
          "object_var_value": 0,
          "stealthRadius": 0.0
        },
        "varSetInt": [
          {
            "fromDescriptor": "br_area_div",
            "value": 6,
            "var": "br_area_div"
          },
          {
            "fromDescriptor": "artillery_disable_stage",
            "value": 8,
            "var": "artillery_disable_stage"
          },
          {
            "value": 8,
            "var": "pickups_count"
          }
        ],
        "varSetString": {
          "fromDescriptor": "br_final_sector_exclude",
          "value": "(1,1);(2,1);(3,1);(4,1);(5,1);(6,1);(1,2);(2,2);(6,2);(1,3);(2,3);(6,3);(1,4);(2,4);(6,4);(1,5);(2,5);(6,5);(1,6);(2,6);(3,6);(4,6);(5,6);(6,6);",
          "var": "br_final_sector_exclude"
        }
      },
      "comments": "",
      "conditions": {},
      "else_actions": {},
      "events": {
        "initMission": {}
      },
      "is_enabled": true,
      "props": {
        "actionsType": "PERFORM_ONE_BY_ONE",
        "conditionsType": "ALL",
        "enableAfterComplete": false
      }
    },
    "isCategory": true,
    "is_enabled": true
  },
  "units": {
    "area_squad": [
      {
        "name": "spawn_area_sq",
        "props": {
          "squad_members": [
            "spawn02",
            "spawn03",
            "spawn05",
            "spawn06",
            "spawn07",
            "spawn09",
            "spawn12",
            "spawn13",
            "spawn15",
            "spawn16",
            "spawn17",
            "spawn18",
            "spawn21",
            "spawn22",
            "spawn23",
            "spawn24",
            "spawn25",
            "spawn26",
            "spawn27",
            "spawn29",
            "spawn30",
            "spawn31",
            "spawn32",
            "spawn34",
            "spawn35",
            "spawn36",
            "spawn37",
            "spawn39",
            "spawn41",
            "spawn42",
            "spawn43",
            "spawn44"
          ]
        },
        "tm": [
          [1.0,0.0,0.0],
          [0.0,1.0,0.0],
          [0.0,0.0,1.0],
          [841.436,29.5806,1505.97]
        ]
      },
      {
        "name": "pickups_area_sq",
        "props": {
          "squad_members": [
            "pickupArea01",
            "pickupArea02",
            "pickupArea03",
            "pickupArea04",
            "pickupArea05",
            "pickupArea06",
            "pickupArea07",
            "pickupArea08",
            "pickupArea09",
            "pickupArea10",
            "pickupArea11",
            "pickupArea12",
            "pickupArea13",
            "pickupArea14",
            "pickupArea15",
            "pickupArea16",
            "pickupArea17",
            "pickupArea18",
            "pickupArea19",
            "pickupArea20",
            "pickupArea21",
            "pickupArea22",
            "pickupArea23",
            "pickupArea24",
            "pickupArea25",
            "pickupArea26",
            "pickupArea27",
            "pickupArea28",
            "pickupArea29",
            "pickupArea30",
            "pickupArea31",
            "pickupArea32",
            "pickupArea33",
            "pickupArea34",
            "pickupArea35",
            "pickupArea36"
          ]
        },
        "tm": [
          [1.0,0.0,0.0],
          [0.0,1.0,0.0],
          [0.0,0.0,1.0],
          [1406.08,21.6313,1935.69]
        ]
      }
    ],
    "objectGroups": [
      {
        "name": "objectGroups_01",
        "objLayer": 2,
        "props": {
          "active": true,
          "army": 0
        },
        "tm": [
          [0.453584,-0.0918737,-0.886465],
          [0.75652,0.565485,0.328488],
          [0.471103,-0.819626,0.325999],
          [914.205,8.95854,1377.53]
        ],
        "unit_class": "det_finland_cliff_e"
      },
      {
        "name": "objectGroups_02",
        "objLayer": 2,
        "props": {
          "active": true,
          "army": 0
        },
        "tm": [
          [0.835608,-1.45385e-23,-0.549326],
          [-1.43116e-07,1.0,2.27528e-08],
          [0.549326,0.0,0.835608],
          [702.74,-0.874706,1103.22]
        ],
        "unit_class": "det_finland_cliff_e"
      },
      {
        "name": "objectGroups_04",
        "objLayer": 2,
        "props": {
          "active": true,
          "army": 0
        },
        "tm": [
          [0.510882,-0.236517,0.826474],
          [0.375515,0.92623,0.0329418],
          [-0.773297,0.293524,0.56201],
          [658.75,-0.85,805.35]
        ],
        "unit_class": "det_finland_cliff_e"
      },
      {
        "name": "objectGroups_07",
        "objLayer": 2,
        "props": {
          "active": true,
          "army": 0
        },
        "tm": [
          [0.0188536,0.133556,-0.990862],
          [0.686874,0.718419,0.109903],
          [0.726532,-0.682669,-0.0781912],
          [1210.65,32.2,406.25]
        ],
        "unit_class": "det_finland_cliff_e"
      },
      {
        "name": "objectGroups_08",
        "objLayer": 2,
        "props": {
          "active": true,
          "army": 0
        },
        "tm": [
          [-0.0358667,-0.605463,-0.795065],
          [0.344143,0.739433,-0.578623],
          [0.938232,-0.294369,0.181845],
          [1269.7,23.8,439.45]
        ],
        "unit_class": "det_finland_cliff_e"
      },
      {
        "name": "objectGroups_09",
        "objLayer": 2,
        "props": {
          "active": true,
          "army": 0
        },
        "tm": [
          [0.915436,-0.402464,0.0],
          [0.359077,0.816751,0.451643],
          [-0.18177,-0.41345,0.892199],
          [1108.95,11.55,794.0]
        ],
        "unit_class": "det_finland_cliff_e"
      },
      {
        "name": "objectGroups_10",
        "objLayer": 2,
        "props": {
          "active": true,
          "army": 0
        },
        "tm": [
          [0.993648,-0.072608,0.0859729],
          [0.112489,0.620035,-0.776468],
          [0.00307168,0.781207,0.624265],
          [1099.45,6.05,784.4]
        ],
        "unit_class": "det_finland_cliff_e"
      },
      {
        "name": "objectGroups_11",
        "objLayer": 2,
        "props": {
          "active": true,
          "army": 0
        },
        "tm": [
          [0.536975,0.258517,0.803011],
          [0.758365,-0.564874,-0.325268],
          [0.369512,0.783637,-0.499374],
          [1346.36,-0.207994,1103.89]
        ],
        "unit_class": "det_finland_cliff_e"
      },
      {
        "name": "objectGroups_12",
        "objLayer": 2,
        "props": {
          "active": true,
          "army": 0
        },
        "tm": [
          [0.119204,0.583921,0.803011],
          [0.908655,0.261813,-0.325268],
          [-0.40017,0.768433,-0.499374],
          [1354.92,-0.208004,1114.32]
        ],
        "unit_class": "det_finland_cliff_e"
      },
      {
        "name": "objectGroups_13",
        "objLayer": 2,
        "props": {
          "active": true,
          "army": 0
        },
        "tm": [
          [0.987204,0.112574,-0.112943],
          [-0.148091,0.384515,-0.911162],
          [-0.0591448,0.916229,0.396266],
          [1432.85,3.45538,1427.34]
        ],
        "unit_class": "det_finland_cliff_e"
      },
      {
        "name": "objectGroups_14",
        "objLayer": 2,
        "props": {
          "active": true,
          "army": 0
        },
        "tm": [
          [-0.970874,-0.134575,0.198225],
          [-0.086379,-0.575104,-0.813507],
          [0.223478,-0.806936,0.546729],
          [1708.19,1.03036,1491.12]
        ],
        "unit_class": "det_finland_cliff_e"
      },
      {
        "name": "objectGroups_15",
        "objLayer": 2,
        "props": {
          "active": true,
          "army": 0
        },
        "tm": [
          [-0.978,0.10963,0.177474],
          [-0.208534,-0.535895,-0.818125],
          [0.0054161,-0.837136,0.546968],
          [1505.67,9.8553,734.011]
        ],
        "unit_class": "det_finland_cliff_e"
      },
      {
        "name": "objectGroups_16",
        "objLayer": 2,
        "props": {
          "active": true,
          "army": 0
        },
        "tm": [
          [0.766045,0.0,0.642788],
          [1.11266e-07,1.0,-1.78966e-07],
          [-0.642788,0.0,0.766045],
          [1799.02,5.51123,710.432]
        ],
        "unit_class": "det_finland_cliff_e"
      },
      {
        "name": "objectGroups_17",
        "objLayer": 2,
        "props": {
          "active": true,
          "army": 0
        },
        "tm": [
          [0.672575,0.583921,0.45462],
          [0.374065,0.261813,-0.889679],
          [-0.638528,0.768433,-0.0423358],
          [1380.63,-0.208008,870.515]
        ],
        "unit_class": "det_finland_cliff_e"
      },
      {
        "name": "objectGroups_18",
        "objLayer": 2,
        "props": {
          "active": true,
          "army": 0
        },
        "tm": [
          [0.941453,-0.326497,-0.084064],
          [0.0508097,0.383893,-0.921978],
          [0.333295,0.863727,0.378007],
          [1378.48,-0.207993,923.601]
        ],
        "unit_class": "det_finland_cliff_e"
      },
      {
        "name": "objectGroups_19",
        "objLayer": 2,
        "props": {
          "active": true,
          "army": 0
        },
        "tm": [
          [0.941453,-0.326497,-0.084064],
          [0.0508097,0.383893,-0.921978],
          [0.333295,0.863727,0.378007],
          [1388.33,-0.207993,802.171]
        ],
        "unit_class": "det_finland_cliff_e"
      },
      {
        "name": "objectGroups_20",
        "objLayer": 2,
        "props": {
          "active": true,
          "army": 0
        },
        "tm": [
          [-0.0806946,-0.326497,0.941747],
          [0.899148,0.383893,0.210138],
          [-0.43014,0.863727,0.262592],
          [1354.55,3.71908,779.116]
        ],
        "unit_class": "det_finland_cliff_e"
      },
      {
        "name": "objectGroups_22",
        "objLayer": 2,
        "props": {
          "active": true,
          "army": 0
        },
        "tm": [
          [-0.285566,-0.52259,-0.803338],
          [-0.936723,0.329311,0.118757],
          [0.202488,0.786418,-0.583562],
          [1029.09,11.3962,591.646]
        ],
        "unit_class": "det_finland_cliff_e"
      },
      {
        "name": "objectGroups_23",
        "objLayer": 2,
        "props": {
          "active": true,
          "army": 0
        },
        "tm": [
          [-0.285566,-0.52259,-0.803338],
          [-0.936723,0.329311,0.118757],
          [0.202488,0.786418,-0.583562],
          [885.67,11.3962,577.265]
        ],
        "unit_class": "det_finland_cliff_e"
      },
      {
        "name": "objectGroups_24",
        "objLayer": 2,
        "props": {
          "active": true,
          "army": 0
        },
        "tm": [
          [0.0208483,0.825369,-0.564209],
          [-0.964012,-0.133008,-0.230196],
          [-0.265041,0.548704,0.792892],
          [1147.28,-5.34735,878.537]
        ],
        "unit_class": "det_finland_cliff_e"
      },
      {
        "name": "objectGroups_25",
        "objLayer": 2,
        "props": {
          "active": true,
          "army": 0
        },
        "tm": [
          [0.459835,-0.332435,-0.823431],
          [-0.532119,-0.845515,0.0441958],
          [-0.710915,0.417842,-0.565692],
          [1034.44,14.7818,568.673]
        ],
        "unit_class": "det_finland_cliff_e"
      },
      {
        "name": "objectGroups_26",
        "objLayer": 2,
        "props": {
          "active": true,
          "army": 0
        },
        "tm": [
          [-0.800169,-0.332435,0.499216],
          [0.487363,-0.845515,0.21813],
          [0.34958,0.417842,0.838571],
          [1025.3,15.15,549.45]
        ],
        "unit_class": "det_finland_cliff_e"
      },
      {
        "name": "objectGroups_27",
        "objLayer": 2,
        "props": {
          "active": true,
          "army": 0
        },
        "tm": [
          [-0.935851,0.286254,0.205529],
          [-0.143956,-0.842892,0.518467],
          [0.321652,0.455622,0.830029],
          [1076.25,31.9,399.75]
        ],
        "unit_class": "det_finland_cliff_e"
      },
      {
        "name": "objectGroups_28",
        "objLayer": 2,
        "props": {
          "active": true,
          "army": 0
        },
        "tm": [
          [-0.940703,-0.232963,-0.246589],
          [0.327291,-0.432119,-0.840329],
          [0.0892099,-0.871206,0.482744],
          [1089.4,27.05,417.6]
        ],
        "unit_class": "det_finland_cliff_e"
      },
      {
        "name": "objectGroups_29",
        "objLayer": 2,
        "props": {
          "active": true,
          "army": 0
        },
        "tm": [
          [0.0744239,-0.232963,0.969634],
          [-0.90115,-0.432119,-0.0346536],
          [0.427071,-0.871206,-0.242095],
          [1069.76,18.9,518.303]
        ],
        "unit_class": "det_finland_cliff_e"
      },
      {
        "name": "objectGroups_30",
        "objLayer": 2,
        "props": {
          "active": true,
          "army": 0
        },
        "tm": [
          [0.69959,-0.332435,-0.632504],
          [-0.518193,-0.845515,-0.128764],
          [-0.491985,0.417842,-0.763779],
          [993.026,15.15,535.374]
        ],
        "unit_class": "det_finland_cliff_e"
      },
      {
        "name": "objectGroups_21",
        "objLayer": 2,
        "props": {
          "active": true,
          "army": 0
        },
        "tm": [
          [0.941453,-0.326497,-0.084064],
          [0.0508097,0.383893,-0.921978],
          [0.333295,0.863727,0.378007],
          [1375.26,3.06422,762.474]
        ],
        "unit_class": "det_finland_cliff_e"
      },
      {
        "name": "objectGroups_31",
        "objLayer": 2,
        "props": {
          "active": true,
          "army": 0
        },
        "tm": [
          [-0.796653,0.0234435,-0.603982],
          [0.408243,0.757756,-0.509062],
          [0.445737,-0.652117,-0.613239],
          [1295.4,23.8,451.8]
        ],
        "unit_class": "det_finland_cliff_e"
      },
      {
        "name": "objectGroups_32",
        "objLayer": 2,
        "props": {
          "active": true,
          "army": 0
        },
        "tm": [
          [0.818245,-0.0595505,0.571778],
          [-0.309086,0.793051,0.524915],
          [-0.484708,-0.606237,0.630503],
          [1262.15,23.8,481.9]
        ],
        "unit_class": "det_finland_cliff_e"
      },
      {
        "name": "objectGroups_33",
        "objLayer": 2,
        "props": {
          "active": true,
          "army": 0
        },
        "tm": [
          [0.700835,-0.332435,0.631124],
          [0.0750086,-0.845515,-0.528656],
          [0.709368,0.417842,-0.56763],
          [1089.44,18.8975,456.56]
        ],
        "unit_class": "det_finland_cliff_e"
      },
      {
        "name": "objectGroups_34",
        "objLayer": 2,
        "props": {
          "active": true,
          "army": 0
        },
        "tm": [
          [0.0188536,-0.471167,-0.881843],
          [0.686874,0.647018,-0.331016],
          [0.726532,-0.599474,0.335831],
          [1203.47,32.2,380.385]
        ],
        "unit_class": "det_finland_cliff_e"
      },
      {
        "name": "objectGroups_35",
        "objLayer": 2,
        "props": {
          "active": true,
          "army": 0
        },
        "tm": [
          [0.0188536,-0.107575,0.994018],
          [0.686874,-0.721049,-0.0910611],
          [0.726532,0.684482,0.0602959],
          [1187.89,29.0125,362.695]
        ],
        "unit_class": "det_finland_cliff_e"
      },
      {
        "name": "objectGroups_36",
        "objLayer": 2,
        "props": {
          "active": true,
          "army": 0
        },
        "tm": [
          [0.336359,-0.109962,-0.935293],
          [0.646863,-0.694818,0.314321],
          [-0.684421,-0.71073,-0.162577],
          [1503.92,11.4857,660.51]
        ],
        "unit_class": "det_finland_cliff_e"
      },
      {
        "name": "objectGroups_37",
        "objLayer": 2,
        "props": {
          "active": true,
          "army": 0
        },
        "tm": [
          [-0.436918,0.100611,-0.893858],
          [0.66814,0.701624,-0.247613],
          [0.602239,-0.705409,-0.373774],
          [1595.31,11.4857,675.534]
        ],
        "unit_class": "det_finland_cliff_e"
      },
      {
        "name": "objectGroups_38",
