{
  "airfields": {},
  "areas": {
    "bdt_t1_bomb_zone_01": {
      "objLayer": 0,
      "props": {},
      "tm": [
        [366.145,0.0,261.606],
        [0.0,450.0,0.0],
        [-261.606,0.0,366.145],
        [8645.55,137.299,-28576.1]
      ],
      "type": "Sphere"
    },
    "bdt_t1_bomb_zone_01_aaa_point_01": {
      "objLayer": 0,
      "props": {},
      "tm": [
        [0.350113,0.0,0.936707],
        [0.0,1.0,0.0],
        [-0.936707,0.0,0.350113],
        [8726.21,121.499,-28334.5]
      ],
      "type": "Point"
    },
    "bdt_t1_bomb_zone_01_aaa_point_02": {
      "objLayer": 0,
      "props": {},
      "tm": [
        [0.350113,0.0,0.936707],
        [0.0,1.0,0.0],
        [-0.936707,0.0,0.350113],
        [8502.29,128.398,-28784.8]
      ],
      "type": "Point"
    },
    "bdt_t1_bomb_zone_01_aaa_point_03": {
      "objLayer": 0,
      "props": {},
      "tm": [
        [0.350113,0.0,0.936707],
        [0.0,1.0,0.0],
        [-0.936707,0.0,0.350113],
        [8852.12,127.864,-28684.4]
      ],
      "type": "Point"
    },
    "bdt_t1_bomb_zone_01_aaa_point_04": {
      "objLayer": 0,
      "props": {},
      "tm": [
        [0.350113,0.0,0.936707],
        [0.0,1.0,0.0],
        [-0.936707,0.0,0.350113],
        [8670.52,142.356,-28823.1]
      ],
      "type": "Point"
    },
    "bdt_t1_bomb_zone_02": {
      "objLayer": 0,
      "props": {},
      "tm": [
        [186.287,0.0,409.631],
        [0.0,450.0,0.0],
        [-409.631,0.0,186.287],
        [12633.6,122.261,-32788.0]
      ],
      "type": "Sphere"
    },
    "bdt_t1_bomb_zone_02_aaa_point_01": {
      "objLayer": 0,
      "props": {},
      "tm": [
        [0.350113,0.0,0.936707],
        [0.0,1.0,0.0],
        [-0.936707,0.0,0.350113],
        [12533.5,145.612,-32536.8]
      ],
      "type": "Point"
    },
    "bdt_t1_bomb_zone_02_aaa_point_02": {
      "objLayer": 0,
      "props": {},
      "tm": [
        [0.350113,0.0,0.936707],
        [0.0,1.0,0.0],
        [-0.936707,0.0,0.350113],
        [12368.1,128.933,-32775.2]
      ],
      "type": "Point"
    },
    "bdt_t1_bomb_zone_02_aaa_point_03": {
      "objLayer": 0,
      "props": {},
      "tm": [
        [0.350113,0.0,0.936707],
        [0.0,1.0,0.0],
        [-0.936707,0.0,0.350113],
        [13028.8,110.594,-33004.2]
      ],
      "type": "Point"
    },
    "bdt_t1_bomb_zone_02_aaa_point_04": {
      "objLayer": 0,
      "props": {},
      "tm": [
        [0.350113,0.0,0.936707],
        [0.0,1.0,0.0],
        [-0.936707,0.0,0.350113],
        [12485.0,101.552,-33081.7]
      ],
      "type": "Point"
    },
    "bdt_t1_bomb_zone_03": {
      "objLayer": 0,
      "props": {},
      "tm": [
        [-230.432,0.0,386.524],
        [0.0,450.0,0.0],
        [-386.524,0.0,-230.432],
        [6525.42,53.4132,-34968.6]
      ],
      "type": "Sphere"
    },
    "bdt_t1_bomb_zone_03_aaa_point_01": {
      "objLayer": 0,
      "props": {},
      "tm": [
        [-0.533792,0.0,0.845615],
        [0.0,1.0,0.0],
        [-0.845615,0.0,-0.533792],
        [6829.5,9.79459,-35015.9]
      ],
      "type": "Point"
    },
    "bdt_t1_bomb_zone_03_aaa_point_02": {
      "objLayer": 0,
      "props": {},
      "tm": [
        [-0.533792,0.0,0.845615],
        [0.0,1.0,0.0],
        [-0.845615,0.0,-0.533792],
        [6284.32,94.7103,-34946.0]
      ],
      "type": "Point"
    },
    "bdt_t1_bomb_zone_03_aaa_point_03": {
      "objLayer": 0,
      "props": {},
      "tm": [
        [-0.533792,0.0,0.845615],
        [0.0,1.0,0.0],
        [-0.845615,0.0,-0.533792],
        [6373.02,59.5702,-35211.5]
      ],
      "type": "Point"
    },
    "bdt_t1_bomb_zone_03_aaa_point_04": {
      "objLayer": 0,
      "props": {},
      "tm": [
        [-0.533792,0.0,0.845615],
        [0.0,1.0,0.0],
        [-0.845615,0.0,-0.533792],
        [6574.85,31.681,-34712.4]
      ],
      "type": "Point"
    },
    "bdt_t1_bomb_zone_04": {
      "objLayer": 0,
      "props": {},
      "tm": [
        [-230.432,0.0,386.524],
        [0.0,450.0,0.0],
        [-386.524,0.0,-230.432],
        [9440.4,53.5867,-36497.8]
      ],
      "type": "Sphere"
    },
    "bdt_t1_bomb_zone_04_aaa_point_01": {
      "objLayer": 0,
      "props": {},
      "tm": [
        [-0.533792,0.0,0.845615],
        [0.0,1.0,0.0],
        [-0.845615,0.0,-0.533792],
        [9400.51,49.8994,-36183.5]
      ],
      "type": "Point"
    },
    "bdt_t1_bomb_zone_04_aaa_point_02": {
      "objLayer": 0,
      "props": {},
      "tm": [
        [-0.533792,0.0,0.845615],
        [0.0,1.0,0.0],
        [-0.845615,0.0,-0.533792],
        [9196.52,45.8871,-36431.5]
      ],
      "type": "Point"
    },
    "bdt_t1_bomb_zone_04_aaa_point_03": {
      "objLayer": 0,
      "props": {},
      "tm": [
        [-0.533792,0.0,0.845615],
        [0.0,1.0,0.0],
        [-0.845615,0.0,-0.533792],
        [9689.55,58.4817,-36347.6]
      ],
      "type": "Point"
    },
    "bdt_t1_bomb_zone_04_aaa_point_04": {
      "objLayer": 0,
      "props": {},
      "tm": [
        [-0.533792,0.0,0.845615],
        [0.0,1.0,0.0],
        [-0.845615,0.0,-0.533792],
        [9293.65,43.3769,-36775.2]
      ],
      "type": "Point"
    },
    "bdt_t1_bomb_zone_05": {
      "objLayer": 0,
      "props": {},
      "tm": [
        [-230.432,0.0,386.524],
        [0.0,450.0,0.0],
        [-386.524,0.0,-230.432],
        [10423.5,60.8649,-34582.2]
      ],
      "type": "Sphere"
    },
    "bdt_t1_bomb_zone_05_aaa_point_01": {
      "objLayer": 0,
      "props": {},
      "tm": [
        [-0.533792,0.0,0.845615],
        [0.0,1.0,0.0],
        [-0.845615,0.0,-0.533792],
        [10550.0,58.9362,-34825.3]
      ],
      "type": "Point"
    },
    "bdt_t1_bomb_zone_05_aaa_point_02": {
      "objLayer": 0,
      "props": {},
      "tm": [
        [-0.533792,0.0,0.845615],
        [0.0,1.0,0.0],
        [-0.845615,0.0,-0.533792],
        [10568.2,76.2287,-34638.7]
      ],
      "type": "Point"
    },
    "bdt_t1_bomb_zone_05_aaa_point_03": {
      "objLayer": 0,
      "props": {},
      "tm": [
        [-0.533792,0.0,0.845615],
        [0.0,1.0,0.0],
        [-0.845615,0.0,-0.533792],
        [10300.4,49.5446,-34322.1]
      ],
      "type": "Point"
    },
    "bdt_t1_bomb_zone_05_aaa_point_04": {
      "objLayer": 0,
      "props": {},
      "tm": [
        [-0.533792,0.0,0.845615],
        [0.0,1.0,0.0],
        [-0.845615,0.0,-0.533792],
        [10156.2,51.794,-34507.2]
      ],
      "type": "Point"
    },
    "bdt_t1_bomb_zone_06": {
      "objLayer": 0,
      "props": {},
      "tm": [
        [-230.432,0.0,386.524],
        [0.0,450.0,0.0],
        [-386.524,0.0,-230.432],
        [7695.66,46.5155,-33365.3]
      ],
      "type": "Sphere"
    },
    "bdt_t1_bomb_zone_06_aaa_point_01": {
      "objLayer": 0,
      "props": {},
      "tm": [
        [-0.533792,0.0,0.845615],
        [0.0,1.0,0.0],
        [-0.845615,0.0,-0.533792],
        [8032.98,52.3878,-33365.3]
      ],
      "type": "Point"
    },
    "bdt_t1_bomb_zone_06_aaa_point_02": {
      "objLayer": 0,
      "props": {},
      "tm": [
        [-0.533792,0.0,0.845615],
        [0.0,1.0,0.0],
        [-0.845615,0.0,-0.533792],
        [7917.69,46.6281,-33602.2]
      ],
      "type": "Point"
    },
    "bdt_t1_bomb_zone_06_aaa_point_03": {
      "objLayer": 0,
      "props": {},
      "tm": [
        [-0.533792,0.0,0.845615],
        [0.0,1.0,0.0],
        [-0.845615,0.0,-0.533792],
        [7428.98,41.5045,-33521.7]
      ],
      "type": "Point"
    },
    "bdt_t1_bomb_zone_06_aaa_point_04": {
      "objLayer": 0,
      "props": {},
      "tm": [
        [-0.533792,0.0,0.845615],
        [0.0,1.0,0.0],
        [-0.845615,0.0,-0.533792],
        [7663.11,44.6915,-33069.4]
      ],
      "type": "Point"
    },
    "bdt_t1_bomb_zone_07": {
      "objLayer": 0,
      "props": {},
      "tm": [
        [-230.432,0.0,386.524],
        [0.0,450.0,0.0],
        [-386.524,0.0,-230.432],
        [5640.04,23.5985,-32687.7]
      ],
      "type": "Sphere"
    },
    "bdt_t1_bomb_zone_07_aaa_point_01": {
      "objLayer": 0,
      "props": {},
      "tm": [
        [-0.533792,0.0,0.845615],
        [0.0,1.0,0.0],
        [-0.845615,0.0,-0.533792],
        [5339.06,27.1185,-32701.0]
      ],
      "type": "Point"
    },
    "bdt_t1_bomb_zone_07_aaa_point_02": {
      "objLayer": 0,
      "props": {},
      "tm": [
        [-0.533792,0.0,0.845615],
        [0.0,1.0,0.0],
        [-0.845615,0.0,-0.533792],
        [5988.72,-1.91011,-32677.0]
      ],
      "type": "Point"
    },
    "bdt_t1_bomb_zone_07_aaa_point_03": {
      "objLayer": 0,
      "props": {},
      "tm": [
        [-0.533792,0.0,0.845615],
        [0.0,1.0,0.0],
        [-0.845615,0.0,-0.533792],
        [5613.18,4.37989,-32352.8]
      ],
      "type": "Point"
    },
    "bdt_t1_bomb_zone_07_aaa_point_04": {
      "objLayer": 0,
      "props": {},
      "tm": [
        [-0.533792,0.0,0.845615],
        [0.0,1.0,0.0],
        [-0.845615,0.0,-0.533792],
        [5444.48,32.2785,-33038.7]
      ],
      "type": "Point"
    },
    "bdt_t1_bomb_zone_08": {
      "objLayer": 0,
      "props": {},
      "tm": [
        [366.145,0.0,261.606],
        [0.0,450.0,0.0],
        [-261.606,0.0,366.145],
        [7328.42,103.77,-29178.5]
      ],
      "type": "Sphere"
    },
    "bdt_t1_bomb_zone_08_aaa_point_01": {
      "objLayer": 0,
      "props": {},
      "tm": [
        [0.350113,0.0,0.936707],
        [0.0,1.0,0.0],
        [-0.936707,0.0,0.350113],
        [7019.41,106.811,-29145.7]
      ],
      "type": "Point"
    },
    "bdt_t1_bomb_zone_08_aaa_point_02": {
      "objLayer": 0,
      "props": {},
      "tm": [
        [0.350113,0.0,0.936707],
        [0.0,1.0,0.0],
        [-0.936707,0.0,0.350113],
        [7334.93,139.094,-29484.4]
      ],
      "type": "Point"
    },
    "bdt_t1_bomb_zone_08_aaa_point_03": {
      "objLayer": 0,
      "props": {},
      "tm": [
        [0.350113,0.0,0.936707],
        [0.0,1.0,0.0],
        [-0.936707,0.0,0.350113],
        [7680.12,100.519,-29244.6]
      ],
      "type": "Point"
    },
    "bdt_t1_bomb_zone_08_aaa_point_04": {
      "objLayer": 0,
      "props": {},
      "tm": [
        [0.350113,0.0,0.936707],
        [0.0,1.0,0.0],
        [-0.936707,0.0,0.350113],
        [7418.23,90.9932,-28921.6]
      ],
      "type": "Point"
    },
    "bdt_t1_bomb_zone_09": {
      "objLayer": 0,
      "props": {},
      "tm": [
        [366.145,0.0,261.606],
        [0.0,450.0,0.0],
        [-261.606,0.0,366.145],
        [9496.14,107.404,-31083.7]
      ],
      "type": "Sphere"
    },
    "bdt_t1_bomb_zone_09_aaa_point_01": {
      "objLayer": 0,
      "props": {},
      "tm": [
        [0.350113,0.0,0.936707],
        [0.0,1.0,0.0],
        [-0.936707,0.0,0.350113],
        [9263.73,101.609,-31466.7]
      ],
      "type": "Point"
    },
    "bdt_t1_bomb_zone_09_aaa_point_02": {
      "objLayer": 0,
      "props": {},
      "tm": [
        [0.350113,0.0,0.936707],
        [0.0,1.0,0.0],
        [-0.936707,0.0,0.350113],
        [9753.63,119.744,-31403.2]
      ],
      "type": "Point"
    },
    "bdt_t1_bomb_zone_09_aaa_point_03": {
      "objLayer": 0,
      "props": {},
      "tm": [
        [0.350113,0.0,0.936707],
        [0.0,1.0,0.0],
        [-0.936707,0.0,0.350113],
        [8957.88,90.7506,-30949.8]
      ],
      "type": "Point"
    },
    "bdt_t1_bomb_zone_09_aaa_point_04": {
      "objLayer": 0,
      "props": {},
      "tm": [
        [0.350113,0.0,0.936707],
        [0.0,1.0,0.0],
        [-0.936707,0.0,0.350113],
        [9882.85,125.916,-30966.8]
      ],
      "type": "Point"
    },
    "bdt_t1_bomb_zone_10": {
      "objLayer": 0,
      "props": {},
      "tm": [
        [366.145,0.0,261.606],
        [0.0,450.0,0.0],
        [-261.606,0.0,366.145],
        [13667.4,167.073,-31886.3]
      ],
      "type": "Sphere"
    },
    "bdt_t1_bomb_zone_10_aaa_point_01": {
      "objLayer": 0,
      "props": {},
      "tm": [
        [0.350113,0.0,0.936707],
        [0.0,1.0,0.0],
        [-0.936707,0.0,0.350113],
        [13574.0,137.966,-32243.8]
      ],
      "type": "Point"
    },
    "bdt_t1_bomb_zone_10_aaa_point_02": {
      "objLayer": 0,
      "props": {},
      "tm": [
        [0.350113,0.0,0.936707],
        [0.0,1.0,0.0],
        [-0.936707,0.0,0.350113],
        [13235.9,167.688,-31778.5]
      ],
      "type": "Point"
    },
    "bdt_t1_bomb_zone_10_aaa_point_03": {
      "objLayer": 0,
      "props": {},
      "tm": [
        [0.350113,0.0,0.936707],
        [0.0,1.0,0.0],
        [-0.936707,0.0,0.350113],
        [13925.0,167.121,-31945.1]
      ],
      "type": "Point"
    },
    "bdt_t1_bomb_zone_10_aaa_point_04": {
      "objLayer": 0,
      "props": {},
      "tm": [
        [0.350113,0.0,0.936707],
        [0.0,1.0,0.0],
        [-0.936707,0.0,0.350113],
        [13783.5,167.583,-31587.5]
      ],
      "type": "Point"
    },
    "bdt_t2_bomb_zone_01": {
      "objLayer": 0,
      "props": {},
      "tm": [
        [-404.005,0.0,198.194],
        [0.0,450.0,0.0],
        [-198.194,0.0,-404.005],
        [11937.3,270.087,-53257.1]
      ],
      "type": "Sphere"
    },
    "bdt_t2_bomb_zone_01_aaa_point_01": {
      "objLayer": 0,
      "props": {},
      "tm": [
        [-0.990677,0.0,-0.136216],
        [0.0,1.0,0.0],
        [0.136216,0.0,-0.990677],
        [11880.2,287.076,-53039.0]
      ],
      "type": "Point"
    },
    "bdt_t2_bomb_zone_01_aaa_point_02": {
      "objLayer": 0,
      "props": {},
      "tm": [
        [-0.990677,0.0,-0.136216],
        [0.0,1.0,0.0],
        [0.136216,0.0,-0.990677],
        [12108.0,256.888,-53494.2]
      ],
      "type": "Point"
    },
    "bdt_t2_bomb_zone_01_aaa_point_03": {
      "objLayer": 0,
      "props": {},
      "tm": [
        [-0.990677,0.0,-0.136216],
        [0.0,1.0,0.0],
        [0.136216,0.0,-0.990677],
        [11991.4,255.988,-53518.4]
      ],
      "type": "Point"
    },
    "bdt_t2_bomb_zone_01_aaa_point_04": {
      "objLayer": 0,
      "props": {},
      "tm": [
        [-0.990677,0.0,-0.136216],
        [0.0,1.0,0.0],
        [0.136216,0.0,-0.990677],
        [11613.4,256.135,-53594.2]
      ],
      "type": "Point"
    },
    "bdt_t2_bomb_zone_02": {
      "objLayer": 0,
      "props": {},
      "tm": [
        [154.736,0.0,422.561],
        [0.0,450.0,0.0],
        [-422.561,0.0,154.736],
        [12413.5,223.219,-57443.3]
      ],
      "type": "Sphere"
    },
    "bdt_t2_bomb_zone_02_aaa_point_01": {
      "objLayer": 0,
      "props": {},
      "tm": [
        [-0.239352,0.0,0.970931],
        [0.0,1.0,0.0],
        [-0.970931,0.0,-0.239352],
        [12606.2,228.164,-57600.5]
      ],
      "type": "Point"
    },
    "bdt_t2_bomb_zone_02_aaa_point_02": {
      "objLayer": 0,
      "props": {},
      "tm": [
        [-0.239352,0.0,0.970931],
        [0.0,1.0,0.0],
        [-0.970931,0.0,-0.239352],
        [12086.5,206.837,-57456.8]
      ],
      "type": "Point"
    },
    "bdt_t2_bomb_zone_02_aaa_point_03": {
      "objLayer": 0,
      "props": {},
      "tm": [
        [-0.239352,0.0,0.970931],
        [0.0,1.0,0.0],
        [-0.970931,0.0,-0.239352],
        [12368.8,216.838,-57719.3]
      ],
      "type": "Point"
    },
    "bdt_t2_bomb_zone_02_aaa_point_04": {
      "objLayer": 0,
      "props": {},
      "tm": [
        [-0.239352,0.0,0.970931],
        [0.0,1.0,0.0],
        [-0.970931,0.0,-0.239352],
        [12397.4,218.114,-57214.5]
      ],
      "type": "Point"
    },
    "bdt_t2_bomb_zone_03": {
      "objLayer": 0,
      "props": {},
      "tm": [
        [-303.366,0.0,332.369],
        [0.0,450.0,0.0],
        [-332.369,0.0,-303.366],
        [14356.2,213.402,-55849.5]
      ],
      "type": "Sphere"
    },
    "bdt_t2_bomb_zone_03_aaa_point_01": {
      "objLayer": 0,
      "props": {},
      "tm": [
        [-0.239352,0.0,0.970931],
        [0.0,1.0,0.0],
        [-0.970931,0.0,-0.239352],
        [14573.2,200.258,-55452.1]
      ],
      "type": "Point"
    },
    "bdt_t2_bomb_zone_03_aaa_point_02": {
      "objLayer": 0,
      "props": {},
      "tm": [
        [-0.239352,0.0,0.970931],
        [0.0,1.0,0.0],
        [-0.970931,0.0,-0.239352],
        [14066.7,212.989,-55807.3]
      ],
      "type": "Point"
    },
    "bdt_t2_bomb_zone_03_aaa_point_03": {
      "objLayer": 0,
      "props": {},
      "tm": [
        [-0.239352,0.0,0.970931],
        [0.0,1.0,0.0],
        [-0.970931,0.0,-0.239352],
        [14157.6,215.872,-56100.8]
      ],
      "type": "Point"
    },
    "bdt_t2_bomb_zone_03_aaa_point_04": {
      "objLayer": 0,
      "props": {},
      "tm": [
        [-0.239352,0.0,0.970931],
        [0.0,1.0,0.0],
        [-0.970931,0.0,-0.239352],
        [14634.7,233.275,-55961.1]
      ],
      "type": "Point"
    },
    "bdt_t2_bomb_zone_04": {
      "objLayer": 0,
      "props": {},
      "tm": [
        [-444.619,0.0,-69.3766],
        [0.0,450.0,0.0],
        [69.3766,0.0,-444.619],
        [10380.2,159.647,-57542.8]
      ],
      "type": "Sphere"
    },
    "bdt_t2_bomb_zone_04_aaa_point_01": {
      "objLayer": 0,
      "props": {},
      "tm": [
        [-0.990677,0.0,-0.136216],
        [0.0,1.0,0.0],
        [0.136216,0.0,-0.990677],
        [10174.6,154.022,-57803.9]
      ],
      "type": "Point"
    },
    "bdt_t2_bomb_zone_04_aaa_point_02": {
      "objLayer": 0,
      "props": {},
      "tm": [
        [-0.990677,0.0,-0.136216],
        [0.0,1.0,0.0],
        [0.136216,0.0,-0.990677],
        [10624.7,148.171,-57720.3]
      ],
      "type": "Point"
    },
    "bdt_t2_bomb_zone_04_aaa_point_03": {
      "objLayer": 0,
      "props": {},
      "tm": [
        [-0.990677,0.0,-0.136216],
        [0.0,1.0,0.0],
        [0.136216,0.0,-0.990677],
        [10231.1,144.099,-57321.8]
      ],
      "type": "Point"
    },
    "bdt_t2_bomb_zone_04_aaa_point_04": {
      "objLayer": 0,
      "props": {},
      "tm": [
        [-0.990677,0.0,-0.136216],
        [0.0,1.0,0.0],
        [0.136216,0.0,-0.990677],
        [10475.3,152.895,-57314.9]
      ],
      "type": "Point"
    },
    "bdt_t2_bomb_zone_05": {
      "objLayer": 0,
      "props": {},
      "tm": [
        [-444.619,0.0,-69.3766],
        [0.0,450.0,0.0],
        [69.3766,0.0,-444.619],
        [9868.9,156.568,-58600.9]
      ],
      "type": "Sphere"
    },
    "bdt_t2_bomb_zone_05_aaa_point_01": {
      "objLayer": 0,
      "props": {},
      "tm": [
        [-0.990677,0.0,-0.136216],
        [0.0,1.0,0.0],
        [0.136216,0.0,-0.990677],
        [9906.16,165.4,-58255.8]
      ],
      "type": "Point"
    },
    "bdt_t2_bomb_zone_05_aaa_point_02": {
      "objLayer": 0,
      "props": {},
      "tm": [
        [-0.990677,0.0,-0.136216],
        [0.0,1.0,0.0],
        [0.136216,0.0,-0.990677],
        [9593.37,168.885,-58855.9]
      ],
      "type": "Point"
    },
    "bdt_t2_bomb_zone_05_aaa_point_03": {
      "objLayer": 0,
      "props": {},
      "tm": [
        [-0.990677,0.0,-0.136216],
        [0.0,1.0,0.0],
        [0.136216,0.0,-0.990677],
        [9783.27,169.82,-58935.9]
      ],
      "type": "Point"
    },
    "bdt_t2_bomb_zone_05_aaa_point_04": {
      "objLayer": 0,
      "props": {},
      "tm": [
        [-0.990677,0.0,-0.136216],
        [0.0,1.0,0.0],
        [0.136216,0.0,-0.990677],
        [10195.2,146.937,-58600.5]
      ],
      "type": "Point"
    },
    "bdt_t2_bomb_zone_06": {
      "objLayer": 0,
      "props": {},
      "tm": [
        [-360.064,0.0,-269.915],
        [0.0,450.0,0.0],
        [269.915,0.0,-360.064],
        [12337.1,252.419,-55712.8]
      ],
      "type": "Sphere"
    },
    "bdt_t2_bomb_zone_06_aaa_point_01": {
      "objLayer": 0,
      "props": {},
      "tm": [
        [-0.810896,0.0,-0.585195],
        [0.0,1.0,0.0],
        [0.585195,0.0,-0.810896],
        [12583.9,267.117,-55473.0]
      ],
      "type": "Point"
    },
    "bdt_t2_bomb_zone_06_aaa_point_02": {
      "objLayer": 0,
      "props": {},
      "tm": [
        [-0.810896,0.0,-0.585195],
        [0.0,1.0,0.0],
        [0.585195,0.0,-0.810896],
        [12216.8,260.686,-56144.0]
      ],
      "type": "Point"
    },
    "bdt_t2_bomb_zone_06_aaa_point_03": {
      "objLayer": 0,
      "props": {},
      "tm": [
        [-0.810896,0.0,-0.585195],
        [0.0,1.0,0.0],
        [0.585195,0.0,-0.810896],
        [12003.7,274.658,-55897.0]
      ],
      "type": "Point"
    },
    "bdt_t2_bomb_zone_06_aaa_point_04": {
      "objLayer": 0,
      "props": {},
      "tm": [
        [-0.810896,0.0,-0.585195],
        [0.0,1.0,0.0],
        [0.585195,0.0,-0.810896],
        [11844.4,234.652,-55472.7]
      ],
      "type": "Point"
    },
    "bdt_t2_bomb_zone_07": {
      "objLayer": 0,
      "props": {},
      "tm": [
        [-444.619,0.0,-69.3766],
        [0.0,450.0,0.0],
        [69.3766,0.0,-444.619],
        [13598.5,242.981,-53335.6]
      ],
      "type": "Sphere"
    },
    "bdt_t2_bomb_zone_07_aaa_point_01": {
      "objLayer": 0,
      "props": {},
      "tm": [
        [-0.990677,0.0,-0.136216],
        [0.0,1.0,0.0],
        [0.136216,0.0,-0.990677],
        [13628.4,249.247,-52910.8]
      ],
      "type": "Point"
    },
    "bdt_t2_bomb_zone_07_aaa_point_02": {
      "objLayer": 0,
      "props": {},
      "tm": [
        [-0.990677,0.0,-0.136216],
        [0.0,1.0,0.0],
        [0.136216,0.0,-0.990677],
        [13308.8,254.163,-53650.3]
      ],
      "type": "Point"
    },
    "bdt_t2_bomb_zone_07_aaa_point_03": {
      "objLayer": 0,
      "props": {},
      "tm": [
        [-0.990677,0.0,-0.136216],
        [0.0,1.0,0.0],
        [0.136216,0.0,-0.990677],
        [13779.1,270.809,-53753.5]
      ],
      "type": "Point"
    },
    "bdt_t2_bomb_zone_07_aaa_point_04": {
      "objLayer": 0,
      "props": {},
      "tm": [
        [-0.990677,0.0,-0.136216],
        [0.0,1.0,0.0],
        [0.136216,0.0,-0.990677],
        [13944.5,237.804,-53129.3]
      ],
      "type": "Point"
    },
    "bdt_t2_bomb_zone_08": {
      "objLayer": 0,
      "props": {},
      "tm": [
        [-303.366,0.0,332.369],
        [0.0,450.0,0.0],
        [-332.369,0.0,-303.366],
        [15734.2,182.387,-54498.8]
      ],
      "type": "Sphere"
    },
    "bdt_t2_bomb_zone_08_aaa_point_01": {
      "objLayer": 0,
      "props": {},
      "tm": [
        [-0.239352,0.0,0.970931],
        [0.0,1.0,0.0],
        [-0.970931,0.0,-0.239352],
        [15727.2,189.753,-54274.6]
      ],
      "type": "Point"
    },
    "bdt_t2_bomb_zone_08_aaa_point_02": {
      "objLayer": 0,
      "props": {},
      "tm": [
        [-0.239352,0.0,0.970931],
        [0.0,1.0,0.0],
        [-0.970931,0.0,-0.239352],
        [15935.9,195.765,-54767.4]
      ],
      "type": "Point"
    },
    "bdt_t2_bomb_zone_08_aaa_point_03": {
      "objLayer": 0,
      "props": {},
      "tm": [
        [-0.239352,0.0,0.970931],
        [0.0,1.0,0.0],
        [-0.970931,0.0,-0.239352],
        [15415.7,219.496,-54585.6]
      ],
      "type": "Point"
    },
    "bdt_t2_bomb_zone_08_aaa_point_04": {
      "objLayer": 0,
      "props": {},
      "tm": [
        [-0.239352,0.0,0.970931],
        [0.0,1.0,0.0],
        [-0.970931,0.0,-0.239352],
        [15678.0,210.301,-54832.8]
      ],
      "type": "Point"
    },
    "bdt_t2_bomb_zone_09": {
      "objLayer": 0,
      "props": {},
      "tm": [
        [-303.366,0.0,332.369],
        [0.0,450.0,0.0],
        [-332.369,0.0,-303.366],
        [13302.3,190.26,-58892.0]
      ],
      "type": "Sphere"
    },
    "bdt_t2_bomb_zone_09_aaa_point_01": {
      "objLayer": 0,
      "props": {},
      "tm": [
        [-0.239352,0.0,0.970931],
        [0.0,1.0,0.0],
        [-0.970931,0.0,-0.239352],
        [13564.5,203.644,-58596.1]
      ],
      "type": "Point"
    },
    "bdt_t2_bomb_zone_09_aaa_point_02": {
      "objLayer": 0,
      "props": {},
      "tm": [
        [-0.239352,0.0,0.970931],
        [0.0,1.0,0.0],
        [-0.970931,0.0,-0.239352],
        [13283.1,201.421,-59188.6]
      ],
      "type": "Point"
    },
    "bdt_t2_bomb_zone_09_aaa_point_03": {
      "objLayer": 0,
      "props": {},
      "tm": [
        [-0.239352,0.0,0.970931],
        [0.0,1.0,0.0],
        [-0.970931,0.0,-0.239352],
        [13036.6,83.3218,-58639.9]
      ],
      "type": "Point"
    },
    "bdt_t2_bomb_zone_09_aaa_point_04": {
      "objLayer": 0,
      "props": {},
      "tm": [
        [-0.239352,0.0,0.970931],
        [0.0,1.0,0.0],
        [-0.970931,0.0,-0.239352],
        [13705.2,197.271,-58946.8]
      ],
      "type": "Point"
    },
    "bdt_t2_bomb_zone_10": {
      "objLayer": 0,
      "props": {},
      "tm": [
        [-303.366,0.0,332.369],
        [0.0,450.0,0.0],
        [-332.369,0.0,-303.366],
        [11850.3,172.41,-59669.6]
      ],
      "type": "Sphere"
    },
    "bdt_t2_bomb_zone_10_aaa_point_01": {
      "objLayer": 0,
      "props": {},
      "tm": [
        [-0.239352,0.0,0.970931],
        [0.0,1.0,0.0],
        [-0.970931,0.0,-0.239352],
        [12250.7,125.11,-59157.1]
      ],
      "type": "Point"
    },
    "bdt_t2_bomb_zone_10_aaa_point_02": {
      "objLayer": 0,
      "props": {},
      "tm": [
        [-0.239352,0.0,0.970931],
        [0.0,1.0,0.0],
        [-0.970931,0.0,-0.239352],
        [11582.8,152.579,-59432.6]
      ],
      "type": "Point"
    },
    "bdt_t2_bomb_zone_10_aaa_point_03": {
      "objLayer": 0,
      "props": {},
      "tm": [
        [-0.239352,0.0,0.970931],
        [0.0,1.0,0.0],
        [-0.970931,0.0,-0.239352],
        [12431.5,160.663,-59677.9]
      ],
      "type": "Point"
    },
    "bdt_t2_bomb_zone_10_aaa_point_04": {
      "objLayer": 0,
      "props": {},
      "tm": [
        [-0.239352,0.0,0.970931],
        [0.0,1.0,0.0],
        [-0.970931,0.0,-0.239352],
        [11619.7,233.444,-59939.2]
      ],
      "type": "Point"
    },
    "bomb_zones_area": {
      "objLayer": 3,
      "props": {},
      "tm": [
        [13548.2,0.0,-19810.2],
        [0.0,24000.0,0.0],
        [19810.2,0.0,13548.2],
        [715.0,259.771,-46182.9]
      ],
      "type": "Sphere"
    }
  },
  "bin_dump_file": "",
  "dialogs": {},
  "effects": {},
  "imports": {},
  "mission_objectives": {
    "isCategory": true,
    "is_enabled": true
  },
  "mission_settings": {
    "mission": {
      "environment": "Day",
      "level": "levels/air_smolensk.bin",
      "optionalTakeOff": false,
      "restoreType": "attempts",
      "type": "domination",
      "weather": "hazy"
    },
    "player": {
      "army": 1
    },
    "player_teamB": {
      "army": 2
    }
  },
  "objLayers": {
    "layer": [
      {
        "enabled": true
      },
      {
        "enabled": true
      },
      {
        "enabled": true
      },
      {
        "enabled": false
      },
      {
        "enabled": false
      }
    ]
  },
  "selected_tag": "",
  "triggers": {
    "isCategory": true,
    "is_enabled": true
  },
  "units": {
    "air_defence": [
      {
        "applyAllMods": false,
        "bullets0": "",
        "bullets1": "",
        "bullets2": "",
        "bullets3": "",
        "bulletsCount0": 0,
        "bulletsCount1": 0,
        "bulletsCount2": 0,
        "bulletsCount3": 0,
        "closed_waypoints": false,
        "crewSkillK": 0.0,
        "isShipSpline": false,
        "name": "bdt_t2_aaa",
        "objLayer": 1,
        "props": {
          "army": 2,
          "attack_type": "fire_at_will",
          "calmDetection": true,
          "count": 16,
          "formation_div": 3,
          "formation_noise": [0.1,0.1],
          "formation_step": [2.5,2.0],
          "formation_type": "rows",
          "isDelayed": true,
          "setStealth": true,
          "stealthRadius": 0.0,
          "targetableByAi": false,
          "uniqueName": ""
        },
        "shipTurnRadius": 100.0,
        "tm": [
          [0.755742,0.0,0.654869],
          [0.0,1.0,0.0],
          [-0.654869,0.0,0.755742],
          [-9888.38,145.793,-91846.7]
        ],
        "unit_class": "germ_88mm_flak36",
        "way": {},
        "weapons": ""
      },
      {
        "applyAllMods": false,
        "bullets0": "",
        "bullets1": "",
        "bullets2": "",
        "bullets3": "",
        "bulletsCount0": 0,
        "bulletsCount1": 0,
        "bulletsCount2": 0,
        "bulletsCount3": 0,
        "closed_waypoints": false,
        "crewSkillK": 0.0,
        "isShipSpline": false,
        "name": "bdt_t1_aaa",
        "objLayer": 1,
        "props": {
          "army": 1,
          "attack_type": "fire_at_will",
          "calmDetection": true,
          "count": 16,
          "formation_div": 3,
          "formation_noise": [0.1,0.1],
          "formation_step": [2.5,2.0],
          "formation_type": "rows",
          "isDelayed": true,
          "setStealth": true,
          "stealthRadius": 0.0,
          "targetableByAi": false,
          "uniqueName": ""
        },
        "shipTurnRadius": 100.0,
        "tm": [
          [0.755742,0.0,0.654869],
          [0.0,1.0,0.0],
          [-0.654869,0.0,0.755742],
          [-11432.5,145.792,-92243.0]
        ],
        "unit_class": "ussr_85mm_52k",
        "way": {},
        "weapons": ""
      }
    ],
    "objectGroups": [
      {
        "name": "bdt_t2_bomb_object_01",
        "objLayer": 2,
        "props": {
          "active": true,
          "army": 2
        },
        "tm": [
          [-0.897784,0.0,0.440431],
          [0.0,1.0,0.0],
          [-0.440431,0.0,-0.897784],
          [11932.1,270.194,-53262.0]
        ],
        "unit_class": "dynBase_hq_camp_square"
      },
      {
        "name": "bdt_t2_bomb_object_02",
        "objLayer": 2,
        "props": {
          "active": true,
          "army": 2
        },
        "tm": [
          [0.887914,0.0,0.460014],
          [0.0,1.0,0.0],
          [-0.460014,0.0,0.887914],
          [12428.6,223.846,-57458.9]
        ],
        "unit_class": "dynBase_fuel_storage_square"
      },
      {
        "name": "bdt_t2_bomb_object_03",
        "objLayer": 2,
        "props": {
          "active": true,
          "army": 2
        },
        "tm": [
          [-0.67415,0.0,0.738597],
          [0.0,1.0,0.0],
          [-0.738597,0.0,-0.67415],
          [14358.8,212.275,-55840.1]
        ],
        "unit_class": "dynBase_oil_storage_small_square"
      },
      {
        "name": "bdt_t1_bomb_object_01",
        "objLayer": 2,
        "props": {
          "active": true,
          "army": 1
        },
        "tm": [
          [0.813653,0.0,0.581348],
          [0.0,1.0,0.0],
          [-0.581348,0.0,0.813653],
          [8637.28,136.235,-28585.8]
        ],
        "unit_class": "dynBase_fuel_storage_square"
      },
      {
        "name": "bdt_t1_bomb_object_02",
        "objLayer": 2,
        "props": {
          "active": false,
          "army": 1
        },
        "tm": [
          [0.207135,0.0,0.978311],
          [0.0,1.0,0.0],
          [-0.978311,0.0,0.207135],
          [12633.7,121.863,-32792.8]
        ],
        "unit_class": "dynBase_small_factory_square"
      },
      {
        "name": "bdt_t1_bomb_object_03",
        "objLayer": 2,
        "props": {
          "active": false,
          "army": 1
        },
        "tm": [
          [-0.800399,0.0,0.599468],
          [0.0,1.0,0.0],
          [-0.599468,0.0,-0.800399],
          [6528.81,52.7469,-34973.2]
        ],
        "unit_class": "dynBase_oil_storage_small_square"
      },
      {
        "name": "bdt_t2_bomb_object_04",
        "objLayer": 2,
        "props": {
          "active": true,
          "army": 2
        },
        "tm": [
          [-0.988044,0.0,-0.15417],
          [0.0,1.0,0.0],
          [0.15417,0.0,-0.988044],
          [10388.1,159.708,-57543.5]
        ],
        "unit_class": "dynBase_small_factory_square"
      },
      {
        "name": "bdt_t1_bomb_object_04",
        "objLayer": 2,
        "props": {
          "active": false,
          "army": 1
        },
        "tm": [
          [-0.539958,0.0,0.841692],
          [0.0,1.0,0.0],
          [-0.841692,0.0,-0.539958],
          [9445.47,53.8957,-36495.1]
        ],
        "unit_class": "dynBase_field_camp_square"
      },
      {
        "name": "bdt_t1_bomb_object_05",
        "objLayer": 2,
        "props": {
          "active": false,
          "army": 1
        },
        "tm": [
          [-0.539958,0.0,0.841692],
          [0.0,1.0,0.0],
          [-0.841692,0.0,-0.539958],
          [10428.6,61.6512,-34579.3]
        ],
        "unit_class": "dynBase_military_base_square"
      },
      {
        "name": "bdt_t1_bomb_object_06",
        "objLayer": 2,
        "props": {
          "active": false,
          "army": 1
        },
        "tm": [
          [-0.539958,0.0,0.841692],
          [0.0,1.0,0.0],
          [-0.841692,0.0,-0.539958],
          [7700.76,46.6446,-33362.6]
        ],
        "unit_class": "dynBase_oil_storage_large_square"
      },
      {
        "name": "bdt_t1_bomb_object_07",
        "objLayer": 2,
        "props": {
          "active": false,
          "army": 1
        },
        "tm": [
          [-0.539958,0.0,0.841692],
          [0.0,1.0,0.0],
          [-0.841692,0.0,-0.539958],
          [5645.23,23.3025,-32685.0]
        ],
        "unit_class": "dynBase_oil_storage_large_square"
      },
      {
        "name": "bdt_t1_bomb_object_08",
        "objLayer": 2,
        "props": {
          "active": true,
          "army": 1
        },
        "tm": [
          [0.813653,0.0,0.581348],
          [0.0,1.0,0.0],
          [-0.581348,0.0,0.813653],
          [7320.17,104.004,-29188.2]
        ],
        "unit_class": "dynBase_small_factory_square"
      },
      {
        "name": "bdt_t1_bomb_object_09",
        "objLayer": 2,
        "props": {
          "active": true,
          "army": 1
        },
        "tm": [
          [0.813653,0.0,0.581348],
          [0.0,1.0,0.0],
          [-0.581348,0.0,0.813653],
          [9488.04,107.071,-31093.3]
        ],
        "unit_class": "dynBase_petrol_camp_square"
      },
      {
        "name": "bdt_t1_bomb_object_10",
        "objLayer": 2,
        "props": {
          "active": true,
          "army": 1
        },
        "tm": [
          [0.813653,0.0,0.581348],
          [0.0,1.0,0.0],
          [-0.581348,0.0,0.813653],
          [13659.1,165.591,-31896.0]
        ],
        "unit_class": "dynBase_petrol_camp_square"
      },
      {
        "name": "bdt_t2_bomb_object_05",
        "objLayer": 2,
        "props": {
          "active": true,
          "army": 2
        },
        "tm": [
          [-0.988044,0.0,-0.15417],
          [0.0,1.0,0.0],
          [0.15417,0.0,-0.988044],
          [9876.59,156.544,-58601.7]
        ],
        "unit_class": "dynBase_petrol_camp_square"
      },
      {
        "name": "bdt_t2_bomb_object_06",
        "objLayer": 2,
        "props": {
          "active": true,
          "army": 2
        },
        "tm": [
          [-0.800142,0.0,-0.599811],
          [0.0,1.0,0.0],
          [0.599811,0.0,-0.800142],
          [12344.4,252.94,-55709.8]
        ],
        "unit_class": "dynBase_military_base_square"
      },
      {
        "name": "bdt_t2_bomb_object_07",
        "objLayer": 2,
        "props": {
          "active": true,
          "army": 2
        },
        "tm": [
          [-0.988044,0.0,-0.15417],
          [0.0,1.0,0.0],
          [0.15417,0.0,-0.988044],
          [13606.4,243.011,-53336.4]
        ],
        "unit_class": "dynBase_fuel_storage_square"
      },
      {
        "name": "bdt_t2_bomb_object_08",
        "objLayer": 2,
        "props": {
          "active": true,
          "army": 2
        },
        "tm": [
          [-0.67415,0.0,0.738597],
          [0.0,1.0,0.0],
          [-0.738597,0.0,-0.67415],
          [15736.9,181.502,-54489.4]
        ],
        "unit_class": "dynBase_ammunition_storage_square"
      },
      {
        "name": "bdt_t2_bomb_object_09",
        "objLayer": 2,
        "props": {
          "active": true,
          "army": 2
        },
        "tm": [
          [-0.67415,0.0,0.738597],
          [0.0,1.0,0.0],
          [-0.738597,0.0,-0.67415],
          [13304.8,189.768,-58882.5]
        ],
        "unit_class": "dynBase_field_camp_square"
      },
      {
        "name": "bdt_t2_bomb_object_10",
        "objLayer": 2,
        "props": {
          "active": true,
          "army": 2
        },
        "tm": [
          [-0.67415,0.0,0.738597],
          [0.0,1.0,0.0],
          [-0.738597,0.0,-0.67415],
          [11852.8,170.342,-59660.3]
        ],
        "unit_class": "dynBase_oil_storage_small_square"
      }
    ],
    "squad": [
      {
        "name": "bdt_t1_targets_squad",
        "props": {
          "object_marking": 0,
          "squad_members": [
            "bdt_t2_bomb_zone_01_bomb_target",
            "bdt_t2_bomb_zone_02_bomb_target",
            "bdt_t2_bomb_zone_03_bomb_target",
            "bdt_t2_bomb_zone_04_bomb_target",
            "bdt_t2_bomb_zone_05_bomb_target"
          ]
        },
        "tm": [
          [0.350113,0.0,0.936707],
          [0.0,1.0,0.0],
          [-0.936707,0.0,0.350113],
          [14055.3,155.989,-32129.6]
        ]
      },
      {
        "name": "bdt_t2_targets_squad",
        "props": {
          "object_marking": 0,
          "squad_members": [
            "bdt_t2_bomb_zone_01_bomb_target",
            "bdt_t2_bomb_zone_02_bomb_target",
            "bdt_t2_bomb_zone_03_bomb_target",
            "bdt_t2_bomb_zone_04_bomb_target",
            "bdt_t2_bomb_zone_05_bomb_target",
            "bdt_t2_bomb_zone_06_bomb_target",
            "bdt_t2_bomb_zone_07_bomb_target",
            "bdt_t2_bomb_zone_08_bomb_target",
            "bdt_t2_bomb_zone_09_bomb_target",
            "bdt_t2_bomb_zone_10_bomb_target"
          ]
        },
        "tm": [
          [-0.990677,0.0,-0.136216],
          [0.0,1.0,0.0],
          [0.136216,0.0,-0.990677],
          [12118.1,102.989,-49496.0]
        ]
      },
      {
        "name": "bdt_t2_aaa_squad",
        "props": {
          "object_marking": 0,
          "squad_members": "bdt_t2_aaa"
        },
        "tm": [
          [0.311293,0.0,0.950314],
          [0.0,1.0,0.0],
          [-0.950314,0.0,0.311293],
          [11854.1,142.292,-59415.0]
        ]
      },
      {
        "name": "bdt_t1_aaa_squad",
        "props": {
          "object_marking": 0,
          "squad_members": "bdt_t1_aaa"
        },
        "tm": [
          [0.311293,0.0,0.950314],
          [0.0,1.0,0.0],
          [-0.950314,0.0,0.311293],
          [12232.7,214.081,-57481.1]
        ]
      }
    ],
    "structures": [
      {
        "applyAllMods": false,
        "bullets0": "",
        "bullets1": "",
        "bullets2": "",
        "bullets3": "",
        "bulletsCount0": 0,
        "bulletsCount1": 0,
        "bulletsCount2": 0,
        "bulletsCount3": 0,
        "closed_waypoints": false,
        "crewSkillK": 0.0,
        "isShipSpline": false,
        "name": "bdt_t2_bomb_zone_01_bomb_target",
        "objLayer": 2,
        "props": {
          "army": 2,
          "attack_type": "fire_at_will",
          "count": 1,
          "formation_div": 3,
          "formation_noise": [0.1,0.1],
          "formation_step": [2.5,2.0],
          "formation_type": "rows",
          "isDelayed": false,
          "setStealth": true,
          "stealthRadius": 0.0,
          "targetableByAi": false,
          "uniqueName": ""
        },
        "shipTurnRadius": 100.0,
        "tm": [
          [-0.897784,0.0,0.440431],
          [0.0,1.0,0.0],
          [-0.440431,0.0,-0.897784],
          [11932.1,270.194,-53262.0]
        ],
        "unit_class": "dummy_immortal",
        "way": {},
        "weapons": ""
      },
      {
        "applyAllMods": false,
        "bullets0": "",
        "bullets1": "",
        "bullets2": "",
        "bullets3": "",
        "bulletsCount0": 0,
        "bulletsCount1": 0,
        "bulletsCount2": 0,
        "bulletsCount3": 0,
        "closed_waypoints": false,
