{
  "airfields": [],
  "areas": {
    "bdt_t1_bomb_zone_01": {
      "objLayer": 0,
      "props": [],
      "tm": [
        [-354.916,0.0,-276.649],
        [0.0,450.0,0.0],
        [276.649,0.0,-354.916],
        [3554.04,35.742,-13010.3]
      ],
      "type": "Sphere"
    },
    "bdt_t1_bomb_zone_01_aaa_point_01": {
      "objLayer": 0,
      "props": [],
      "tm": [
        [-0.31074,0.0,-0.950494],
        [0.0,1.0,0.0],
        [0.950494,0.0,-0.31074],
        [3483.51,39.124,-13255.1]
      ],
      "type": "Point"
    },
    "bdt_t1_bomb_zone_01_aaa_point_02": {
      "objLayer": 0,
      "props": [],
      "tm": [
        [-0.31074,0.0,-0.950494],
        [0.0,1.0,0.0],
        [0.950494,0.0,-0.31074],
        [3688.44,33.071,-12795.8]
      ],
      "type": "Point"
    },
    "bdt_t1_bomb_zone_01_aaa_point_03": {
      "objLayer": 0,
      "props": [],
      "tm": [
        [-0.31074,0.0,-0.950494],
        [0.0,1.0,0.0],
        [0.950494,0.0,-0.31074],
        [3343.08,48.603,-12910.8]
      ],
      "type": "Point"
    },
    "bdt_t1_bomb_zone_01_aaa_point_04": {
      "objLayer": 0,
      "props": [],
      "tm": [
        [-0.31074,0.0,-0.950494],
        [0.0,1.0,0.0],
        [0.950494,0.0,-0.31074],
        [3518.75,41.841,-12764.6]
      ],
      "type": "Point"
    },
    "bdt_t1_bomb_zone_02": {
      "objLayer": 0,
      "props": [],
      "tm": [
        [-169.04,0.0,-417.043],
        [0.0,450.0,0.0],
        [417.043,0.0,-169.04],
        [1939.51,44.915,-10835.3]
      ],
      "type": "Sphere"
    },
    "bdt_t1_bomb_zone_02_aaa_point_01": {
      "objLayer": 0,
      "props": [],
      "tm": [
        [-0.31074,0.0,-0.950494],
        [0.0,1.0,0.0],
        [0.950494,0.0,-0.31074],
        [2049.93,42.656,-11082.1]
      ],
      "type": "Point"
    },
    "bdt_t1_bomb_zone_02_aaa_point_02": {
      "objLayer": 0,
      "props": [],
      "tm": [
        [-0.31074,0.0,-0.950494],
        [0.0,1.0,0.0],
        [0.950494,0.0,-0.31074],
        [2205.31,112.217,-10837.0]
      ],
      "type": "Point"
    },
    "bdt_t1_bomb_zone_02_aaa_point_03": {
      "objLayer": 0,
      "props": [],
      "tm": [
        [-0.31074,0.0,-0.950494],
        [0.0,1.0,0.0],
        [0.950494,0.0,-0.31074],
        [1535.64,73.339,-10635.6]
      ],
      "type": "Point"
    },
    "bdt_t1_bomb_zone_02_aaa_point_04": {
      "objLayer": 0,
      "props": [],
      "tm": [
        [-0.31074,0.0,-0.950494],
        [0.0,1.0,0.0],
        [0.950494,0.0,-0.31074],
        [2075.7,120.989,-10535.6]
      ],
      "type": "Point"
    },
    "bdt_t1_bomb_zone_03": {
      "objLayer": 0,
      "props": [],
      "tm": [
        [-196.785,0.0,-404.691],
        [0.0,450.0,0.0],
        [404.691,0.0,-196.785],
        [-5187.69,53.969,-7933.1]
      ],
      "type": "Sphere"
    },
    "bdt_t1_bomb_zone_03_aaa_point_01": {
      "objLayer": 0,
      "props": [],
      "tm": [
        [-0.414242,0.0,-0.910167],
        [0.0,1.0,0.0],
        [0.910167,0.0,-0.414242],
        [-5314.97,58.34,-7652.9]
      ],
      "type": "Point"
    },
    "bdt_t1_bomb_zone_03_aaa_point_02": {
      "objLayer": 0,
      "props": [],
      "tm": [
        [-0.414242,0.0,-0.910167],
        [0.0,1.0,0.0],
        [0.910167,0.0,-0.414242],
        [-5074.29,51.022,-8147.05]
      ],
      "type": "Point"
    },
    "bdt_t1_bomb_zone_03_aaa_point_03": {
      "objLayer": 0,
      "props": [],
      "tm": [
        [-0.414242,0.0,-0.910167],
        [0.0,1.0,0.0],
        [0.910167,0.0,-0.414242],
        [-4900.96,57.789,-7927.27]
      ],
      "type": "Point"
    },
    "bdt_t1_bomb_zone_03_aaa_point_04": {
      "objLayer": 0,
      "props": [],
      "tm": [
        [-0.414242,0.0,-0.910167],
        [0.0,1.0,0.0],
        [0.910167,0.0,-0.414242],
        [-5428.98,55.583,-8032.28]
      ],
      "type": "Point"
    },
    "bdt_t1_bomb_zone_04": {
      "objLayer": 0,
      "props": [],
      "tm": [
        [-196.785,0.0,-404.691],
        [0.0,450.0,0.0],
        [404.691,0.0,-196.785],
        [-6617.85,53.217,-4947.8]
      ],
      "type": "Sphere"
    },
    "bdt_t1_bomb_zone_04_aaa_point_01": {
      "objLayer": 0,
      "props": [],
      "tm": [
        [-0.414242,0.0,-0.910167],
        [0.0,1.0,0.0],
        [0.910167,0.0,-0.414242],
        [-6858.78,55.407,-5153.56]
      ],
      "type": "Point"
    },
    "bdt_t1_bomb_zone_04_aaa_point_02": {
      "objLayer": 0,
      "props": [],
      "tm": [
        [-0.414242,0.0,-0.910167],
        [0.0,1.0,0.0],
        [0.910167,0.0,-0.414242],
        [-6539.49,53.334,-5188.09]
      ],
      "type": "Point"
    },
    "bdt_t1_bomb_zone_04_aaa_point_03": {
      "objLayer": 0,
      "props": [],
      "tm": [
        [-0.414242,0.0,-0.910167],
        [0.0,1.0,0.0],
        [0.910167,0.0,-0.414242],
        [-6880.05,54.262,-4821.83]
      ],
      "type": "Point"
    },
    "bdt_t1_bomb_zone_04_aaa_point_04": {
      "objLayer": 0,
      "props": [],
      "tm": [
        [-0.414242,0.0,-0.910167],
        [0.0,1.0,0.0],
        [0.910167,0.0,-0.414242],
        [-6305.36,52.675,-4918.32]
      ],
      "type": "Point"
    },
    "bdt_t1_bomb_zone_05": {
      "objLayer": 0,
      "props": [],
      "tm": [
        [-196.785,0.0,-404.691],
        [0.0,450.0,0.0],
        [404.691,0.0,-196.785],
        [-6541.13,39.872,-2218.59]
      ],
      "type": "Sphere"
    },
    "bdt_t1_bomb_zone_05_aaa_point_01": {
      "objLayer": 0,
      "props": [],
      "tm": [
        [-0.414242,0.0,-0.910167],
        [0.0,1.0,0.0],
        [0.910167,0.0,-0.414242],
        [-6407.28,40.13,-1979.47]
      ],
      "type": "Point"
    },
    "bdt_t1_bomb_zone_05_aaa_point_02": {
      "objLayer": 0,
      "props": [],
      "tm": [
        [-0.414242,0.0,-0.910167],
        [0.0,1.0,0.0],
        [0.910167,0.0,-0.414242],
        [-6573.3,39.229,-2066.5]
      ],
      "type": "Point"
    },
    "bdt_t1_bomb_zone_05_aaa_point_03": {
      "objLayer": 0,
      "props": [],
      "tm": [
        [-0.414242,0.0,-0.910167],
        [0.0,1.0,0.0],
        [0.910167,0.0,-0.414242],
        [-6691.15,40.439,-2464.11]
      ],
      "type": "Point"
    },
    "bdt_t1_bomb_zone_05_aaa_point_04": {
      "objLayer": 0,
      "props": [],
      "tm": [
        [-0.414242,0.0,-0.910167],
        [0.0,1.0,0.0],
        [0.910167,0.0,-0.414242],
        [-6457.21,41.141,-2483.14]
      ],
      "type": "Point"
    },
    "bdt_t1_bomb_zone_06": {
      "objLayer": 0,
      "props": [],
      "tm": [
        [-196.785,0.0,-404.691],
        [0.0,450.0,0.0],
        [404.691,0.0,-196.785],
        [-8123.9,54.658,-7316.72]
      ],
      "type": "Sphere"
    },
    "bdt_t1_bomb_zone_06_aaa_point_01": {
      "objLayer": 0,
      "props": [],
      "tm": [
        [-0.414242,0.0,-0.910167],
        [0.0,1.0,0.0],
        [0.910167,0.0,-0.414242],
        [-8309.0,49.95,-7034.69]
      ],
      "type": "Point"
    },
    "bdt_t1_bomb_zone_06_aaa_point_02": {
      "objLayer": 0,
      "props": [],
      "tm": [
        [-0.414242,0.0,-0.910167],
        [0.0,1.0,0.0],
        [0.910167,0.0,-0.414242],
        [-8047.65,52.208,-7001.15]
      ],
      "type": "Point"
    },
    "bdt_t1_bomb_zone_06_aaa_point_03": {
      "objLayer": 0,
      "props": [],
      "tm": [
        [-0.414242,0.0,-0.910167],
        [0.0,1.0,0.0],
        [0.910167,0.0,-0.414242],
        [-7846.88,56.183,-7453.95]
      ],
      "type": "Point"
    },
    "bdt_t1_bomb_zone_06_aaa_point_04": {
      "objLayer": 0,
      "props": [],
      "tm": [
        [-0.414242,0.0,-0.910167],
        [0.0,1.0,0.0],
        [0.910167,0.0,-0.414242],
        [-8353.46,51.957,-7506.25]
      ],
      "type": "Point"
    },
    "bdt_t1_bomb_zone_07": {
      "objLayer": 0,
      "props": [],
      "tm": [
        [-196.785,0.0,-404.691],
        [0.0,450.0,0.0],
        [404.691,0.0,-196.785],
        [-8654.6,80.365,-3916.24]
      ],
      "type": "Sphere"
    },
    "bdt_t1_bomb_zone_07_aaa_point_01": {
      "objLayer": 0,
      "props": [],
      "tm": [
        [-0.414242,0.0,-0.910167],
        [0.0,1.0,0.0],
        [0.910167,0.0,-0.414242],
        [-8478.46,81.667,-4160.61]
      ],
      "type": "Point"
    },
    "bdt_t1_bomb_zone_07_aaa_point_02": {
      "objLayer": 0,
      "props": [],
      "tm": [
        [-0.414242,0.0,-0.910167],
        [0.0,1.0,0.0],
        [0.910167,0.0,-0.414242],
        [-8854.83,74.371,-3630.59]
      ],
      "type": "Point"
    },
    "bdt_t1_bomb_zone_07_aaa_point_03": {
      "objLayer": 0,
      "props": [],
      "tm": [
        [-0.414242,0.0,-0.910167],
        [0.0,1.0,0.0],
        [0.910167,0.0,-0.414242],
        [-8919.89,69.508,-4122.44]
      ],
      "type": "Point"
    },
    "bdt_t1_bomb_zone_07_aaa_point_04": {
      "objLayer": 0,
      "props": [],
      "tm": [
        [-0.414242,0.0,-0.910167],
        [0.0,1.0,0.0],
        [0.910167,0.0,-0.414242],
        [-8253.92,78.936,-3887.26]
      ],
      "type": "Point"
    },
    "bdt_t1_bomb_zone_08": {
      "objLayer": 0,
      "props": [],
      "tm": [
        [-354.916,0.0,-276.649],
        [0.0,450.0,0.0],
        [276.649,0.0,-354.916],
        [4181.78,41.169,-9816.01]
      ],
      "type": "Sphere"
    },
    "bdt_t1_bomb_zone_08_aaa_point_01": {
      "objLayer": 0,
      "props": [],
      "tm": [
        [-0.31074,0.0,-0.950494],
        [0.0,1.0,0.0],
        [0.950494,0.0,-0.31074],
        [4491.9,-14.987,-9835.88]
      ],
      "type": "Point"
    },
    "bdt_t1_bomb_zone_08_aaa_point_02": {
      "objLayer": 0,
      "props": [],
      "tm": [
        [-0.31074,0.0,-0.950494],
        [0.0,1.0,0.0],
        [0.950494,0.0,-0.31074],
        [4162.53,42.372,-9510.68]
      ],
      "type": "Point"
    },
    "bdt_t1_bomb_zone_08_aaa_point_03": {
      "objLayer": 0,
      "props": [],
      "tm": [
        [-0.31074,0.0,-0.950494],
        [0.0,1.0,0.0],
        [0.950494,0.0,-0.31074],
        [3827.67,39.944,-9764.57]
      ],
      "type": "Point"
    },
    "bdt_t1_bomb_zone_08_aaa_point_04": {
      "objLayer": 0,
      "props": [],
      "tm": [
        [-0.31074,0.0,-0.950494],
        [0.0,1.0,0.0],
        [0.950494,0.0,-0.31074],
        [4102.81,43.06,-10076.5]
      ],
      "type": "Point"
    },
    "bdt_t1_bomb_zone_09": {
      "objLayer": 0,
      "props": [],
      "tm": [
        [-354.916,0.0,-276.649],
        [0.0,450.0,0.0],
        [276.649,0.0,-354.916],
        [-1315.44,75.891,-10649.9]
      ],
      "type": "Sphere"
    },
    "bdt_t1_bomb_zone_09_aaa_point_01": {
      "objLayer": 0,
      "props": [],
      "tm": [
        [-0.31074,0.0,-0.950494],
        [0.0,1.0,0.0],
        [0.950494,0.0,-0.31074],
        [-1099.23,75.582,-10257.6]
      ],
      "type": "Point"
    },
    "bdt_t1_bomb_zone_09_aaa_point_02": {
      "objLayer": 0,
      "props": [],
      "tm": [
        [-0.31074,0.0,-0.950494],
        [0.0,1.0,0.0],
        [0.950494,0.0,-0.31074],
        [-1586.02,67.07,-10341.5]
      ],
      "type": "Point"
    },
    "bdt_t1_bomb_zone_09_aaa_point_03": {
      "objLayer": 0,
      "props": [],
      "tm": [
        [-0.31074,0.0,-0.950494],
        [0.0,1.0,0.0],
        [0.950494,0.0,-0.31074],
        [-826.191,81.277,-10740.9]
      ],
      "type": "Point"
    },
    "bdt_t1_bomb_zone_09_aaa_point_04": {
      "objLayer": 0,
      "props": [],
      "tm": [
        [-0.31074,0.0,-0.950494],
        [0.0,1.0,0.0],
        [0.950494,0.0,-0.31074],
        [-1696.96,67.664,-10782.9]
      ],
      "type": "Point"
    },
    "bdt_t1_bomb_zone_10": {
      "objLayer": 0,
      "props": [],
      "tm": [
        [-354.916,0.0,-276.649],
        [0.0,450.0,0.0],
        [276.649,0.0,-354.916],
        [791.942,31.568,-13194.5]
      ],
      "type": "Sphere"
    },
    "bdt_t1_bomb_zone_10_aaa_point_01": {
      "objLayer": 0,
      "props": [],
      "tm": [
        [-0.31074,0.0,-0.950494],
        [0.0,1.0,0.0],
        [0.950494,0.0,-0.31074],
        [870.381,22.228,-12833.5]
      ],
      "type": "Point"
    },
    "bdt_t1_bomb_zone_10_aaa_point_02": {
      "objLayer": 0,
      "props": [],
      "tm": [
        [-0.31074,0.0,-0.950494],
        [0.0,1.0,0.0],
        [0.950494,0.0,-0.31074],
        [1227.6,17.477,-13284.2]
      ],
      "type": "Point"
    },
    "bdt_t1_bomb_zone_10_aaa_point_03": {
      "objLayer": 0,
      "props": [],
      "tm": [
        [-0.31074,0.0,-0.950494],
        [0.0,1.0,0.0],
        [0.950494,0.0,-0.31074],
        [532.113,8.52201,-13146.6]
      ],
      "type": "Point"
    },
    "bdt_t1_bomb_zone_10_aaa_point_04": {
      "objLayer": 0,
      "props": [],
      "tm": [
        [-0.31074,0.0,-0.950494],
        [0.0,1.0,0.0],
        [0.950494,0.0,-0.31074],
        [688.43,48.576,-13498.0]
      ],
      "type": "Point"
    },
    "bdt_t2_bomb_zone_01": {
      "objLayer": 0,
      "props": [],
      "tm": [
        [-439.365,0.0,-97.2568],
        [0.0,450.0,0.0],
        [97.2568,0.0,-439.365],
        [7252.87,46.171,-2144.08]
      ],
      "type": "Sphere"
    },
    "bdt_t2_bomb_zone_01_aaa_point_01": {
      "objLayer": 0,
      "props": [],
      "tm": [
        [-0.689089,0.0,-0.724675],
        [0.0,1.0,0.0],
        [0.724675,0.0,-0.689089],
        [7072.22,48.303,-2009.24]
      ],
      "type": "Point"
    },
    "bdt_t2_bomb_zone_01_aaa_point_02": {
      "objLayer": 0,
      "props": [],
      "tm": [
        [-0.689089,0.0,-0.724675],
        [0.0,1.0,0.0],
        [0.724675,0.0,-0.689089],
        [7534.27,47.929,-2222.81]
      ],
      "type": "Point"
    },
    "bdt_t2_bomb_zone_01_aaa_point_03": {
      "objLayer": 0,
      "props": [],
      "tm": [
        [-0.689089,0.0,-0.724675],
        [0.0,1.0,0.0],
        [0.724675,0.0,-0.689089],
        [7458.3,46.512,-2314.42]
      ],
      "type": "Point"
    },
    "bdt_t2_bomb_zone_01_aaa_point_04": {
      "objLayer": 0,
      "props": [],
      "tm": [
        [-0.689089,0.0,-0.724675],
        [0.0,1.0,0.0],
        [0.724675,0.0,-0.689089],
        [7210.23,42.774,-2609.45]
      ],
      "type": "Point"
    },
    "bdt_t2_bomb_zone_02": {
      "objLayer": 0,
      "props": [],
      "tm": [
        [-425.868,0.0,-145.387],
        [0.0,450.0,0.0],
        [145.387,0.0,-425.868],
        [1795.68,41.62,2648.68]
      ],
      "type": "Sphere"
    },
    "bdt_t2_bomb_zone_02_aaa_point_01": {
      "objLayer": 0,
      "props": [],
      "tm": [
        [-0.604464,0.0,-0.796631],
        [0.0,1.0,0.0],
        [0.796631,0.0,-0.604464],
        [1796.78,38.98,2897.22]
      ],
      "type": "Point"
    },
    "bdt_t2_bomb_zone_02_aaa_point_02": {
      "objLayer": 0,
      "props": [],
      "tm": [
        [-0.604464,0.0,-0.796631],
        [0.0,1.0,0.0],
        [0.796631,0.0,-0.604464],
        [2011.83,40.82,2402.94]
      ],
      "type": "Point"
    },
    "bdt_t2_bomb_zone_02_aaa_point_03": {
      "objLayer": 0,
      "props": [],
      "tm": [
        [-0.604464,0.0,-0.796631],
        [0.0,1.0,0.0],
        [0.796631,0.0,-0.604464],
        [2038.42,44.63,2787.34]
      ],
      "type": "Point"
    },
    "bdt_t2_bomb_zone_02_aaa_point_04": {
      "objLayer": 0,
      "props": [],
      "tm": [
        [-0.604464,0.0,-0.796631],
        [0.0,1.0,0.0],
        [0.796631,0.0,-0.604464],
        [1627.89,38.91,2492.25]
      ],
      "type": "Point"
    },
    "bdt_t2_bomb_zone_03": {
      "objLayer": 0,
      "props": [],
      "tm": [
        [-67.6856,0.0,-444.88],
        [0.0,450.0,0.0],
        [444.88,0.0,-67.6856],
        [-564.591,30.75,3589.05]
      ],
      "type": "Sphere"
    },
    "bdt_t2_bomb_zone_03_aaa_point_01": {
      "objLayer": 0,
      "props": [],
      "tm": [
        [-0.604464,0.0,-0.796631],
        [0.0,1.0,0.0],
        [0.796631,0.0,-0.604464],
        [-828.315,33.55,3727.76]
      ],
      "type": "Point"
    },
    "bdt_t2_bomb_zone_03_aaa_point_02": {
      "objLayer": 0,
      "props": [],
      "tm": [
        [-0.604464,0.0,-0.796631],
        [0.0,1.0,0.0],
        [0.796631,0.0,-0.604464],
        [-415.395,27.49,3337.32]
      ],
      "type": "Point"
    },
    "bdt_t2_bomb_zone_03_aaa_point_03": {
      "objLayer": 0,
      "props": [],
      "tm": [
        [-0.604464,0.0,-0.796631],
        [0.0,1.0,0.0],
        [0.796631,0.0,-0.604464],
        [-244.244,27.88,3592.65]
      ],
      "type": "Point"
    },
    "bdt_t2_bomb_zone_03_aaa_point_04": {
      "objLayer": 0,
      "props": [],
      "tm": [
        [-0.604464,0.0,-0.796631],
        [0.0,1.0,0.0],
        [0.796631,0.0,-0.604464],
        [-652.906,33.41,3875.73]
      ],
      "type": "Point"
    },
    "bdt_t2_bomb_zone_04": {
      "objLayer": 0,
      "props": [],
      "tm": [
        [-304.121,0.0,-331.676],
        [0.0,450.0,0.0],
        [331.676,0.0,-304.121],
        [8526.57,43.184,454.41]
      ],
      "type": "Sphere"
    },
    "bdt_t2_bomb_zone_04_aaa_point_01": {
      "objLayer": 0,
      "props": [],
      "tm": [
        [-0.689089,0.0,-0.724675],
        [0.0,1.0,0.0],
        [0.724675,0.0,-0.689089],
        [8528.82,39.037,122.139]
      ],
      "type": "Point"
    },
    "bdt_t2_bomb_zone_04_aaa_point_02": {
      "objLayer": 0,
      "props": [],
      "tm": [
        [-0.689089,0.0,-0.724675],
        [0.0,1.0,0.0],
        [0.724675,0.0,-0.689089],
        [8828.44,38.798,468.377]
      ],
      "type": "Point"
    },
    "bdt_t2_bomb_zone_04_aaa_point_03": {
      "objLayer": 0,
      "props": [],
      "tm": [
        [-0.689089,0.0,-0.724675],
        [0.0,1.0,0.0],
        [0.724675,0.0,-0.689089],
        [8272.2,38.641,534.116]
      ],
      "type": "Point"
    },
    "bdt_t2_bomb_zone_04_aaa_point_04": {
      "objLayer": 0,
      "props": [],
      "tm": [
        [-0.689089,0.0,-0.724675],
        [0.0,1.0,0.0],
        [0.724675,0.0,-0.689089],
        [8458.81,-1.104,691.872]
      ],
      "type": "Point"
    },
    "bdt_t2_bomb_zone_05": {
      "objLayer": 0,
      "props": [],
      "tm": [
        [-304.121,0.0,-331.676],
        [0.0,450.0,0.0],
        [331.676,0.0,-304.121],
        [9589.07,30.617,-4324.99]
      ],
      "type": "Sphere"
    },
    "bdt_t2_bomb_zone_05_aaa_point_01": {
      "objLayer": 0,
      "props": [],
      "tm": [
        [-0.689089,0.0,-0.724675],
        [0.0,1.0,0.0],
        [0.724675,0.0,-0.689089],
        [9402.95,30.311,-4032.11]
      ],
      "type": "Point"
    },
    "bdt_t2_bomb_zone_05_aaa_point_02": {
      "objLayer": 0,
      "props": [],
      "tm": [
        [-0.689089,0.0,-0.724675],
        [0.0,1.0,0.0],
        [0.724675,0.0,-0.689089],
        [9532.94,33.203,-4696.13]
      ],
      "type": "Point"
    },
    "bdt_t2_bomb_zone_05_aaa_point_03": {
      "objLayer": 0,
      "props": [],
      "tm": [
        [-0.689089,0.0,-0.724675],
        [0.0,1.0,0.0],
        [0.724675,0.0,-0.689089],
        [9731.2,32.345,-4640.12]
      ],
      "type": "Point"
    },
    "bdt_t2_bomb_zone_05_aaa_point_04": {
      "objLayer": 0,
      "props": [],
      "tm": [
        [-0.689089,0.0,-0.724675],
        [0.0,1.0,0.0],
        [0.724675,0.0,-0.689089],
        [9843.84,29.995,-4121.09]
      ],
      "type": "Point"
    },
    "bdt_t2_bomb_zone_06": {
      "objLayer": 0,
      "props": [],
      "tm": [
        [-112.904,0.0,-435.607],
        [0.0,450.0,0.0],
        [435.607,0.0,-112.904],
        [7236.94,22.821,-5718.17]
      ],
      "type": "Sphere"
    },
    "bdt_t2_bomb_zone_06_aaa_point_01": {
      "objLayer": 0,
      "props": [],
      "tm": [
        [-0.268421,0.0,-0.963304],
        [0.0,1.0,0.0],
        [0.963304,0.0,-0.268421],
        [7280.27,26.95,-5376.88]
      ],
      "type": "Point"
    },
    "bdt_t2_bomb_zone_06_aaa_point_02": {
      "objLayer": 0,
      "props": [],
      "tm": [
        [-0.268421,0.0,-0.963304],
        [0.0,1.0,0.0],
        [0.963304,0.0,-0.268421],
        [7412.24,21.06,-6130.17]
      ],
      "type": "Point"
    },
    "bdt_t2_bomb_zone_06_aaa_point_03": {
      "objLayer": 0,
      "props": [],
      "tm": [
        [-0.268421,0.0,-0.963304],
        [0.0,1.0,0.0],
        [0.963304,0.0,-0.268421],
        [7138.66,-62.206,-6167.41]
      ],
      "type": "Point"
    },
    "bdt_t2_bomb_zone_06_aaa_point_04": {
      "objLayer": 0,
      "props": [],
      "tm": [
        [-0.268421,0.0,-0.963304],
        [0.0,1.0,0.0],
        [0.963304,0.0,-0.268421],
        [6702.34,20.673,-5838.07]
      ],
      "type": "Point"
    },
    "bdt_t2_bomb_zone_07": {
      "objLayer": 0,
      "props": [],
      "tm": [
        [-304.121,0.0,-331.676],
        [0.0,450.0,0.0],
        [331.676,0.0,-304.121],
        [5883.18,45.227,168.196]
      ],
      "type": "Sphere"
    },
    "bdt_t2_bomb_zone_07_aaa_point_01": {
      "objLayer": 0,
      "props": [],
      "tm": [
        [-0.689089,0.0,-0.724675],
        [0.0,1.0,0.0],
        [0.724675,0.0,-0.689089],
        [5627.5,49.05,416.15]
      ],
      "type": "Point"
    },
    "bdt_t2_bomb_zone_07_aaa_point_02": {
      "objLayer": 0,
      "props": [],
      "tm": [
        [-0.689089,0.0,-0.724675],
        [0.0,1.0,0.0],
        [0.724675,0.0,-0.689089],
        [6004.15,41.1,-151.6]
      ],
      "type": "Point"
    },
    "bdt_t2_bomb_zone_07_aaa_point_03": {
      "objLayer": 0,
      "props": [],
      "tm": [
        [-0.689089,0.0,-0.724675],
        [0.0,1.0,0.0],
        [0.724675,0.0,-0.689089],
        [6132.5,47.45,40.75]
      ],
      "type": "Point"
    },
    "bdt_t2_bomb_zone_07_aaa_point_04": {
      "objLayer": 0,
      "props": [],
      "tm": [
        [-0.689089,0.0,-0.724675],
        [0.0,1.0,0.0],
        [0.724675,0.0,-0.689089],
        [5947.7,55.85,417.05]
      ],
      "type": "Point"
    },
    "bdt_t2_bomb_zone_08": {
      "objLayer": 0,
      "props": [],
      "tm": [
        [-67.6856,0.0,-444.88],
        [0.0,450.0,0.0],
        [444.88,0.0,-67.6856],
        [1256.99,45.714,5151.91]
      ],
      "type": "Sphere"
    },
    "bdt_t2_bomb_zone_08_aaa_point_01": {
      "objLayer": 0,
      "props": [],
      "tm": [
        [-0.604464,0.0,-0.796631],
        [0.0,1.0,0.0],
        [0.796631,0.0,-0.604464],
        [1087.05,46.485,5005.48]
      ],
      "type": "Point"
    },
    "bdt_t2_bomb_zone_08_aaa_point_02": {
      "objLayer": 0,
      "props": [],
      "tm": [
        [-0.604464,0.0,-0.796631],
        [0.0,1.0,0.0],
        [0.796631,0.0,-0.604464],
        [1339.05,43.93,5477.75]
      ],
      "type": "Point"
    },
    "bdt_t2_bomb_zone_08_aaa_point_03": {
      "objLayer": 0,
      "props": [],
      "tm": [
        [-0.604464,0.0,-0.796631],
        [0.0,1.0,0.0],
        [0.796631,0.0,-0.604464],
        [1524.71,44.704,4958.79]
      ],
      "type": "Point"
    },
    "bdt_t2_bomb_zone_08_aaa_point_04": {
      "objLayer": 0,
      "props": [],
      "tm": [
        [-0.604464,0.0,-0.796631],
        [0.0,1.0,0.0],
        [0.796631,0.0,-0.604464],
        [1427.1,44.15,5283.85]
      ],
      "type": "Point"
    },
    "bdt_t2_bomb_zone_09": {
      "objLayer": 0,
      "props": [],
      "tm": [
        [-67.6856,0.0,-444.88],
        [0.0,450.0,0.0],
        [444.88,0.0,-67.6856],
        [-3707.08,80.59,2251.87]
      ],
      "type": "Sphere"
    },
    "bdt_t2_bomb_zone_09_aaa_point_01": {
      "objLayer": 0,
      "props": [],
      "tm": [
        [-0.604464,0.0,-0.796631],
        [0.0,1.0,0.0],
        [0.796631,0.0,-0.604464],
        [-4102.07,65.67,2269.66]
      ],
      "type": "Point"
    },
    "bdt_t2_bomb_zone_09_aaa_point_02": {
      "objLayer": 0,
      "props": [],
      "tm": [
        [-0.604464,0.0,-0.796631],
        [0.0,1.0,0.0],
        [0.796631,0.0,-0.604464],
        [-3464.44,60.76,2423.63]
      ],
      "type": "Point"
    },
    "bdt_t2_bomb_zone_09_aaa_point_03": {
      "objLayer": 0,
      "props": [],
      "tm": [
        [-0.604464,0.0,-0.796631],
        [0.0,1.0,0.0],
        [0.796631,0.0,-0.604464],
        [-3677.15,171.55,2151.8]
      ],
      "type": "Point"
    },
    "bdt_t2_bomb_zone_09_aaa_point_04": {
      "objLayer": 0,
      "props": [],
      "tm": [
        [-0.604464,0.0,-0.796631],
        [0.0,1.0,0.0],
        [0.796631,0.0,-0.604464],
        [-3917.88,63.16,2599.59]
      ],
      "type": "Point"
    },
    "bdt_t2_bomb_zone_10": {
      "objLayer": 0,
      "props": [],
      "tm": [
        [-67.6856,0.0,-444.88],
        [0.0,450.0,0.0],
        [444.88,0.0,-67.6856],
        [-3385.53,63.728,4788.07]
      ],
      "type": "Sphere"
    },
    "bdt_t2_bomb_zone_10_aaa_point_01": {
      "objLayer": 0,
      "props": [],
      "tm": [
        [-0.604464,0.0,-0.796631],
        [0.0,1.0,0.0],
        [0.796631,0.0,-0.604464],
        [-3343.33,6.376,5248.29]
      ],
      "type": "Point"
    },
    "bdt_t2_bomb_zone_10_aaa_point_02": {
      "objLayer": 0,
      "props": [],
      "tm": [
        [-0.604464,0.0,-0.796631],
        [0.0,1.0,0.0],
        [0.796631,0.0,-0.604464],
        [-3401.58,62.329,4431.07]
      ],
      "type": "Point"
    },
    "bdt_t2_bomb_zone_10_aaa_point_03": {
      "objLayer": 0,
      "props": [],
      "tm": [
        [-0.604464,0.0,-0.796631],
        [0.0,1.0,0.0],
        [0.796631,0.0,-0.604464],
        [-3744.49,57.433,5245.2]
      ],
      "type": "Point"
    },
    "bdt_t2_bomb_zone_10_aaa_point_04": {
      "objLayer": 0,
      "props": [],
      "tm": [
        [-0.604464,0.0,-0.796631],
        [0.0,1.0,0.0],
        [0.796631,0.0,-0.604464],
        [-3030.85,58.538,4778.38]
      ],
      "type": "Point"
    },
    "small_bomb_zones_area_7000": {
      "objLayer": 3,
      "props": [],
      "tm": [
        [11369.2,0.0,-8169.57],
        [0.0,14000.0,0.0],
        [8169.57,0.0,11369.2],
        [362.5,58.144,-3970.8]
      ],
      "type": "Sphere"
    },
    "small_bomb_zones_area_9000": {
      "objLayer": 3,
      "props": [],
      "tm": [
        [14617.5,0.0,-10503.7],
        [0.0,18000.0,0.0],
        [10503.7,0.0,14617.5],
        [362.5,33.35,-3970.8]
      ],
      "type": "Sphere"
    }
  },
  "bin_dump_file": "",
  "dialogs": [],
  "effects": [],
  "imports": [],
  "mission_objectives": {
    "isCategory": true,
    "is_enabled": true
  },
  "mission_settings": {
    "mission": {
      "environment": "Day",
      "level": "levels/air_smolensk.bin",
      "optionalTakeOff": false,
      "restoreType": "attempts",
      "type": "domination",
      "weather": "hazy"
    },
    "player": {
      "army": 1
    },
    "player_teamB": {
      "army": 2
    }
  },
  "objLayers": [
    {
      "layer": {
        "enabled": true
      }
    },
    {
      "layer": {
        "enabled": true
      }
    },
    {
      "layer": {
        "enabled": true
      }
    },
    {
      "layer": {
        "enabled": false
      }
    },
    {
      "layer": {
        "enabled": false
      }
    }
  ],
  "selected_tag": "",
  "triggers": {
    "isCategory": true,
    "is_enabled": true
  },
  "units": [
    {
      "objectGroups": {
        "name": "bdt_t2_bomb_object_01",
        "objLayer": 2,
        "props": {
          "active": false,
          "army": 2
        },
        "tm": [
          [-0.976364,0.0,-0.216125],
          [0.0,1.0,0.0],
          [0.216125,0.0,-0.976364],
          [7251.95,46.1,-2151.1]
        ],
        "unit_class": "dynBase_hq_camp_square"
      }
    },
    {
      "objectGroups": {
        "name": "bdt_t2_bomb_object_02",
        "objLayer": 2,
        "props": {
          "active": false,
          "army": 2
        },
        "tm": [
          [-0.91601,0.0,0.401161],
          [0.0,1.0,0.0],
          [-0.401161,0.0,-0.91601],
          [1798.4,41.3,2670.2]
        ],
        "unit_class": "dynBase_fuel_storage_square"
      }
    },
    {
      "objectGroups": {
        "name": "bdt_t2_bomb_object_03",
        "objLayer": 2,
        "props": {
          "active": false,
          "army": 2
        },
        "tm": [
          [-0.150408,0.0,-0.988626],
          [0.0,1.0,0.0],
          [0.988626,0.0,-0.150408],
          [-573.55,30.8,3585.05]
        ],
        "unit_class": "dynBase_oil_storage_small_square"
      }
    },
    {
      "objectGroups": {
        "name": "bdt_t1_bomb_object_01",
        "objLayer": 2,
        "props": {
          "active": false,
          "army": 1
        },
        "tm": [
          [-0.788699,0.0,-0.614779],
          [0.0,1.0,0.0],
          [0.614779,0.0,-0.788699],
          [3561.85,35.7,-13000.4]
        ],
        "unit_class": "dynBase_fuel_storage_square"
      }
    },
    {
      "objectGroups": {
        "name": "bdt_t1_bomb_object_02",
        "objLayer": 2,
        "props": {
          "active": false,
          "army": 1
        },
        "tm": [
          [-0.166151,0.0,-0.986099],
          [0.0,1.0,0.0],
          [0.986099,0.0,-0.166151],
          [1939.2,46.4,-10830.5]
        ],
        "unit_class": "dynBase_small_factory_square"
      }
    },
    {
      "objectGroups": {
        "name": "bdt_t1_bomb_object_03",
        "objLayer": 2,
        "props": {
          "active": false,
          "army": 1
        },
        "tm": [
          [-0.062188,0.0,-0.998064],
          [0.0,1.0,0.0],
          [0.998064,0.0,-0.062188],
          [-5185.75,54.1,-7927.75]
        ],
        "unit_class": "dynBase_oil_storage_small_square"
      }
    },
    {
      "objectGroups": {
        "name": "bdt_t2_bomb_object_04",
        "objLayer": 2,
        "props": {
          "active": false,
          "army": 2
        },
        "tm": [
          [-0.675824,0.0,-0.737063],
          [0.0,1.0,0.0],
          [0.737063,0.0,-0.675824],
          [8533.1,43.25,458.9]
        ],
        "unit_class": "dynBase_small_factory_square"
      }
    },
    {
      "objectGroups": {
        "name": "bdt_t1_bomb_object_04",
        "objLayer": 2,
        "props": {
          "active": false,
          "army": 1
        },
        "tm": [
          [-0.40758,0.0,-0.913169],
          [0.0,1.0,0.0],
          [0.913169,0.0,-0.40758],
          [-6622.9,53.25,-4945.05]
        ],
        "unit_class": "dynBase_field_camp_square"
      }
    },
    {
      "objectGroups": {
        "name": "bdt_t1_bomb_object_05",
        "objLayer": 2,
        "props": {
          "active": false,
          "army": 1
        },
        "tm": [
          [-0.40758,0.0,-0.913169],
          [0.0,1.0,0.0],
          [0.913169,0.0,-0.40758],
          [-6546.35,39.85,-2215.85]
        ],
        "unit_class": "dynBase_military_base_square"
      }
    },
    {
      "objectGroups": {
        "name": "bdt_t1_bomb_object_06",
        "objLayer": 2,
        "props": {
          "active": false,
          "army": 1
        },
        "tm": [
          [-0.40758,0.0,-0.913169],
          [0.0,1.0,0.0],
          [0.913169,0.0,-0.40758],
          [-8128.95,54.6,-7313.95]
        ],
        "unit_class": "dynBase_oil_storage_large_square"
      }
    },
    {
      "objectGroups": {
        "name": "bdt_t1_bomb_object_07",
        "objLayer": 2,
        "props": {
          "active": false,
          "army": 1
        },
        "tm": [
          [-0.40758,0.0,-0.913169],
          [0.0,1.0,0.0],
          [0.913169,0.0,-0.40758],
          [-8659.75,80.25,-3913.4]
        ],
        "unit_class": "dynBase_oil_storage_large_square"
      }
    },
    {
      "objectGroups": {
        "name": "bdt_t1_bomb_object_08",
        "objLayer": 2,
        "props": {
          "active": false,
          "army": 1
        },
        "tm": [
          [-0.788699,0.0,-0.614779],
          [0.0,1.0,0.0],
          [0.614779,0.0,-0.788699],
          [4189.65,40.75,-9806.05]
        ],
        "unit_class": "dynBase_small_factory_square"
      }
    },
    {
      "objectGroups": {
        "name": "bdt_t1_bomb_object_09",
        "objLayer": 2,
        "props": {
          "active": false,
          "army": 1
        },
        "tm": [
          [-0.788699,0.0,-0.614779],
          [0.0,1.0,0.0],
          [0.614779,0.0,-0.788699],
          [-1307.75,75.6,-10640.2]
        ],
        "unit_class": "dynBase_petrol_camp_square"
      }
    },
    {
      "objectGroups": {
        "name": "bdt_t1_bomb_object_10",
        "objLayer": 2,
        "props": {
          "active": false,
          "army": 1
        },
        "tm": [
          [-0.788699,0.0,-0.614779],
          [0.0,1.0,0.0],
          [0.614779,0.0,-0.788699],
          [799.8,29.4,-13184.5]
        ],
        "unit_class": "dynBase_petrol_camp_square"
      }
    },
    {
      "objectGroups": {
        "name": "bdt_t2_bomb_object_05",
        "objLayer": 2,
        "props": {
          "active": false,
          "army": 2
        },
        "tm": [
          [-0.675824,0.0,-0.737063],
          [0.0,1.0,0.0],
          [0.737063,0.0,-0.675824],
          [9595.55,30.55,-4320.8]
        ],
        "unit_class": "dynBase_petrol_camp_square"
      }
    },
    {
      "objectGroups": {
        "name": "bdt_t2_bomb_object_06",
        "objLayer": 2,
        "props": {
          "active": false,
          "army": 2
        },
        "tm": [
          [-0.250899,0.0,-0.968015],
          [0.0,1.0,0.0],
          [0.968015,0.0,-0.250899],
          [7240.9,22.9,-5711.3]
        ],
        "unit_class": "dynBase_military_base_square"
      }
    },
    {
      "objectGroups": {
        "name": "bdt_t2_bomb_object_07",
        "objLayer": 2,
        "props": {
          "active": false,
          "army": 2
        },
        "tm": [
          [-0.675824,0.0,-0.737063],
          [0.0,1.0,0.0],
          [0.737063,0.0,-0.675824],
          [5889.85,45.25,172.5]
        ],
        "unit_class": "dynBase_fuel_storage_square"
      }
    },
    {
      "objectGroups": {
        "name": "bdt_t2_bomb_object_08",
        "objLayer": 2,
        "props": {
          "active": false,
          "army": 2
        },
        "tm": [
          [-0.150408,0.0,-0.988626],
          [0.0,1.0,0.0],
          [0.988626,0.0,-0.150408],
          [1248.0,45.85,5148.0]
        ],
        "unit_class": "dynBase_ammunition_storage_square"
      }
    },
    {
      "objectGroups": {
        "name": "bdt_t2_bomb_object_09",
        "objLayer": 2,
        "props": {
          "active": false,
          "army": 2
        },
        "tm": [
          [-0.150408,0.0,-0.988626],
          [0.0,1.0,0.0],
          [0.988626,0.0,-0.150408],
          [-3716.11,61.9,2247.8]
        ],
        "unit_class": "dynBase_field_camp_square"
      }
    },
    {
      "objectGroups": {
        "name": "bdt_t2_bomb_object_10",
        "objLayer": 2,
        "props": {
          "active": false,
          "army": 2
        },
        "tm": [
          [-0.150408,0.0,-0.988626],
          [0.0,1.0,0.0],
          [0.988626,0.0,-0.150408],
          [-3394.35,58.95,4784.1]
        ],
        "unit_class": "dynBase_oil_storage_small_square"
      }
    }
  ],
  "variables": [],
  "wayPoints": []
}