{
  "airfields": [],
  "areas": {
    "at_area": {
      "objLayer": 0,
      "props": [],
      "tm": [
        [-3488.04,0.0,-15615.2],
        [0.0,16000.0,0.0],
        [15615.2,0.0,-3488.04],
        [-4821.18,500.006,2151.43]
      ],
      "type": "Sphere"
    },
    "at_t1_spawn_01_01": {
      "objLayer": 0,
      "props": [],
      "tm": [
        [-0.970751,0.0,0.240092],
        [0.0,1.0,0.0],
        [-0.240092,0.0,-0.970751],
        [2272.71,499.996,-1568.64]
      ],
      "type": "Point"
    },
    "at_t1_spawn_01_02": {
      "objLayer": 0,
      "props": [],
      "tm": [
        [-0.970751,0.0,0.240092],
        [0.0,1.0,0.0],
        [-0.240092,0.0,-0.970751],
        [3171.78,499.997,2487.54]
      ],
      "type": "Point"
    },
    "at_t1_spawn_02_01": {
      "objLayer": 0,
      "props": [],
      "tm": [
        [-0.970751,0.0,0.240092],
        [0.0,1.0,0.0],
        [-0.240092,0.0,-0.970751],
        [1134.27,499.995,-3206.71]
      ],
      "type": "Point"
    },
    "at_t1_spawn_02_02": {
      "objLayer": 0,
      "props": [],
      "tm": [
        [-0.970751,0.0,0.240092],
        [0.0,1.0,0.0],
        [-0.240092,0.0,-0.970751],
        [2841.23,499.996,4685.78]
      ],
      "type": "Point"
    },
    "at_t2_spawn_01_01": {
      "objLayer": 0,
      "props": [],
      "tm": [
        [0.970751,0.0,-0.240092],
        [0.0,1.0,0.0],
        [0.240092,0.0,0.970751],
        [-12810.3,500.006,1804.2]
      ],
      "type": "Point"
    },
    "at_t2_spawn_01_02": {
      "objLayer": 0,
      "props": [],
      "tm": [
        [0.970751,0.0,-0.240092],
        [0.0,1.0,0.0],
        [0.240092,0.0,0.970751],
        [-11912.3,500.006,5853.29]
      ],
      "type": "Point"
    },
    "at_t2_spawn_02_01": {
      "objLayer": 0,
      "props": [],
      "tm": [
        [0.970751,0.0,-0.240092],
        [0.0,1.0,0.0],
        [0.240092,0.0,0.970751],
        [-10694.5,500.006,7623.85]
      ],
      "type": "Point"
    },
    "at_t2_spawn_02_02": {
      "objLayer": 0,
      "props": [],
      "tm": [
        [0.970751,0.0,-0.240092],
        [0.0,1.0,0.0],
        [0.240092,0.0,0.970751],
        [-12451.2,500.006,-195.787]
      ],
      "type": "Point"
    }
  },
  "bin_dump_file": "",
  "dialogs": [],
  "effects": [],
  "imports": {
    "import_record": {
      "excludes": [],
      "file": "gameData/missions/templates/air_templates/gs/assaults_gs_template.blk",
      "importAreas": true,
      "importMissionObjectives": true,
      "importTriggers": true,
      "importUnits": true,
      "importWayPoints": true,
      "showAreas": true,
      "showMissionObjectives": true,
      "showTriggers": true,
      "showUnits": true,
      "showWayPoints": true
    }
  },
  "mission_objectives": {
    "isCategory": true,
    "is_enabled": true
  },
  "mission_settings": {
    "mission": {
      "deathPenaltyMulRounds": 0.0,
      "environment": "Day",
      "level": "levels/berlin.bin",
      "stars": {
        "day": 2,
        "latitude": 52.5,
        "longitude": 13.0,
        "month": 4,
        "year": 1945
      },
      "type": "domination",
      "weather": "hazy"
    },
    "player": {
      "army": 1,
      "wing": ""
    },
    "player_teamB": {
      "army": 2,
      "wing": ""
    },
    "spectator_points": []
  },
  "objLayers": [],
  "selected_tag": "",
  "triggers": {
    "isCategory": true,
    "is_enabled": true
  },
  "units": [],
  "variables": {
    "ai_assaults_saved": 0,
    "ft_helicopters_pad_exclusive": false
  },
  "wayPoints": []
}