{
  "airfields": {},
  "areas": {
    "t1_lookup_point_01": {
      "objLayer": 0,
      "props": {},
      "tm": [
        [-0.642787,0.0,0.766044],
        [0.0,1.0,0.0],
        [-0.766044,0.0,-0.642787],
        [15000.0,3500.0,-10000.0]
      ],
      "type": "Point"
    },
    "t1_lookup_point_02": {
      "objLayer": 0,
      "props": {},
      "tm": [
        [-0.642787,0.0,0.766044],
        [0.0,1.0,0.0],
        [-0.766044,0.0,-0.642787],
        [0.0,3500.0,-10000.0]
      ],
      "type": "Point"
    },
    "t1_lookup_point_03": {
      "objLayer": 0,
      "props": {},
      "tm": [
        [-0.642787,0.0,0.766044],
        [0.0,1.0,0.0],
        [-0.766044,0.0,-0.642787],
        [-15000.0,3500.0,-10000.0]
      ],
      "type": "Point"
    },
    "t1_lookup_retreat_point": {
      "objLayer": 0,
      "props": {},
      "tm": [
        [-0.000732422,0.0,-9000.0],
        [0.0,9000.0,0.0],
        [9000.0,0.0,-0.000732422],
        [0.0,4500.0,30000.0]
      ],
      "type": "Point"
    },
    "t1_lookup_spawn_01": {
      "objLayer": 0,
      "props": {},
      "tm": [
        [-0.0436194,0.0,-0.999048],
        [0.0,1.0,0.0],
        [0.999048,0.0,-0.0436194],
        [-5000.0,4500.0,26000.0]
      ],
      "type": "Point"
    },
    "t1_lookup_spawn_02": {
      "objLayer": 0,
      "props": {},
      "tm": [
        [-0.0436194,0.0,-0.999048],
        [0.0,1.0,0.0],
        [0.999048,0.0,-0.0436194],
        [20000.0,4500.0,26000.0]
      ],
      "type": "Point"
    },
    "t1_lookup_spawn_03": {
      "objLayer": 0,
      "props": {},
      "tm": [
        [-0.0436194,0.0,-0.999048],
        [0.0,1.0,0.0],
        [0.999048,0.0,-0.0436194],
        [-20000.0,4500.0,26000.0]
      ],
      "type": "Point"
    },
    "t1_lookup_spawn_04": {
      "objLayer": 0,
      "props": {},
      "tm": [
        [-0.0436194,0.0,-0.999048],
        [0.0,1.0,0.0],
        [0.999048,0.0,-0.0436194],
        [5000.0,4500.0,26000.0]
      ],
      "type": "Point"
    },
    "t2_lookup_point_01": {
      "objLayer": 0,
      "props": {},
      "tm": [
        [-0.642787,0.0,0.766044],
        [0.0,1.0,0.0],
        [-0.766044,0.0,-0.642787],
        [15000.0,3500.0,10000.0]
      ],
      "type": "Point"
    },
    "t2_lookup_point_02": {
      "objLayer": 0,
      "props": {},
      "tm": [
        [-0.642787,0.0,0.766044],
        [0.0,1.0,0.0],
        [-0.766044,0.0,-0.642787],
        [0.0,3500.0,10000.0]
      ],
      "type": "Point"
    },
    "t2_lookup_point_03": {
      "objLayer": 0,
      "props": {},
      "tm": [
        [-0.642787,0.0,0.766044],
        [0.0,1.0,0.0],
        [-0.766044,0.0,-0.642787],
        [-15000.0,3500.0,10000.0]
      ],
      "type": "Point"
    },
    "t2_lookup_retreat_point": {
      "objLayer": 0,
      "props": {},
      "tm": [
        [0.0,0.0,9000.0],
        [0.0,9000.0,0.0],
        [-9000.0,0.0,0.0],
        [0.0,4500.0,-30000.0]
      ],
      "type": "Point"
    },
    "t2_lookup_spawn_01": {
      "objLayer": 0,
      "props": {},
      "tm": [
        [-0.173648,0.0,0.984808],
        [0.0,1.0,0.0],
        [-0.984808,0.0,-0.173648],
        [-5000.0,4500.0,-26000.0]
      ],
      "type": "Point"
    },
    "t2_lookup_spawn_02": {
      "objLayer": 0,
      "props": {},
      "tm": [
        [-0.173648,0.0,0.984808],
        [0.0,1.0,0.0],
        [-0.984808,0.0,-0.173648],
        [20000.0,4500.0,-26000.0]
      ],
      "type": "Point"
    },
    "t2_lookup_spawn_03": {
      "objLayer": 0,
      "props": {},
      "tm": [
        [-0.173648,0.0,0.984808],
        [0.0,1.0,0.0],
        [-0.984808,0.0,-0.173648],
        [-20000.0,4500.0,-26000.0]
      ],
      "type": "Point"
    },
    "t2_lookup_spawn_04": {
      "objLayer": 0,
      "props": {},
      "tm": [
        [-0.173648,0.0,0.984808],
        [0.0,1.0,0.0],
        [-0.984808,0.0,-0.173648],
        [-5000.0,4500.0,-26000.0]
      ],
      "type": "Point"
    }
  },
  "bin_dump_file": "",
  "dialogs": {},
  "effects": {},
  "imports": {
    "import_record": [
      {
        "excludes": {},
        "file": "gameData/missions/templates/enduring_confrontation/lpt_lookup_template.blk",
        "importAreas": true,
        "importMissionObjectives": true,
        "importTriggers": true,
        "importUnits": true,
        "importWayPoints": true,
        "showAreas": true,
        "showMissionObjectives": true,
        "showTriggers": true,
        "showUnits": true,
        "showWayPoints": true
      },
      {
        "excludes": {},
        "file": "gameData/missions/templates/units_sets/plane_sets_lookups/lpt_t1_ussr_rank_01.blk",
        "importAreas": true,
        "importMissionObjectives": true,
        "importTriggers": true,
        "importUnits": true,
        "importWayPoints": true,
        "rankRange": [0,3],
        "showAreas": true,
        "showMissionObjectives": true,
        "showTriggers": true,
        "showUnits": true,
        "showWayPoints": true
      },
      {
        "excludes": {},
        "file": "gameData/missions/templates/units_sets/plane_sets_lookups/lpt_t1_ussr_rank_02.blk",
        "importAreas": true,
        "importMissionObjectives": true,
        "importTriggers": true,
        "importUnits": true,
        "importWayPoints": true,
        "rankRange": [4,7],
        "showAreas": true,
        "showMissionObjectives": true,
        "showTriggers": true,
        "showUnits": true,
        "showWayPoints": true
      },
      {
        "excludes": {},
        "file": "gameData/missions/templates/units_sets/plane_sets_lookups/lpt_t1_ussr_rank_03.blk",
        "importAreas": true,
        "importMissionObjectives": true,
        "importTriggers": true,
        "importUnits": true,
        "importWayPoints": true,
        "rankRange": [8,11],
        "showAreas": true,
        "showMissionObjectives": true,
        "showTriggers": true,
        "showUnits": true,
        "showWayPoints": true
      },
      {
        "excludes": {},
        "file": "gameData/missions/templates/units_sets/plane_sets_lookups/lpt_t1_ussr_rank_04.blk",
        "importAreas": true,
        "importMissionObjectives": true,
        "importTriggers": true,
        "importUnits": true,
        "importWayPoints": true,
        "rankRange": [12,16],
        "showAreas": true,
        "showMissionObjectives": true,
        "showTriggers": true,
        "showUnits": true,
        "showWayPoints": true
      },
      {
        "excludes": {},
        "file": "gameData/missions/templates/units_sets/plane_sets_lookups/lpt_t1_ussr_rank_05.blk",
        "importAreas": true,
        "importMissionObjectives": true,
        "importTriggers": true,
        "importUnits": true,
        "importWayPoints": true,
        "rankRange": [17,20],
        "showAreas": true,
        "showMissionObjectives": true,
        "showTriggers": true,
        "showUnits": true,
        "showWayPoints": true
      },
      {
        "excludes": {},
        "file": "gameData/missions/templates/units_sets/plane_sets_lookups/lpt_t1_ussr_rank_06.blk",
        "importAreas": true,
        "importMissionObjectives": true,
        "importTriggers": true,
        "importUnits": true,
        "importWayPoints": true,
        "rankRange": [21,250],
        "showAreas": true,
        "showMissionObjectives": true,
        "showTriggers": true,
        "showUnits": true,
        "showWayPoints": true
      },
      {
        "excludes": {},
        "file": "gameData/missions/templates/units_sets/plane_sets_lookups/lpt_t1_ussr_rank_07.blk",
        "importAreas": true,
        "importMissionObjectives": true,
        "importTriggers": true,
        "importUnits": true,
        "importWayPoints": true,
        "rankRange": [260,500],
        "showAreas": true,
        "showMissionObjectives": true,
        "showTriggers": true,
        "showUnits": true,
        "showWayPoints": true
      },
      {
        "excludes": {},
        "file": "gameData/missions/templates/units_sets/plane_sets_lookups/lpt_t2_jpn_rank_01.blk",
        "importAreas": true,
        "importMissionObjectives": true,
        "importTriggers": true,
        "importUnits": true,
        "importWayPoints": true,
        "rankRange": [0,3],
        "showAreas": true,
        "showMissionObjectives": true,
        "showTriggers": true,
        "showUnits": true,
        "showWayPoints": true
      },
      {
        "excludes": {},
        "file": "gameData/missions/templates/units_sets/plane_sets_lookups/lpt_t2_jpn_rank_02.blk",
        "importAreas": true,
        "importMissionObjectives": true,
        "importTriggers": true,
        "importUnits": true,
        "importWayPoints": true,
        "rankRange": [4,7],
        "showAreas": true,
        "showMissionObjectives": true,
        "showTriggers": true,
        "showUnits": true,
        "showWayPoints": true
      },
      {
        "excludes": {},
        "file": "gameData/missions/templates/units_sets/plane_sets_lookups/lpt_t2_jpn_rank_03.blk",
        "importAreas": true,
        "importMissionObjectives": true,
        "importTriggers": true,
        "importUnits": true,
        "importWayPoints": true,
        "rankRange": [8,11],
        "showAreas": true,
        "showMissionObjectives": true,
        "showTriggers": true,
        "showUnits": true,
        "showWayPoints": true
      },
      {
        "excludes": {},
        "file": "gameData/missions/templates/units_sets/plane_sets_lookups/lpt_t2_jpn_rank_04.blk",
        "importAreas": true,
        "importMissionObjectives": true,
        "importTriggers": true,
        "importUnits": true,
        "importWayPoints": true,
        "rankRange": [12,16],
        "showAreas": true,
        "showMissionObjectives": true,
        "showTriggers": true,
        "showUnits": true,
        "showWayPoints": true
      },
      {
        "excludes": {},
        "file": "gameData/missions/templates/units_sets/plane_sets_lookups/lpt_t2_jpn_rank_05.blk",
        "importAreas": true,
        "importMissionObjectives": true,
        "importTriggers": true,
        "importUnits": true,
        "importWayPoints": true,
        "rankRange": [17,20],
        "showAreas": true,
        "showMissionObjectives": true,
        "showTriggers": true,
        "showUnits": true,
        "showWayPoints": true
      },
      {
        "excludes": {},
        "file": "gameData/missions/templates/units_sets/plane_sets_lookups/lpt_t2_jpn_rank_06.blk",
        "importAreas": true,
        "importMissionObjectives": true,
        "importTriggers": true,
        "importUnits": true,
        "importWayPoints": true,
        "rankRange": [21,250],
        "showAreas": true,
        "showMissionObjectives": true,
        "showTriggers": true,
        "showUnits": true,
        "showWayPoints": true
      },
      {
        "excludes": {},
        "file": "gameData/missions/templates/units_sets/plane_sets_lookups/lpt_t2_jpn_rank_07.blk",
        "importAreas": true,
        "importMissionObjectives": true,
        "importTriggers": true,
        "importUnits": true,
        "importWayPoints": true,
        "rankRange": [260,500],
        "showAreas": true,
        "showMissionObjectives": true,
        "showTriggers": true,
        "showUnits": true,
        "showWayPoints": true
      }
    ]
  },
  "mission_objectives": {
    "isCategory": true,
    "is_enabled": true
  },
  "mission_settings": {
    "mission": {
      "environment": "Day",
      "level": "levels/water.bin",
      "optionalTakeOff": false,
      "restoreType": "attempts",
      "type": "singleMission",
      "weather": "hazy"
    },
    "player": {
      "army": 1,
      "wing": "armada_01"
    },
    "player_teamB": {
      "army": 2
    },
    "spectator_points": {}
  },
  "objLayers": {
    "layer": [
      {
        "enabled": true
      },
      {
        "enabled": true
      },
      {
        "enabled": true
      },
      {
        "enabled": true
      }
    ]
  },
  "selected_tag": "",
  "triggers": {
    "isCategory": true,
    "is_enabled": true,
    "lpt_part_init": {
      "actions": {
        "comment": {
          "value": "kolichestvo tochek +1"
        },
        "varSetInt": {
          "value": 4,
          "var": "lpt_num_points"
        }
      },
      "comments": "",
      "conditions": {},
      "else_actions": {},
      "events": {
        "initMission": {}
      },
      "is_enabled": true,
      "props": {
        "actionsType": "PERFORM_ONE_BY_ONE",
        "conditionsType": "ALL",
        "enableAfterComplete": false
      }
    }
  },
  "units": {},
  "variables": {},
  "wayPoints": {}
}