{
  "airfields": {},
  "areas": {},
  "bin_dump_file": "",
  "dialogs": {},
  "effects": {},
  "imports": {},
  "mission_objectives": {
    "isCategory": true,
    "is_enabled": true
  },
  "mission_settings": {
    "mission": {
      "environment": "Day",
      "level": "levels/avg_japan.bin",
      "type": "domination",
      "weather": "clear"
    },
    "player": {
      "army": 1
    },
    "player_teamB": {
      "army": 2
    }
  },
  "objLayers": {
    "layer": [
      {
        "enabled": true
      },
      {
        "enabled": true
      },
      {
        "enabled": true
      },
      {
        "enabled": true
      },
      {
        "enabled": true
      }
    ]
  },
  "selected_tag": "",
  "triggers": {
    "isCategory": true,
    "is_enabled": true
  },
  "units": {
    "air_defence": [
      {
        "bullets0": "",
        "bullets1": "",
        "bullets2": "",
        "bullets3": "",
        "bulletsCount0": 0,
        "bulletsCount1": 0,
        "bulletsCount2": 0,
        "bulletsCount3": 0,
        "closed_waypoints": false,
        "isShipSpline": false,
        "name": "t1_airfield_aaa_small_01",
        "objLayer": 1,
        "props": {
          "army": 1,
          "attack_type": "fire_at_will",
          "count": 1,
          "formation_div": 3,
          "formation_noise": [0.1,0.1],
          "formation_step": [2.5,2.0],
          "formation_type": "rows",
          "uniqueName": ""
        },
        "shipTurnRadius": 100.0,
        "tm": [
          [-0.884992,0.0,0.465605],
          [0.0,1.0,0.0],
          [-0.465605,0.0,-0.884992],
          [1458.26,541.618,-6480.75]
        ],
        "unit_class": "ussr_37mm_61k_airfield",
        "way": {},
        "weapons": ""
      },
      {
        "bullets0": "",
        "bullets1": "",
        "bullets2": "",
        "bullets3": "",
        "bulletsCount0": 0,
        "bulletsCount1": 0,
        "bulletsCount2": 0,
        "bulletsCount3": 0,
        "closed_waypoints": false,
        "isShipSpline": false,
        "name": "t1_airfield_aaa_small_02",
        "objLayer": 1,
        "props": {
          "army": 1,
          "attack_type": "fire_at_will",
          "count": 1,
          "formation_div": 3,
          "formation_noise": [0.1,0.1],
          "formation_step": [2.5,2.0],
          "formation_type": "rows",
          "uniqueName": ""
        },
        "shipTurnRadius": 100.0,
        "tm": [
          [-0.884992,0.0,0.465605],
          [0.0,1.0,0.0],
          [-0.465605,0.0,-0.884992],
          [1542.47,547.052,-6306.01]
        ],
        "unit_class": "ussr_37mm_61k_airfield",
        "way": {},
        "weapons": ""
      },
      {
        "bullets0": "",
        "bullets1": "",
        "bullets2": "",
        "bullets3": "",
        "bulletsCount0": 0,
        "bulletsCount1": 0,
        "bulletsCount2": 0,
        "bulletsCount3": 0,
        "closed_waypoints": false,
        "isShipSpline": false,
        "name": "t1_airfield_aaa_small_03",
        "objLayer": 1,
        "props": {
          "army": 1,
          "attack_type": "fire_at_will",
          "count": 1,
          "formation_div": 3,
          "formation_noise": [0.1,0.1],
          "formation_step": [2.5,2.0],
          "formation_type": "rows",
          "uniqueName": ""
        },
        "shipTurnRadius": 100.0,
        "tm": [
          [-0.975345,0.0,0.220688],
          [0.0,1.0,0.0],
          [-0.220688,0.0,-0.975345],
          [1722.93,550.409,-5523.73]
        ],
        "unit_class": "ussr_37mm_61k_airfield",
        "way": {},
        "weapons": ""
      },
      {
        "bullets0": "",
        "bullets1": "",
        "bullets2": "",
        "bullets3": "",
        "bulletsCount0": 0,
        "bulletsCount1": 0,
        "bulletsCount2": 0,
        "bulletsCount3": 0,
        "closed_waypoints": false,
        "isShipSpline": false,
        "name": "t1_airfield_aaa_small_04",
        "objLayer": 1,
        "props": {
          "army": 1,
          "attack_type": "fire_at_will",
          "count": 1,
          "formation_div": 3,
          "formation_noise": [0.1,0.1],
          "formation_step": [2.5,2.0],
          "formation_type": "rows",
          "uniqueName": ""
        },
        "shipTurnRadius": 100.0,
        "tm": [
          [-0.884992,0.0,0.465605],
          [0.0,1.0,0.0],
          [-0.465605,0.0,-0.884992],
          [1630.82,552.046,-6149.69]
        ],
        "unit_class": "ussr_37mm_61k_airfield",
        "way": {},
        "weapons": ""
      },
      {
        "bullets0": "",
        "bullets1": "",
        "bullets2": "",
        "bullets3": "",
        "bulletsCount0": 0,
        "bulletsCount1": 0,
        "bulletsCount2": 0,
        "bulletsCount3": 0,
        "closed_waypoints": false,
        "isShipSpline": false,
        "name": "t1_airfield_aaa_small_05",
        "objLayer": 1,
        "props": {
          "army": 1,
          "attack_type": "fire_at_will",
          "count": 1,
          "formation_div": 3,
          "formation_noise": [0.1,0.1],
          "formation_step": [2.5,2.0],
          "formation_type": "rows",
          "uniqueName": ""
        },
        "shipTurnRadius": 100.0,
        "tm": [
          [-0.884992,0.0,0.465605],
          [0.0,1.0,0.0],
          [-0.465605,0.0,-0.884992],
          [1667.39,547.012,-5186.49]
        ],
        "unit_class": "ussr_37mm_61k_airfield",
        "way": {},
        "weapons": ""
      },
      {
        "bullets0": "",
        "bullets1": "",
        "bullets2": "",
        "bullets3": "",
        "bulletsCount0": 0,
        "bulletsCount1": 0,
        "bulletsCount2": 0,
        "bulletsCount3": 0,
        "closed_waypoints": false,
        "isShipSpline": false,
        "name": "t1_airfield_aaa_small_06",
        "objLayer": 1,
        "props": {
          "army": 1,
          "attack_type": "fire_at_will",
          "count": 1,
          "formation_div": 3,
          "formation_noise": [0.1,0.1],
          "formation_step": [2.5,2.0],
          "formation_type": "rows",
          "uniqueName": ""
        },
        "shipTurnRadius": 100.0,
        "tm": [
          [-0.884992,0.0,0.465605],
          [0.0,1.0,0.0],
          [-0.465605,0.0,-0.884992],
          [1776.64,549.465,-5330.47]
        ],
        "unit_class": "ussr_37mm_61k_airfield",
        "way": {},
        "weapons": ""
      },
      {
        "bullets0": "",
        "bullets1": "",
        "bullets2": "",
        "bullets3": "",
        "bulletsCount0": 0,
        "bulletsCount1": 0,
        "bulletsCount2": 0,
        "bulletsCount3": 0,
        "closed_waypoints": false,
        "isShipSpline": false,
        "name": "t1_airfield_aaa_big_01",
        "objLayer": 1,
        "props": {
          "army": 1,
          "attack_type": "fire_at_will",
          "count": 1,
          "formation_div": 3,
          "formation_noise": [0.1,0.1],
          "formation_step": [2.5,2.0],
          "formation_type": "rows",
          "uniqueName": ""
        },
        "shipTurnRadius": 100.0,
        "tm": [
          [-0.975345,0.0,0.220688],
          [0.0,1.0,0.0],
          [-0.220688,0.0,-0.975345],
          [1685.77,551.127,-5665.41]
        ],
        "unit_class": "germ_88mm_flak36",
        "way": {},
        "weapons": ""
      },
      {
        "bullets0": "",
        "bullets1": "",
        "bullets2": "",
        "bullets3": "",
        "bulletsCount0": 0,
        "bulletsCount1": 0,
        "bulletsCount2": 0,
        "bulletsCount3": 0,
        "closed_waypoints": false,
        "isShipSpline": false,
        "name": "t1_airfield_aaa_big_02",
        "objLayer": 1,
        "props": {
          "army": 1,
          "attack_type": "fire_at_will",
          "count": 1,
          "formation_div": 3,
          "formation_noise": [0.1,0.1],
          "formation_step": [2.5,2.0],
          "formation_type": "rows",
          "uniqueName": ""
        },
        "shipTurnRadius": 100.0,
        "tm": [
          [-0.975345,0.0,0.220688],
          [0.0,1.0,0.0],
          [-0.220688,0.0,-0.975345],
          [1635.94,551.013,-5827.32]
        ],
        "unit_class": "germ_88mm_flak36",
        "way": {},
        "weapons": ""
      },
      {
        "bullets0": "",
        "bullets1": "",
        "bullets2": "",
        "bullets3": "",
        "bulletsCount0": 0,
        "bulletsCount1": 0,
        "bulletsCount2": 0,
        "bulletsCount3": 0,
        "closed_waypoints": false,
        "isShipSpline": false,
        "name": "t1_airfield_aaa_big_03",
        "objLayer": 1,
        "props": {
          "army": 1,
          "attack_type": "fire_at_will",
          "count": 1,
          "formation_div": 3,
          "formation_noise": [0.1,0.1],
          "formation_step": [2.5,2.0],
          "formation_type": "rows",
          "uniqueName": ""
        },
        "shipTurnRadius": 100.0,
        "tm": [
          [-0.884992,0.0,0.465605],
          [0.0,1.0,0.0],
          [-0.465605,0.0,-0.884992],
          [1660.62,547.932,-5309.21]
        ],
        "unit_class": "germ_88mm_flak36",
        "way": {},
        "weapons": ""
      },
      {
        "bullets0": "",
        "bullets1": "",
        "bullets2": "",
        "bullets3": "",
        "bulletsCount0": 0,
        "bulletsCount1": 0,
        "bulletsCount2": 0,
        "bulletsCount3": 0,
        "closed_waypoints": false,
        "isShipSpline": false,
        "name": "t1_airfield_aaa_big_04",
        "objLayer": 1,
        "props": {
          "army": 1,
          "attack_type": "fire_at_will",
          "count": 1,
          "formation_div": 3,
          "formation_noise": [0.1,0.1],
          "formation_step": [2.5,2.0],
          "formation_type": "rows",
          "uniqueName": ""
        },
        "shipTurnRadius": 100.0,
        "tm": [
          [-0.884992,0.0,0.465605],
          [0.0,1.0,0.0],
          [-0.465605,0.0,-0.884992],
          [1475.63,548.959,-5948.3]
        ],
        "unit_class": "germ_88mm_flak36",
        "way": {},
        "weapons": ""
      },
      {
        "bullets0": "",
        "bullets1": "",
        "bullets2": "",
        "bullets3": "",
        "bulletsCount0": 0,
        "bulletsCount1": 0,
        "bulletsCount2": 0,
        "bulletsCount3": 0,
        "closed_waypoints": false,
        "isShipSpline": false,
        "name": "t2_airfield_aaa_small_01",
        "objLayer": 1,
        "props": {
          "army": 2,
          "attack_type": "fire_at_will",
          "count": 1,
          "formation_div": 3,
          "formation_noise": [0.1,0.1],
          "formation_step": [2.5,2.0],
          "formation_type": "rows",
          "uniqueName": ""
        },
        "shipTurnRadius": 100.0,
        "tm": [
          [-0.202061,0.0,0.979372],
          [0.0,1.0,0.0],
          [-0.979372,0.0,-0.202061],
          [2342.98,346.792,9082.9]
        ],
        "unit_class": "germ_37mm_flak43_airfield",
        "way": {},
        "weapons": ""
      },
      {
        "bullets0": "",
        "bullets1": "",
        "bullets2": "",
        "bullets3": "",
        "bulletsCount0": 0,
        "bulletsCount1": 0,
        "bulletsCount2": 0,
        "bulletsCount3": 0,
        "closed_waypoints": false,
        "isShipSpline": false,
        "name": "t2_airfield_aaa_small_02",
        "objLayer": 1,
        "props": {
          "army": 2,
          "attack_type": "fire_at_will",
          "count": 1,
          "formation_div": 3,
          "formation_noise": [0.1,0.1],
          "formation_step": [2.5,2.0],
          "formation_type": "rows",
          "uniqueName": ""
        },
        "shipTurnRadius": 100.0,
        "tm": [
          [-0.202061,0.0,0.979372],
          [0.0,1.0,0.0],
          [-0.979372,0.0,-0.202061],
          [3410.46,346.692,9612.67]
        ],
        "unit_class": "germ_37mm_flak43_airfield",
        "way": {},
        "weapons": ""
      },
      {
        "bullets0": "",
        "bullets1": "",
        "bullets2": "",
        "bullets3": "",
        "bulletsCount0": 0,
        "bulletsCount1": 0,
        "bulletsCount2": 0,
        "bulletsCount3": 0,
        "closed_waypoints": false,
        "isShipSpline": false,
        "name": "t2_airfield_aaa_small_03",
        "objLayer": 1,
        "props": {
          "army": 2,
          "attack_type": "fire_at_will",
          "count": 1,
          "formation_div": 3,
          "formation_noise": [0.1,0.1],
          "formation_step": [2.5,2.0],
          "formation_type": "rows",
          "uniqueName": ""
        },
        "shipTurnRadius": 100.0,
        "tm": [
          [-0.202061,0.0,0.979372],
          [0.0,1.0,0.0],
          [-0.979372,0.0,-0.202061],
          [2560.84,344.492,9056.51]
        ],
        "unit_class": "germ_37mm_flak43_airfield",
        "way": {},
        "weapons": ""
      },
      {
        "bullets0": "",
        "bullets1": "",
        "bullets2": "",
        "bullets3": "",
        "bulletsCount0": 0,
        "bulletsCount1": 0,
        "bulletsCount2": 0,
        "bulletsCount3": 0,
        "closed_waypoints": false,
        "isShipSpline": false,
        "name": "t2_airfield_aaa_small_04",
        "objLayer": 1,
        "props": {
          "army": 2,
          "attack_type": "fire_at_will",
          "count": 1,
          "formation_div": 3,
          "formation_noise": [0.1,0.1],
          "formation_step": [2.5,2.0],
          "formation_type": "rows",
          "uniqueName": ""
        },
        "shipTurnRadius": 100.0,
        "tm": [
          [-0.202061,0.0,0.979372],
          [0.0,1.0,0.0],
          [-0.979372,0.0,-0.202061],
          [3047.36,347.502,10028.0]
        ],
        "unit_class": "germ_37mm_flak43_airfield",
        "way": {},
        "weapons": ""
      },
      {
        "bullets0": "",
        "bullets1": "",
        "bullets2": "",
        "bullets3": "",
        "bulletsCount0": 0,
        "bulletsCount1": 0,
        "bulletsCount2": 0,
        "bulletsCount3": 0,
        "closed_waypoints": false,
        "isShipSpline": false,
        "name": "t2_airfield_aaa_small_05",
        "objLayer": 1,
        "props": {
          "army": 2,
          "attack_type": "fire_at_will",
          "count": 1,
          "formation_div": 3,
          "formation_noise": [0.1,0.1],
          "formation_step": [2.5,2.0],
          "formation_type": "rows",
          "uniqueName": ""
        },
        "shipTurnRadius": 100.0,
        "tm": [
          [-0.202061,0.0,0.979372],
          [0.0,1.0,0.0],
          [-0.979372,0.0,-0.202061],
          [3395.42,346.842,9982.07]
        ],
        "unit_class": "germ_37mm_flak43_airfield",
        "way": {},
        "weapons": ""
      },
      {
        "bullets0": "",
        "bullets1": "",
        "bullets2": "",
        "bullets3": "",
        "bulletsCount0": 0,
        "bulletsCount1": 0,
        "bulletsCount2": 0,
        "bulletsCount3": 0,
        "closed_waypoints": false,
        "isShipSpline": false,
        "name": "t2_airfield_aaa_small_06",
        "objLayer": 1,
        "props": {
          "army": 2,
          "attack_type": "fire_at_will",
          "count": 1,
          "formation_div": 3,
          "formation_noise": [0.1,0.1],
          "formation_step": [2.5,2.0],
          "formation_type": "rows",
          "uniqueName": ""
        },
        "shipTurnRadius": 100.0,
        "tm": [
          [-0.202061,0.0,0.979372],
          [0.0,1.0,0.0],
          [-0.979372,0.0,-0.202061],
          [3349.62,346.622,10501.3]
        ],
        "unit_class": "germ_37mm_flak43_airfield",
        "way": {},
        "weapons": ""
      },
      {
        "bullets0": "",
        "bullets1": "",
        "bullets2": "",
        "bullets3": "",
        "bulletsCount0": 0,
        "bulletsCount1": 0,
        "bulletsCount2": 0,
        "bulletsCount3": 0,
        "closed_waypoints": false,
        "isShipSpline": false,
        "name": "t2_airfield_aaa_big_01",
        "objLayer": 1,
        "props": {
          "army": 2,
          "attack_type": "fire_at_will",
          "count": 1,
          "formation_div": 3,
          "formation_noise": [0.1,0.1],
          "formation_step": [2.5,2.0],
          "formation_type": "rows",
          "uniqueName": ""
        },
        "shipTurnRadius": 100.0,
        "tm": [
          [-0.998756,0.0,-0.0498375],
          [0.0,1.0,0.0],
          [0.0498375,0.0,-0.998756],
          [2800.38,346.142,8709.51]
        ],
        "unit_class": "germ_88mm_flak36",
        "way": {},
        "weapons": ""
      },
      {
        "bullets0": "",
        "bullets1": "",
        "bullets2": "",
        "bullets3": "",
        "bulletsCount0": 0,
        "bulletsCount1": 0,
        "bulletsCount2": 0,
        "bulletsCount3": 0,
        "closed_waypoints": false,
        "isShipSpline": false,
        "name": "t2_airfield_aaa_big_02",
        "objLayer": 1,
        "props": {
          "army": 2,
          "attack_type": "fire_at_will",
          "count": 1,
          "formation_div": 3,
          "formation_noise": [0.1,0.1],
          "formation_step": [2.5,2.0],
          "formation_type": "rows",
          "uniqueName": ""
        },
        "shipTurnRadius": 100.0,
        "tm": [
          [-0.202061,0.0,0.979372],
          [0.0,1.0,0.0],
          [-0.979372,0.0,-0.202061],
          [3055.02,347.492,10425.0]
        ],
        "unit_class": "germ_88mm_flak36",
        "way": {},
        "weapons": ""
      },
      {
        "bullets0": "",
        "bullets1": "",
        "bullets2": "",
        "bullets3": "",
        "bulletsCount0": 0,
        "bulletsCount1": 0,
        "bulletsCount2": 0,
        "bulletsCount3": 0,
        "closed_waypoints": false,
        "isShipSpline": false,
        "name": "t2_airfield_aaa_big_03",
        "objLayer": 1,
        "props": {
          "army": 2,
          "attack_type": "fire_at_will",
          "count": 1,
          "formation_div": 3,
          "formation_noise": [0.1,0.1],
          "formation_step": [2.5,2.0],
          "formation_type": "rows",
          "uniqueName": ""
        },
        "shipTurnRadius": 100.0,
        "tm": [
          [-0.998756,0.0,-0.0498375],
          [0.0,1.0,0.0],
          [0.0498375,0.0,-0.998756],
          [3057.68,347.192,9887.78]
        ],
        "unit_class": "germ_88mm_flak36",
        "way": {},
        "weapons": ""
      },
      {
        "bullets0": "",
        "bullets1": "",
        "bullets2": "",
        "bullets3": "",
        "bulletsCount0": 0,
        "bulletsCount1": 0,
        "bulletsCount2": 0,
        "bulletsCount3": 0,
        "closed_waypoints": false,
        "isShipSpline": false,
        "name": "t2_airfield_aaa_big_04",
        "objLayer": 1,
        "props": {
          "army": 2,
          "attack_type": "fire_at_will",
          "count": 1,
          "formation_div": 3,
          "formation_noise": [0.1,0.1],
          "formation_step": [2.5,2.0],
          "formation_type": "rows",
          "uniqueName": ""
        },
        "shipTurnRadius": 100.0,
        "tm": [
          [-0.202061,0.0,0.979372],
          [0.0,1.0,0.0],
          [-0.979372,0.0,-0.202061],
          [3108.33,371.192,9617.27]
        ],
        "unit_class": "germ_88mm_flak36",
        "way": {},
        "weapons": ""
      }
    ],
    "objectGroups": [
      {
        "name": "t1_airfield",
        "objLayer": 2,
        "props": {
          "active": true,
          "army": 1
        },
        "tm": [
          [-0.20192,0.0,-0.979402],
          [0.0,1.0,0.0],
          [0.979402,0.0,-0.20192],
          [1424.57,547.11,-5643.73]
        ],
        "unit_class": "dynAF_kh_gol_airfield_gumrak_small"
      },
      {
        "name": "t2_airfield",
        "objLayer": 2,
        "props": {
          "active": true,
          "army": 2
        },
        "tm": [
          [-0.0745542,0.0,0.997218],
          [0.0,1.0,0.0],
          [-0.997218,0.0,-0.0745542],
          [3163.37,346.852,9821.81]
        ],
        "unit_class": "dynAF_kh_gol_airfield_gumrak_small"
      }
    ],
    "squad": [
      {
        "name": "t1_airfield_aaa_squad",
        "props": {
          "object_marking": 0,
          "squad_members": [
            "t1_airfield_aaa_small_01",
            "t1_airfield_aaa_small_02",
            "t1_airfield_aaa_small_03",
            "t1_airfield_aaa_small_04",
            "t1_airfield_aaa_small_05",
            "t1_airfield_aaa_small_06",
            "t1_airfield_aaa_big_01",
            "t1_airfield_aaa_big_02",
            "t1_airfield_aaa_big_03",
            "t1_airfield_aaa_big_04"
          ]
        },
        "tm": [
          [-0.120226,0.0,0.992746],
          [0.0,1.0,0.0],
          [-0.992746,0.0,-0.120226],
          [1272.27,451.3,-6034.43]
        ]
      },
      {
        "name": "t2_airfield_aaa_squad",
        "props": {
          "object_marking": 0,
          "squad_members": [
            "t2_airfield_aaa_small_01",
            "t2_airfield_aaa_small_02",
            "t2_airfield_aaa_small_03",
            "t2_airfield_aaa_small_04",
            "t2_airfield_aaa_small_05",
            "t2_airfield_aaa_small_06",
            "t2_airfield_aaa_big_01",
            "t2_airfield_aaa_big_02",
            "t2_airfield_aaa_big_03",
            "t2_airfield_aaa_big_04"
          ]
        },
        "tm": [
          [-0.96856,0.0,-0.248777],
          [0.0,1.0,0.0],
          [0.248777,0.0,-0.96856],
          [2526.48,607.572,9577.35]
        ]
      }
    ]
  },
  "variables": {},
  "wayPoints": {}
}