{
  "airfields": [
    []
  ],
  "areas": [
    {
      "bdt_t1_bomb_zone_01": [
        {
          "objLayer": [
            0
          ],
          "props": [
            []
          ],
          "tm": [
            [
              [423.963,0.0,-150.848],
              [0.0,450.0,0.0],
              [150.848,0.0,423.963],
              [6699.81,59.1091,51857.5]
            ]
          ],
          "type": [
            "Sphere"
          ]
        }
      ],
      "bdt_t1_bomb_zone_01_aaa_point_01": [
        {
          "objLayer": [
            0
          ],
          "props": [
            []
          ],
          "tm": [
            [
              [0.968693,0.0,0.248259],
              [0.0,1.0,0.0],
              [-0.248259,0.0,0.968693],
              [6944.2,58.9277,51929.4]
            ]
          ],
          "type": [
            "Point"
          ]
        }
      ],
      "bdt_t1_bomb_zone_01_aaa_point_02": [
        {
          "objLayer": [
            0
          ],
          "props": [
            []
          ],
          "tm": [
            [
              [0.968693,0.0,0.248259],
              [0.0,1.0,0.0],
              [-0.248259,0.0,0.968693],
              [6446.62,60.3182,51855.7]
            ]
          ],
          "type": [
            "Point"
          ]
        }
      ],
      "bdt_t1_bomb_zone_01_aaa_point_03": [
        {
          "objLayer": [
            0
          ],
          "props": [
            []
          ],
          "tm": [
            [
              [0.968693,0.0,0.248259],
              [0.0,1.0,0.0],
              [-0.248259,0.0,0.968693],
              [6728.94,55.7167,51626.1]
            ]
          ],
          "type": [
            "Point"
          ]
        }
      ],
      "bdt_t1_bomb_zone_01_aaa_point_04": [
        {
          "objLayer": [
            0
          ],
          "props": [
            []
          ],
          "tm": [
            [
              [0.968693,0.0,0.248259],
              [0.0,1.0,0.0],
              [-0.248259,0.0,0.968693],
              [6511.38,57.7549,51695.7]
            ]
          ],
          "type": [
            "Point"
          ]
        }
      ],
      "bdt_t1_bomb_zone_02": [
        {
          "objLayer": [
            0
          ],
          "props": [
            []
          ],
          "tm": [
            [
              [442.587,0.0,81.3436],
              [0.0,450.0,0.0],
              [-81.3436,0.0,442.587],
              [8585.7,149.578,49023.3]
            ]
          ],
          "type": [
            "Sphere"
          ]
        }
      ],
      "bdt_t1_bomb_zone_02_aaa_point_01": [
        {
          "objLayer": [
            0
          ],
          "props": [
            []
          ],
          "tm": [
            [
              [0.968693,0.0,0.248259],
              [0.0,1.0,0.0],
              [-0.248259,0.0,0.968693],
              [8734.61,149.359,49249.0]
            ]
          ],
          "type": [
            "Point"
          ]
        }
      ],
      "bdt_t1_bomb_zone_02_aaa_point_02": [
        {
          "objLayer": [
            0
          ],
          "props": [
            []
          ],
          "tm": [
            [
              [0.968693,0.0,0.248259],
              [0.0,1.0,0.0],
              [-0.248259,0.0,0.968693],
              [8444.32,149.466,49248.5]
            ]
          ],
          "type": [
            "Point"
          ]
        }
      ],
      "bdt_t1_bomb_zone_02_aaa_point_03": [
        {
          "objLayer": [
            0
          ],
          "props": [
            []
          ],
          "tm": [
            [
              [0.968693,0.0,0.248259],
              [0.0,1.0,0.0],
              [-0.248259,0.0,0.968693],
              [8634.25,149.904,48575.4]
            ]
          ],
          "type": [
            "Point"
          ]
        }
      ],
      "bdt_t1_bomb_zone_02_aaa_point_04": [
        {
          "objLayer": [
            0
          ],
          "props": [
            []
          ],
          "tm": [
            [
              [0.968693,0.0,0.248259],
              [0.0,1.0,0.0],
              [-0.248259,0.0,0.968693],
              [8259.75,149.716,48977.3]
            ]
          ],
          "type": [
            "Point"
          ]
        }
      ],
      "bdt_t1_bomb_zone_03": [
        {
          "objLayer": [
            0
          ],
          "props": [
            []
          ],
          "tm": [
            [
              [438.618,0.0,100.573],
              [0.0,450.0,0.0],
              [-100.573,0.0,438.618],
              [8136.75,49.9376,40932.6]
            ]
          ],
          "type": [
            "Sphere"
          ]
        }
      ],
      "bdt_t1_bomb_zone_03_aaa_point_01": [
        {
          "objLayer": [
            0
          ],
          "props": [
            []
          ],
          "tm": [
            [
              [0.968693,0.0,0.248259],
              [0.0,1.0,0.0],
              [-0.248259,0.0,0.968693],
              [7998.31,60.6978,40657.7]
            ]
          ],
          "type": [
            "Point"
          ]
        }
      ],
      "bdt_t1_bomb_zone_03_aaa_point_02": [
        {
          "objLayer": [
            0
          ],
          "props": [
            []
          ],
          "tm": [
            [
              [0.968693,0.0,0.248259],
              [0.0,1.0,0.0],
              [-0.248259,0.0,0.968693],
              [8232.22,40.3431,41155.1]
            ]
          ],
          "type": [
            "Point"
          ]
        }
      ],
      "bdt_t1_bomb_zone_03_aaa_point_03": [
        {
          "objLayer": [
            0
          ],
          "props": [
            []
          ],
          "tm": [
            [
              [0.968693,0.0,0.248259],
              [0.0,1.0,0.0],
              [-0.248259,0.0,0.968693],
              [7952.29,41.0204,41152.2]
            ]
          ],
          "type": [
            "Point"
          ]
        }
      ],
      "bdt_t1_bomb_zone_03_aaa_point_04": [
        {
          "objLayer": [
            0
          ],
          "props": [
            []
          ],
          "tm": [
            [
              [0.968693,0.0,0.248259],
              [0.0,1.0,0.0],
              [-0.248259,0.0,0.968693],
              [8365.36,51.72,40806.8]
            ]
          ],
          "type": [
            "Point"
          ]
        }
      ],
      "bdt_t1_bomb_zone_04": [
        {
          "objLayer": [
            0
          ],
          "props": [
            []
          ],
          "tm": [
            [
              [438.618,0.0,100.573],
              [0.0,450.0,0.0],
              [-100.573,0.0,438.618],
              [5784.3,45.2365,38747.5]
            ]
          ],
          "type": [
            "Sphere"
          ]
        }
      ],
      "bdt_t1_bomb_zone_04_aaa_point_01": [
        {
          "objLayer": [
            0
          ],
          "props": [
            []
          ],
          "tm": [
            [
              [0.968693,0.0,0.248259],
              [0.0,1.0,0.0],
              [-0.248259,0.0,0.968693],
              [6095.68,50.7145,38688.9]
            ]
          ],
          "type": [
            "Point"
          ]
        }
      ],
      "bdt_t1_bomb_zone_04_aaa_point_02": [
        {
          "objLayer": [
            0
          ],
          "props": [
            []
          ],
          "tm": [
            [
              [0.968693,0.0,0.248259],
              [0.0,1.0,0.0],
              [-0.248259,0.0,0.968693],
              [5922.29,45.0825,38959.3]
            ]
          ],
          "type": [
            "Point"
          ]
        }
      ],
      "bdt_t1_bomb_zone_04_aaa_point_03": [
        {
          "objLayer": [
            0
          ],
          "props": [
            []
          ],
          "tm": [
            [
              [0.968693,0.0,0.248259],
              [0.0,1.0,0.0],
              [-0.248259,0.0,0.968693],
              [5850.66,49.1395,38464.3]
            ]
          ],
          "type": [
            "Point"
          ]
        }
      ],
      "bdt_t1_bomb_zone_04_aaa_point_04": [
        {
          "objLayer": [
            0
          ],
          "props": [
            []
          ],
          "tm": [
            [
              [0.968693,0.0,0.248259],
              [0.0,1.0,0.0],
              [-0.248259,0.0,0.968693],
              [5565.32,52.7515,38972.4]
            ]
          ],
          "type": [
            "Point"
          ]
        }
      ],
      "bdt_t1_bomb_zone_05": [
        {
          "objLayer": [
            0
          ],
          "props": [
            []
          ],
          "tm": [
            [
              [438.618,0.0,100.573],
              [0.0,450.0,0.0],
              [-100.573,0.0,438.618],
              [7298.3,43.7167,37688.0]
            ]
          ],
          "type": [
            "Sphere"
          ]
        }
      ],
      "bdt_t1_bomb_zone_05_aaa_point_01": [
        {
          "objLayer": [
            0
          ],
          "props": [
            []
          ],
          "tm": [
            [
              [0.968693,0.0,0.248259],
              [0.0,1.0,0.0],
              [-0.248259,0.0,0.968693],
              [7028.08,43.8821,37642.3]
            ]
          ],
          "type": [
            "Point"
          ]
        }
      ],
      "bdt_t1_bomb_zone_05_aaa_point_02": [
        {
          "objLayer": [
            0
          ],
          "props": [
            []
          ],
          "tm": [
            [
              [0.968693,0.0,0.248259],
              [0.0,1.0,0.0],
              [-0.248259,0.0,0.968693],
              [7329.89,44.5818,37394.2]
            ]
          ],
          "type": [
            "Point"
          ]
        }
      ],
      "bdt_t1_bomb_zone_05_aaa_point_03": [
        {
          "objLayer": [
            0
          ],
          "props": [
            []
          ],
          "tm": [
            [
              [0.968693,0.0,0.248259],
              [0.0,1.0,0.0],
              [-0.248259,0.0,0.968693],
              [7746.83,43.6496,37693.7]
            ]
          ],
          "type": [
            "Point"
          ]
        }
      ],
      "bdt_t1_bomb_zone_05_aaa_point_04": [
        {
          "objLayer": [
            0
          ],
          "props": [
            []
          ],
          "tm": [
            [
              [0.968693,0.0,0.248259],
              [0.0,1.0,0.0],
              [-0.248259,0.0,0.968693],
              [7451.65,43.0157,37919.3]
            ]
          ],
          "type": [
            "Point"
          ]
        }
      ],
      "bdt_t1_bomb_zone_06": [
        {
          "objLayer": [
            0
          ],
          "props": [
            []
          ],
          "tm": [
            [
              [438.618,0.0,100.573],
              [0.0,450.0,0.0],
              [-100.573,0.0,438.618],
              [8720.28,80.4999,39615.4]
            ]
          ],
          "type": [
            "Sphere"
          ]
        }
      ],
      "bdt_t1_bomb_zone_06_aaa_point_01": [
        {
          "objLayer": [
            0
          ],
          "props": [
            []
          ],
          "tm": [
            [
              [0.968693,0.0,0.248259],
              [0.0,1.0,0.0],
              [-0.248259,0.0,0.968693],
              [8616.69,64.7349,39294.4]
            ]
          ],
          "type": [
            "Point"
          ]
        }
      ],
      "bdt_t1_bomb_zone_06_aaa_point_02": [
        {
          "objLayer": [
            0
          ],
          "props": [
            []
          ],
          "tm": [
            [
              [0.968693,0.0,0.248259],
              [0.0,1.0,0.0],
              [-0.248259,0.0,0.968693],
              [8426.65,63.9434,39476.9]
            ]
          ],
          "type": [
            "Point"
          ]
        }
      ],
      "bdt_t1_bomb_zone_06_aaa_point_03": [
        {
          "objLayer": [
            0
          ],
          "props": [
            []
          ],
          "tm": [
            [
              [0.968693,0.0,0.248259],
              [0.0,1.0,0.0],
              [-0.248259,0.0,0.968693],
              [8653.39,84.3052,39917.3]
            ]
          ],
          "type": [
            "Point"
          ]
        }
      ],
      "bdt_t1_bomb_zone_06_aaa_point_04": [
        {
          "objLayer": [
            0
          ],
          "props": [
            []
          ],
          "tm": [
            [
              [0.968693,0.0,0.248259],
              [0.0,1.0,0.0],
              [-0.248259,0.0,0.968693],
              [9011.88,88.2771,39555.5]
            ]
          ],
          "type": [
            "Point"
          ]
        }
      ],
      "bdt_t1_bomb_zone_07": [
        {
          "objLayer": [
            0
          ],
          "props": [
            []
          ],
          "tm": [
            [
              [438.618,0.0,100.573],
              [0.0,450.0,0.0],
              [-100.573,0.0,438.618],
              [10092.9,64.5005,41029.5]
            ]
          ],
          "type": [
            "Sphere"
          ]
        }
      ],
      "bdt_t1_bomb_zone_07_aaa_point_01": [
        {
          "objLayer": [
            0
          ],
          "props": [
            []
          ],
          "tm": [
            [
              [0.968693,0.0,0.248259],
              [0.0,1.0,0.0],
              [-0.248259,0.0,0.968693],
              [10172.7,61.9688,41320.0]
            ]
          ],
          "type": [
            "Point"
          ]
        }
      ],
      "bdt_t1_bomb_zone_07_aaa_point_02": [
        {
          "objLayer": [
            0
          ],
          "props": [
            []
          ],
          "tm": [
            [
              [0.968693,0.0,0.248259],
              [0.0,1.0,0.0],
              [-0.248259,0.0,0.968693],
              [9996.04,72.1669,40694.4]
            ]
          ],
          "type": [
            "Point"
          ]
        }
      ],
      "bdt_t1_bomb_zone_07_aaa_point_03": [
        {
          "objLayer": [
            0
          ],
          "props": [
            []
          ],
          "tm": [
            [
              [0.968693,0.0,0.248259],
              [0.0,1.0,0.0],
              [-0.248259,0.0,0.968693],
              [10419.9,73.7742,40952.2]
            ]
          ],
          "type": [
            "Point"
          ]
        }
      ],
      "bdt_t1_bomb_zone_07_aaa_point_04": [
        {
          "objLayer": [
            0
          ],
          "props": [
            []
          ],
          "tm": [
            [
              [0.968693,0.0,0.248259],
              [0.0,1.0,0.0],
              [-0.248259,0.0,0.968693],
              [9819.05,54.3928,41323.4]
            ]
          ],
          "type": [
            "Point"
          ]
        }
      ],
      "bdt_t1_bomb_zone_08": [
        {
          "objLayer": [
            0
          ],
          "props": [
            []
          ],
          "tm": [
            [
              [423.963,0.0,-150.848],
              [0.0,450.0,0.0],
              [150.848,0.0,423.963],
              [7735.12,186.45,52982.3]
            ]
          ],
          "type": [
            "Sphere"
          ]
        }
      ],
      "bdt_t1_bomb_zone_08_aaa_point_01": [
        {
          "objLayer": [
            0
          ],
          "props": [
            []
          ],
          "tm": [
            [
              [0.968693,0.0,0.248259],
              [0.0,1.0,0.0],
              [-0.248259,0.0,0.968693],
              [7585.33,186.442,53254.5]
            ]
          ],
          "type": [
            "Point"
          ]
        }
      ],
      "bdt_t1_bomb_zone_08_aaa_point_02": [
        {
          "objLayer": [
            0
          ],
          "props": [
            []
          ],
          "tm": [
            [
              [0.968693,0.0,0.248259],
              [0.0,1.0,0.0],
              [-0.248259,0.0,0.968693],
              [7487.89,186.446,52802.0]
            ]
          ],
          "type": [
            "Point"
          ]
        }
      ],
      "bdt_t1_bomb_zone_08_aaa_point_03": [
        {
          "objLayer": [
            0
          ],
          "props": [
            []
          ],
          "tm": [
            [
              [0.968693,0.0,0.248259],
              [0.0,1.0,0.0],
              [-0.248259,0.0,0.968693],
              [7881.83,186.459,52656.0]
            ]
          ],
          "type": [
            "Point"
          ]
        }
      ],
      "bdt_t1_bomb_zone_08_aaa_point_04": [
        {
          "objLayer": [
            0
          ],
          "props": [
            []
          ],
          "tm": [
            [
              [0.968693,0.0,0.248259],
              [0.0,1.0,0.0],
              [-0.248259,0.0,0.968693],
              [7997.29,186.457,53055.5]
            ]
          ],
          "type": [
            "Point"
          ]
        }
      ],
      "bdt_t1_bomb_zone_09": [
        {
          "objLayer": [
            0
          ],
          "props": [
            []
          ],
          "tm": [
            [
              [423.963,0.0,-150.848],
              [0.0,450.0,0.0],
              [150.848,0.0,423.963],
              [9028.2,155.944,50989.0]
            ]
          ],
          "type": [
            "Sphere"
          ]
        }
      ],
      "bdt_t1_bomb_zone_09_aaa_point_01": [
        {
          "objLayer": [
            0
          ],
          "props": [
            []
          ],
          "tm": [
            [
              [0.968693,0.0,0.248259],
              [0.0,1.0,0.0],
              [-0.248259,0.0,0.968693],
              [8581.06,148.916,50960.7]
            ]
          ],
          "type": [
            "Point"
          ]
        }
      ],
      "bdt_t1_bomb_zone_09_aaa_point_02": [
        {
          "objLayer": [
            0
          ],
          "props": [
            []
          ],
          "tm": [
            [
              [0.968693,0.0,0.248259],
              [0.0,1.0,0.0],
              [-0.248259,0.0,0.968693],
              [8913.3,155.947,50595.1]
            ]
          ],
          "type": [
            "Point"
          ]
        }
      ],
      "bdt_t1_bomb_zone_09_aaa_point_03": [
        {
          "objLayer": [
            0
          ],
          "props": [
            []
          ],
          "tm": [
            [
              [0.968693,0.0,0.248259],
              [0.0,1.0,0.0],
              [-0.248259,0.0,0.968693],
              [8830.32,47.1839,51507.2]
            ]
          ],
          "type": [
            "Point"
          ]
        }
      ],
      "bdt_t1_bomb_zone_09_aaa_point_04": [
        {
          "objLayer": [
            0
          ],
          "props": [
            []
          ],
          "tm": [
            [
              [0.968693,0.0,0.248259],
              [0.0,1.0,0.0],
              [-0.248259,0.0,0.968693],
              [9345.13,155.818,50738.5]
            ]
          ],
          "type": [
            "Point"
          ]
        }
      ],
      "bdt_t1_bomb_zone_10": [
        {
          "objLayer": [
            0
          ],
          "props": [
            []
          ],
          "tm": [
            [
              [423.963,0.0,-150.848],
              [0.0,450.0,0.0],
              [150.848,0.0,423.963],
              [10366.5,164.206,49144.3]
            ]
          ],
          "type": [
            "Sphere"
          ]
        }
      ],
      "bdt_t1_bomb_zone_10_aaa_point_01": [
        {
          "objLayer": [
            0
          ],
          "props": [
            []
          ],
          "tm": [
            [
              [0.968693,0.0,0.248259],
              [0.0,1.0,0.0],
              [-0.248259,0.0,0.968693],
              [10019.8,129.608,49016.6]
            ]
          ],
          "type": [
            "Point"
          ]
        }
      ],
      "bdt_t1_bomb_zone_10_aaa_point_02": [
        {
          "objLayer": [
            0
          ],
          "props": [
            []
          ],
          "tm": [
            [
              [0.968693,0.0,0.248259],
              [0.0,1.0,0.0],
              [-0.248259,0.0,0.968693],
              [10208.3,129.185,49560.0]
            ]
          ],
          "type": [
            "Point"
          ]
        }
      ],
      "bdt_t1_bomb_zone_10_aaa_point_03": [
        {
          "objLayer": [
            0
          ],
          "props": [
            []
          ],
          "tm": [
            [
              [0.968693,0.0,0.248259],
              [0.0,1.0,0.0],
              [-0.248259,0.0,0.968693],
              [10465.6,129.556,48899.3]
            ]
          ],
          "type": [
            "Point"
          ]
        }
      ],
      "bdt_t1_bomb_zone_10_aaa_point_04": [
        {
          "objLayer": [
            0
          ],
          "props": [
            []
          ],
          "tm": [
            [
              [0.968693,0.0,0.248259],
              [0.0,1.0,0.0],
              [-0.248259,0.0,0.968693],
              [-4321.92,129.245,48719.9]
            ]
          ],
          "type": [
            "Point"
          ]
        }
      ],
      "bdt_t2_bomb_zone_01": [
        {
          "objLayer": [
            0
          ],
          "props": [
            []
          ],
          "tm": [
            [
              [351.331,0.0,-281.19],
              [0.0,450.0,0.0],
              [281.19,0.0,351.331],
              [-4188.7,109.516,50588.9]
            ]
          ],
          "type": [
            "Sphere"
          ]
        }
      ],
      "bdt_t2_bomb_zone_01_aaa_point_01": [
        {
          "objLayer": [
            0
          ],
          "props": [
            []
          ],
          "tm": [
            [
              [0.996619,0.0,-0.0821451],
              [0.0,1.0,0.0],
              [0.0821451,0.0,0.996619],
              [-4180.3,93.8318,50363.6]
            ]
          ],
          "type": [
            "Point"
          ]
        }
      ],
      "bdt_t2_bomb_zone_01_aaa_point_02": [
        {
          "objLayer": [
            0
          ],
          "props": [
            []
          ],
          "tm": [
            [
              [0.996619,0.0,-0.0821451],
              [0.0,1.0,0.0],
              [0.0821451,0.0,0.996619],
              [-4303.8,104.972,50857.5]
            ]
          ],
          "type": [
            "Point"
          ]
        }
      ],
      "bdt_t2_bomb_zone_01_aaa_point_03": [
        {
          "objLayer": [
            0
          ],
          "props": [
            []
          ],
          "tm": [
            [
              [0.996619,0.0,-0.0821451],
              [0.0,1.0,0.0],
              [0.0821451,0.0,0.996619],
              [-4184.8,97.4149,50855.8]
            ]
          ],
          "type": [
            "Point"
          ]
        }
      ],
      "bdt_t2_bomb_zone_01_aaa_point_04": [
        {
          "objLayer": [
            0
          ],
          "props": [
            []
          ],
          "tm": [
            [
              [0.996619,0.0,-0.0821451],
              [0.0,1.0,0.0],
              [0.0821451,0.0,0.996619],
              [-3799.3,98.2299,50847.6]
            ]
          ],
          "type": [
            "Point"
          ]
        }
      ],
      "bdt_t2_bomb_zone_02": [
        {
          "objLayer": [
            0
          ],
          "props": [
            []
          ],
          "tm": [
            [
              [351.331,0.0,-281.19],
              [0.0,450.0,0.0],
              [281.19,0.0,351.331],
              [-5874.1,132.424,44360.6]
            ]
          ],
          "type": [
            "Sphere"
          ]
        }
      ],
      "bdt_t2_bomb_zone_02_aaa_point_01": [
        {
          "objLayer": [
            0
          ],
          "props": [
            []
          ],
          "tm": [
            [
              [0.996619,0.0,-0.0821451],
              [0.0,1.0,0.0],
              [0.0821451,0.0,0.996619],
              [-6084.4,137.047,44228.1]
            ]
          ],
          "type": [
            "Point"
          ]
        }
      ],
      "bdt_t2_bomb_zone_02_aaa_point_02": [
        {
          "objLayer": [
            0
          ],
          "props": [
            []
          ],
          "tm": [
            [
              [0.996619,0.0,-0.0821451],
              [0.0,1.0,0.0],
              [0.0821451,0.0,0.996619],
              [-5782.8,127.431,44674.9]
            ]
          ],
          "type": [
            "Point"
          ]
        }
      ],
      "bdt_t2_bomb_zone_02_aaa_point_03": [
        {
          "objLayer": [
            0
          ],
          "props": [
            []
          ],
          "tm": [
            [
              [0.996619,0.0,-0.0821451],
              [0.0,1.0,0.0],
              [0.0821451,0.0,0.996619],
              [-6121.5,129.014,44490.9]
            ]
          ],
          "type": [
            "Point"
          ]
        }
      ],
      "bdt_t2_bomb_zone_02_aaa_point_04": [
        {
          "objLayer": [
            0
          ],
          "props": [
            []
          ],
          "tm": [
            [
              [0.996619,0.0,-0.0821451],
              [0.0,1.0,0.0],
              [0.0821451,0.0,0.996619],
              [-5652.1,124.907,44303.1]
            ]
          ],
          "type": [
            "Point"
          ]
        }
      ],
      "bdt_t2_bomb_zone_03": [
        {
          "objLayer": [
            0
          ],
          "props": [
            []
          ],
          "tm": [
            [
              [411.645,0.0,181.794],
              [0.0,450.0,0.0],
              [-181.794,0.0,411.645],
              [-5260.3,156.713,41979.0]
            ]
          ],
          "type": [
            "Sphere"
          ]
        }
      ],
      "bdt_t2_bomb_zone_03_aaa_point_01": [
        {
          "objLayer": [
            0
          ],
          "props": [
            []
          ],
          "tm": [
            [
              [0.996619,0.0,-0.0821451],
              [0.0,1.0,0.0],
              [0.0821451,0.0,0.996619],
              [-4952.7,126.732,41646.8]
            ]
          ],
          "type": [
            "Point"
          ]
        }
      ],
      "bdt_t2_bomb_zone_03_aaa_point_02": [
        {
          "objLayer": [
            0
          ],
          "props": [
            []
          ],
          "tm": [
            [
              [0.996619,0.0,-0.0821451],
              [0.0,1.0,0.0],
              [0.0821451,0.0,0.996619],
              [-5128.1,139.604,42240.0]
            ]
          ],
          "type": [
            "Point"
          ]
        }
      ],
      "bdt_t2_bomb_zone_03_aaa_point_03": [
        {
          "objLayer": [
            0
          ],
          "props": [
            []
          ],
          "tm": [
            [
              [0.996619,0.0,-0.0821451],
              [0.0,1.0,0.0],
              [0.0821451,0.0,0.996619],
              [-5435.4,146.322,42247.4]
            ]
          ],
          "type": [
            "Point"
          ]
        }
      ],
      "bdt_t2_bomb_zone_03_aaa_point_04": [
        {
          "objLayer": [
            0
          ],
          "props": [
            []
          ],
          "tm": [
            [
              [0.996619,0.0,-0.0821451],
              [0.0,1.0,0.0],
              [0.0821451,0.0,0.996619],
              [-5540.8,165.63,41797.8]
            ]
          ],
          "type": [
            "Point"
          ]
        }
      ],
      "bdt_t2_bomb_zone_04": [
        {
          "objLayer": [
            0
          ],
          "props": [
            []
          ],
          "tm": [
            [
              [449.075,0.0,-28.8212],
              [0.0,450.0,0.0],
              [28.8212,0.0,449.075],
              [-1678.5,87.9074,52459.5]
            ]
          ],
          "type": [
            "Sphere"
          ]
        }
      ],
      "bdt_t2_bomb_zone_04_aaa_point_01": [
        {
          "objLayer": [
            0
          ],
          "props": [
            []
          ],
          "tm": [
            [
              [0.996619,0.0,-0.0821451],
              [0.0,1.0,0.0],
              [0.0821451,0.0,0.996619],
              [-1421.1,93.9731,52669.7]
            ]
          ],
          "type": [
            "Point"
          ]
        }
      ],
      "bdt_t2_bomb_zone_04_aaa_point_02": [
        {
          "objLayer": [
            0
          ],
          "props": [
            []
          ],
          "tm": [
            [
              [0.996619,0.0,-0.0821451],
              [0.0,1.0,0.0],
              [0.0821451,0.0,0.996619],
              [-1878.6,108.123,52685.9]
            ]
          ],
          "type": [
            "Point"
          ]
        }
      ],
      "bdt_t2_bomb_zone_04_aaa_point_03": [
        {
          "objLayer": [
            0
          ],
          "props": [
            []
          ],
          "tm": [
            [
              [0.996619,0.0,-0.0821451],
              [0.0,1.0,0.0],
              [0.0821451,0.0,0.996619],
              [-1581.0,49.6921,52211.5]
            ]
          ],
          "type": [
            "Point"
          ]
        }
      ],
      "bdt_t2_bomb_zone_04_aaa_point_04": [
        {
          "objLayer": [
            0
          ],
          "props": [
            []
          ],
          "tm": [
            [
              [0.996619,0.0,-0.0821451],
              [0.0,1.0,0.0],
              [0.0821451,0.0,0.996619],
              [-1820.9,68.5829,52257.8]
            ]
          ],
          "type": [
            "Point"
          ]
        }
      ],
      "bdt_t2_bomb_zone_05": [
        {
          "objLayer": [
            0
          ],
          "props": [
            []
          ],
          "tm": [
            [
              [449.075,0.0,-28.8212],
              [0.0,450.0,0.0],
              [28.8212,0.0,449.075],
              [-1599.5,142.731,53932.6]
            ]
          ],
          "type": [
            "Sphere"
          ]
        }
      ],
      "bdt_t2_bomb_zone_05_aaa_point_01": [
        {
          "objLayer": [
            0
          ],
          "props": [
            []
          ],
          "tm": [
            [
              [0.996619,0.0,-0.0821451],
              [0.0,1.0,0.0],
              [0.0821451,0.0,0.996619],
              [-1710.9,127.756,53603.9]
            ]
          ],
          "type": [
            "Point"
          ]
        }
      ],
      "bdt_t2_bomb_zone_05_aaa_point_02": [
        {
          "objLayer": [
            0
          ],
          "props": [
            []
          ],
          "tm": [
            [
              [0.996619,0.0,-0.0821451],
              [0.0,1.0,0.0],
              [0.0821451,0.0,0.996619],
              [-1275.2,129.357,54121.6]
            ]
          ],
          "type": [
            "Point"
          ]
        }
      ],
      "bdt_t2_bomb_zone_05_aaa_point_03": [
        {
          "objLayer": [
            0
          ],
          "props": [
            []
          ],
          "tm": [
            [
              [0.996619,0.0,-0.0821451],
              [0.0,1.0,0.0],
              [0.0821451,0.0,0.996619],
              [-1443.2,141.575,54241.0]
            ]
          ],
          "type": [
            "Point"
          ]
        }
      ],
      "bdt_t2_bomb_zone_05_aaa_point_04": [
        {
          "objLayer": [
            0
          ],
          "props": [
            []
          ],
          "tm": [
            [
              [0.996619,0.0,-0.0821451],
              [0.0,1.0,0.0],
              [0.0821451,0.0,0.996619],
              [-1918.2,127.312,54003.1]
            ]
          ],
          "type": [
            "Point"
          ]
        }
      ],
      "bdt_t2_bomb_zone_06": [
        {
          "objLayer": [
            0
          ],
          "props": [
            []
          ],
          "tm": [
            [
              [410.082,0.0,185.294],
              [0.0,450.0,0.0],
              [-185.294,0.0,410.082],
              [-3436.1,113.609,52768.8]
            ]
          ],
          "type": [
            "Sphere"
          ]
        }
      ],
      "bdt_t2_bomb_zone_06_aaa_point_01": [
        {
          "objLayer": [
            0
          ],
          "props": [
            []
          ],
          "tm": [
            [
              [0.918614,0.0,0.395159],
              [0.0,1.0,0.0],
              [-0.395159,0.0,0.918614],
              [-3729.1,104.219,52588.3]
            ]
          ],
          "type": [
            "Point"
          ]
        }
      ],
      "bdt_t2_bomb_zone_06_aaa_point_02": [
        {
          "objLayer": [
            0
          ],
          "props": [
            []
          ],
          "tm": [
            [
              [0.918614,0.0,0.395159],
              [0.0,1.0,0.0],
              [-0.395159,0.0,0.918614],
              [-3225.2,97.2131,53163.6]
            ]
          ],
          "type": [
            "Point"
          ]
        }
      ],
      "bdt_t2_bomb_zone_06_aaa_point_03": [
        {
          "objLayer": [
            0
          ],
          "props": [
            []
          ],
          "tm": [
            [
              [0.918614,0.0,0.395159],
              [0.0,1.0,0.0],
              [-0.395159,0.0,0.918614],
              [-3070.8,115.448,52876.2]
            ]
          ],
          "type": [
            "Point"
          ]
        }
      ],
      "bdt_t2_bomb_zone_06_aaa_point_04": [
        {
          "objLayer": [
            0
          ],
          "props": [
            []
          ],
          "tm": [
            [
              [0.918614,0.0,0.395159],
              [0.0,1.0,0.0],
              [-0.395159,0.0,0.918614],
              [-3007.4,126.777,52427.5]
            ]
          ],
          "type": [
            "Point"
          ]
        }
      ],
      "bdt_t2_bomb_zone_07": [
        {
          "objLayer": [
            0
          ],
          "props": [
            []
          ],
          "tm": [
            [
              [449.075,0.0,-28.8212],
              [0.0,450.0,0.0],
              [28.8212,0.0,449.075],
              [-5590.9,96.3628,51264.2]
            ]
          ],
          "type": [
            "Sphere"
          ]
        }
      ],
      "bdt_t2_bomb_zone_07_aaa_point_01": [
        {
          "objLayer": [
            0
          ],
          "props": [
            []
          ],
          "tm": [
            [
              [0.996619,0.0,-0.0821451],
              [0.0,1.0,0.0],
              [0.0821451,0.0,0.996619],
              [-5712.3,78.3528,50856.0]
            ]
          ],
          "type": [
            "Point"
          ]
        }
      ],
      "bdt_t2_bomb_zone_07_aaa_point_02": [
        {
          "objLayer": [
            0
          ],
          "props": [
            []
          ],
          "tm": [
            [
              [0.996619,0.0,-0.0821451],
              [0.0,1.0,0.0],
              [0.0821451,0.0,0.996619],
              [-5239.8,114.912,51508.5]
            ]
          ],
          "type": [
            "Point"
          ]
        }
      ],
      "bdt_t2_bomb_zone_07_aaa_point_03": [
        {
          "objLayer": [
            0
          ],
          "props": [
            []
          ],
          "tm": [
            [
              [0.996619,0.0,-0.0821451],
              [0.0,1.0,0.0],
              [0.0821451,0.0,0.996619],
              [-5676.3,90.1738,51711.4]
            ]
          ],
          "type": [
            "Point"
          ]
        }
      ],
      "bdt_t2_bomb_zone_07_aaa_point_04": [
        {
          "objLayer": [
            0
          ],
          "props": [
            []
          ],
          "tm": [
            [
              [0.996619,0.0,-0.0821451],
              [0.0,1.0,0.0],
              [0.0821451,0.0,0.996619],
              [-5973.4,112.855,51138.1]
            ]
          ],
          "type": [
            "Point"
          ]
        }
      ],
      "bdt_t2_bomb_zone_08": [
        {
          "objLayer": [
            0
          ],
          "props": [
            []
          ],
          "tm": [
            [
              [411.645,0.0,181.794],
              [0.0,450.0,0.0],
              [-181.794,0.0,411.645],
              [-5956.3,154.208,40715.6]
            ]
          ],
          "type": [
            "Sphere"
          ]
        }
      ],
      "bdt_t2_bomb_zone_08_aaa_point_01": [
        {
          "objLayer": [
            0
          ],
          "props": [
            []
          ],
          "tm": [
            [
              [0.996619,0.0,-0.0821451],
              [0.0,1.0,0.0],
              [0.0821451,0.0,0.996619],
              [-5589.0,302.023,40712.7]
            ]
          ],
          "type": [
            "Point"
          ]
        }
      ],
      "bdt_t2_bomb_zone_08_aaa_point_02": [
        {
          "objLayer": [
            0
          ],
          "props": [
            []
          ],
          "tm": [
            [
              [0.996619,0.0,-0.0821451],
              [0.0,1.0,0.0],
              [0.0821451,0.0,0.996619],
              [-6240.9,153.049,40596.2]
            ]
          ],
          "type": [
            "Point"
          ]
        }
      ],
      "bdt_t2_bomb_zone_08_aaa_point_03": [
        {
          "objLayer": [
            0
          ],
          "props": [
            []
          ],
          "tm": [
            [
              [0.996619,0.0,-0.0821451],
              [0.0,1.0,0.0],
              [0.0821451,0.0,0.996619],
              [-5937.1,154.035,41045.3]
            ]
          ],
          "type": [
            "Point"
          ]
        }
      ],
      "bdt_t2_bomb_zone_08_aaa_point_04": [
        {
          "objLayer": [
            0
          ],
          "props": [
            []
          ],
          "tm": [
            [
              [0.996619,0.0,-0.0821451],
              [0.0,1.0,0.0],
              [0.0821451,0.0,0.996619],
              [-6231.6,321.707,41048.4]
            ]
          ],
          "type": [
            "Point"
          ]
        }
      ],
      "bdt_t2_bomb_zone_09": [
        {
          "objLayer": [
            0
          ],
          "props": [
            []
          ],
          "tm": [
            [
              [411.645,0.0,181.794],
              [0.0,450.0,0.0],
              [-181.794,0.0,411.645],
              [-7003.2,120.3,42792.1]
            ]
          ],
          "type": [
            "Sphere"
          ]
        }
      ],
      "bdt_t2_bomb_zone_09_aaa_point_01": [
        {
          "objLayer": [
            0
          ],
          "props": [
            []
          ],
          "tm": [
            [
              [0.996619,0.0,-0.0821451],
              [0.0,1.0,0.0],
              [0.0821451,0.0,0.996619],
              [-6806.1,148.137,42449.4]
            ]
          ],
          "type": [
            "Point"
          ]
        }
      ],
      "bdt_t2_bomb_zone_09_aaa_point_02": [
        {
          "objLayer": [
            0
          ],
          "props": [
            []
          ],
          "tm": [
            [
              [0.996619,0.0,-0.0821451],
              [0.0,1.0,0.0],
              [0.0821451,0.0,0.996619],
              [-7278.4,141.293,42904.7]
            ]
          ],
          "type": [
            "Point"
          ]
        }
