{
  "airfields": {},
  "areas": {
    "bdt_t1_bomb_zone_01": {
      "objLayer": 0,
      "props": {},
      "tm": [
        [382.35,0.0,-237.294],
        [0.0,450.0,0.0],
        [237.294,0.0,382.35],
        [-2953.34,30.0127,2398.7]
      ],
      "type": "Sphere"
    },
    "bdt_t1_bomb_zone_01_aaa_point_01": {
      "objLayer": 0,
      "props": {},
      "tm": [
        [0.999305,0.0,0.0372677],
        [0.0,1.0,0.0],
        [-0.0372677,0.0,0.999305],
        [-2588.99,26.6379,2257.63]
      ],
      "type": "Point"
    },
    "bdt_t1_bomb_zone_01_aaa_point_02": {
      "objLayer": 0,
      "props": {},
      "tm": [
        [0.999305,0.0,0.0372677],
        [0.0,1.0,0.0],
        [-0.0372677,0.0,0.999305],
        [-3201.11,30.0057,2450.58]
      ],
      "type": "Point"
    },
    "bdt_t1_bomb_zone_01_aaa_point_03": {
      "objLayer": 0,
      "props": {},
      "tm": [
        [0.999305,0.0,0.0372677],
        [0.0,1.0,0.0],
        [-0.0372677,0.0,0.999305],
        [-2788.35,30.0179,2172.86]
      ],
      "type": "Point"
    },
    "bdt_t1_bomb_zone_01_aaa_point_04": {
      "objLayer": 0,
      "props": {},
      "tm": [
        [0.999305,0.0,0.0372677],
        [0.0,1.0,0.0],
        [-0.0372677,0.0,0.999305],
        [-3171.75,30.0097,2280.56]
      ],
      "type": "Point"
    },
    "bdt_t1_bomb_zone_02": {
      "objLayer": 0,
      "props": {},
      "tm": [
        [449.772,0.0,-14.327],
        [0.0,450.0,0.0],
        [14.327,0.0,449.772],
        [-1488.88,75.8578,-742.356]
      ],
      "type": "Sphere"
    },
    "bdt_t1_bomb_zone_02_aaa_point_01": {
      "objLayer": 0,
      "props": {},
      "tm": [
        [0.999305,0.0,0.0372677],
        [0.0,1.0,0.0],
        [-0.0372677,0.0,0.999305],
        [-1295.51,75.6388,-553.361]
      ],
      "type": "Point"
    },
    "bdt_t1_bomb_zone_02_aaa_point_02": {
      "objLayer": 0,
      "props": {},
      "tm": [
        [0.999305,0.0,0.0372677],
        [0.0,1.0,0.0],
        [-0.0372677,0.0,0.999305],
        [-1579.31,75.7458,-492.372]
      ],
      "type": "Point"
    },
    "bdt_t1_bomb_zone_02_aaa_point_03": {
      "objLayer": 0,
      "props": {},
      "tm": [
        [0.999305,0.0,0.0372677],
        [0.0,1.0,0.0],
        [-0.0372677,0.0,0.999305],
        [-1110.91,76.1836,-811.863]
      ],
      "type": "Point"
    },
    "bdt_t1_bomb_zone_02_aaa_point_04": {
      "objLayer": 0,
      "props": {},
      "tm": [
        [0.999305,0.0,0.0372677],
        [0.0,1.0,0.0],
        [-0.0372677,0.0,0.999305],
        [-1817.18,75.9958,-718.256]
      ],
      "type": "Point"
    },
    "bdt_t1_bomb_zone_03": {
      "objLayer": 0,
      "props": {},
      "tm": [
        [449.969,0.0,5.30657],
        [0.0,450.0,0.0],
        [-5.30657,0.0,449.969],
        [-4065.51,31.458,-8459.71]
      ],
      "type": "Sphere"
    },
    "bdt_t1_bomb_zone_03_aaa_point_01": {
      "objLayer": 0,
      "props": {},
      "tm": [
        [0.999305,0.0,0.0372677],
        [0.0,1.0,0.0],
        [-0.0372677,0.0,0.999305],
        [-4259.07,64.1964,-8698.97]
      ],
      "type": "Point"
    },
    "bdt_t1_bomb_zone_03_aaa_point_02": {
      "objLayer": 0,
      "props": {},
      "tm": [
        [0.999305,0.0,0.0372677],
        [0.0,1.0,0.0],
        [-0.0372677,0.0,0.999305],
        [-3925.03,59.5804,-8262.49]
      ],
      "type": "Point"
    },
    "bdt_t1_bomb_zone_03_aaa_point_03": {
      "objLayer": 0,
      "props": {},
      "tm": [
        [0.999305,0.0,0.0372677],
        [0.0,1.0,0.0],
        [-0.0372677,0.0,0.999305],
        [-4199.21,72.0544,-8205.95]
      ],
      "type": "Point"
    },
    "bdt_t1_bomb_zone_03_aaa_point_04": {
      "objLayer": 0,
      "props": {},
      "tm": [
        [0.999305,0.0,0.0372677],
        [0.0,1.0,0.0],
        [-0.0372677,0.0,0.999305],
        [-3868.74,59.8014,-8631.04]
      ],
      "type": "Point"
    },
    "bdt_t1_bomb_zone_04": {
      "objLayer": 0,
      "props": {},
      "tm": [
        [449.969,0.0,5.30657],
        [0.0,450.0,0.0],
        [-5.30657,0.0,449.969],
        [-6459.98,16.427,-10192.3]
      ],
      "type": "Sphere"
    },
    "bdt_t1_bomb_zone_04_aaa_point_01": {
      "objLayer": 0,
      "props": {},
      "tm": [
        [0.999305,0.0,0.0372677],
        [0.0,1.0,0.0],
        [-0.0372677,0.0,0.999305],
        [-6168.1,-1.06754,-10315.5]
      ],
      "type": "Point"
    },
    "bdt_t1_bomb_zone_04_aaa_point_02": {
      "objLayer": 0,
      "props": {},
      "tm": [
        [0.999305,0.0,0.0372677],
        [0.0,1.0,0.0],
        [-0.0372677,0.0,0.999305],
        [-6360.72,12.2228,-10038.2]
      ],
      "type": "Point"
    },
    "bdt_t1_bomb_zone_04_aaa_point_03": {
      "objLayer": 0,
      "props": {},
      "tm": [
        [0.999305,0.0,0.0372677],
        [0.0,1.0,0.0],
        [-0.0372677,0.0,0.999305],
        [-6455.17,-0.490067,-10483.1]
      ],
      "type": "Point"
    },
    "bdt_t1_bomb_zone_04_aaa_point_04": {
      "objLayer": 0,
      "props": {},
      "tm": [
        [0.999305,0.0,0.0372677],
        [0.0,1.0,0.0],
        [-0.0372677,0.0,0.999305],
        [-6729.11,22.3574,-10068.3]
      ],
      "type": "Point"
    },
    "bdt_t1_bomb_zone_05": {
      "objLayer": 0,
      "props": {},
      "tm": [
        [449.969,0.0,5.30657],
        [0.0,450.0,0.0],
        [-5.30657,0.0,449.969],
        [-5372.15,125.645,-11575.6]
      ],
      "type": "Sphere"
    },
    "bdt_t1_bomb_zone_05_aaa_point_01": {
      "objLayer": 0,
      "props": {},
      "tm": [
        [0.999305,0.0,0.0372677],
        [0.0,1.0,0.0],
        [-0.0372677,0.0,0.999305],
        [-5645.93,117.13,-11563.0]
      ],
      "type": "Point"
    },
    "bdt_t1_bomb_zone_05_aaa_point_02": {
      "objLayer": 0,
      "props": {},
      "tm": [
        [0.999305,0.0,0.0372677],
        [0.0,1.0,0.0],
        [-0.0372677,0.0,0.999305],
        [-5403.54,137.697,-11869.4]
      ],
      "type": "Point"
    },
    "bdt_t1_bomb_zone_05_aaa_point_03": {
      "objLayer": 0,
      "props": {},
      "tm": [
        [0.999305,0.0,0.0372677],
        [0.0,1.0,0.0],
        [-0.0372677,0.0,0.999305],
        [-4932.6,-66.9281,-11665.1]
      ],
      "type": "Point"
    },
    "bdt_t1_bomb_zone_05_aaa_point_04": {
      "objLayer": 0,
      "props": {},
      "tm": [
        [0.999305,0.0,0.0372677],
        [0.0,1.0,0.0],
        [-0.0372677,0.0,0.999305],
        [-5173.25,120.155,-11382.1]
      ],
      "type": "Point"
    },
    "bdt_t1_bomb_zone_06": {
      "objLayer": 0,
      "props": {},
      "tm": [
        [449.969,0.0,5.30657],
        [0.0,450.0,0.0],
        [-5.30657,0.0,449.969],
        [-3304.77,48.5487,-9901.56]
      ],
      "type": "Sphere"
    },
    "bdt_t1_bomb_zone_06_aaa_point_01": {
      "objLayer": 0,
      "props": {},
      "tm": [
        [0.999305,0.0,0.0372677],
        [0.0,1.0,0.0],
        [-0.0372677,0.0,0.999305],
        [-3474.05,48.4927,-10193.3]
      ],
      "type": "Point"
    },
    "bdt_t1_bomb_zone_06_aaa_point_02": {
      "objLayer": 0,
      "props": {},
      "tm": [
        [0.999305,0.0,0.0372677],
        [0.0,1.0,0.0],
        [-0.0372677,0.0,0.999305],
        [-3621.09,41.0907,-9974.71]
      ],
      "type": "Point"
    },
    "bdt_t1_bomb_zone_06_aaa_point_03": {
      "objLayer": 0,
      "props": {},
      "tm": [
        [0.999305,0.0,0.0372677],
        [0.0,1.0,0.0],
        [-0.0372677,0.0,0.999305],
        [-3306.15,44.9297,-9592.41]
      ],
      "type": "Point"
    },
    "bdt_t1_bomb_zone_06_aaa_point_04": {
      "objLayer": 0,
      "props": {},
      "tm": [
        [0.999305,0.0,0.0372677],
        [0.0,1.0,0.0],
        [-0.0372677,0.0,0.999305],
        [-3032.49,44.5807,-10021.9]
      ],
      "type": "Point"
    },
    "bdt_t1_bomb_zone_07": {
      "objLayer": 0,
      "props": {},
      "tm": [
        [449.969,0.0,5.30657],
        [0.0,450.0,0.0],
        [-5.30657,0.0,449.969],
        [-1789.61,20.5504,-8130.42]
      ],
      "type": "Sphere"
    },
    "bdt_t1_bomb_zone_07_aaa_point_01": {
      "objLayer": 0,
      "props": {},
      "tm": [
        [0.999305,0.0,0.0372677],
        [0.0,1.0,0.0],
        [-0.0372677,0.0,0.999305],
        [-1650.01,54.8585,-7863.44]
      ],
      "type": "Point"
    },
    "bdt_t1_bomb_zone_07_aaa_point_02": {
      "objLayer": 0,
      "props": {},
      "tm": [
        [0.999305,0.0,0.0372677],
        [0.0,1.0,0.0],
        [-0.0372677,0.0,0.999305],
        [-1955.27,45.1605,-8437.39]
      ],
      "type": "Point"
    },
    "bdt_t1_bomb_zone_07_aaa_point_03": {
      "objLayer": 0,
      "props": {},
      "tm": [
        [0.999305,0.0,0.0372677],
        [0.0,1.0,0.0],
        [-0.0372677,0.0,0.999305],
        [-1486.35,45.4405,-8275.31]
      ],
      "type": "Point"
    },
    "bdt_t1_bomb_zone_07_aaa_point_04": {
      "objLayer": 0,
      "props": {},
      "tm": [
        [0.999305,0.0,0.0372677],
        [0.0,1.0,0.0],
        [-0.0372677,0.0,0.999305],
        [-1994.9,58.1505,-7785.17]
      ],
      "type": "Point"
    },
    "bdt_t1_bomb_zone_08": {
      "objLayer": 0,
      "props": {},
      "tm": [
        [382.35,0.0,-237.294],
        [0.0,450.0,0.0],
        [237.294,0.0,382.35],
        [-1703.13,34.3583,3278.48]
      ],
      "type": "Sphere"
    },
    "bdt_t1_bomb_zone_08_aaa_point_01": {
      "objLayer": 0,
      "props": {},
      "tm": [
        [0.999305,0.0,0.0372677],
        [0.0,1.0,0.0],
        [-0.0372677,0.0,0.999305],
        [-1791.77,34.3503,3576.3]
      ],
      "type": "Point"
    },
    "bdt_t1_bomb_zone_08_aaa_point_02": {
      "objLayer": 0,
      "props": {},
      "tm": [
        [0.999305,0.0,0.0372677],
        [0.0,1.0,0.0],
        [-0.0372677,0.0,0.999305],
        [-1982.91,34.3543,3154.74]
      ],
      "type": "Point"
    },
    "bdt_t1_bomb_zone_08_aaa_point_03": {
      "objLayer": 0,
      "props": {},
      "tm": [
        [0.999305,0.0,0.0372677],
        [0.0,1.0,0.0],
        [-0.0372677,0.0,0.999305],
        [-1628.88,34.3673,2928.46]
      ],
      "type": "Point"
    },
    "bdt_t1_bomb_zone_08_aaa_point_04": {
      "objLayer": 0,
      "props": {},
      "tm": [
        [0.999305,0.0,0.0372677],
        [0.0,1.0,0.0],
        [-0.0372677,0.0,0.999305],
        [-1431.4,34.3653,3294.42]
      ],
      "type": "Point"
    },
    "bdt_t1_bomb_zone_09": {
      "objLayer": 0,
      "props": {},
      "tm": [
        [382.35,0.0,-237.294],
        [0.0,450.0,0.0],
        [237.294,0.0,382.35],
        [-726.062,10.7233,969.964]
      ],
      "type": "Sphere"
    },
    "bdt_t1_bomb_zone_09_aaa_point_01": {
      "objLayer": 0,
      "props": {},
      "tm": [
        [0.999305,0.0,0.0372677],
        [0.0,1.0,0.0],
        [-0.0372677,0.0,0.999305],
        [-804.456,18.2675,333.257]
      ],
      "type": "Point"
    },
    "bdt_t1_bomb_zone_09_aaa_point_02": {
      "objLayer": 0,
      "props": {},
      "tm": [
        [0.999305,0.0,0.0372677],
        [0.0,1.0,0.0],
        [-0.0372677,0.0,0.999305],
        [-921.85,10.7263,609.392]
      ],
      "type": "Point"
    },
    "bdt_t1_bomb_zone_09_aaa_point_03": {
      "objLayer": 0,
      "props": {},
      "tm": [
        [0.999305,0.0,0.0372677],
        [0.0,1.0,0.0],
        [-0.0372677,0.0,0.999305],
        [-1248.27,13.8968,660.606]
      ],
      "type": "Point"
    },
    "bdt_t1_bomb_zone_09_aaa_point_04": {
      "objLayer": 0,
      "props": {},
      "tm": [
        [0.999305,0.0,0.0372677],
        [0.0,1.0,0.0],
        [-0.0372677,0.0,0.999305],
        [-469.427,10.5973,658.016]
      ],
      "type": "Point"
    },
    "bdt_t1_bomb_zone_10": {
      "objLayer": 0,
      "props": {},
      "tm": [
        [382.35,0.0,-237.294],
        [0.0,450.0,0.0],
        [237.294,0.0,382.35],
        [54.8867,37.6102,-1030.1]
      ],
      "type": "Sphere"
    },
    "bdt_t1_bomb_zone_10_aaa_point_01": {
      "objLayer": 0,
      "props": {},
      "tm": [
        [0.999305,0.0,0.0372677],
        [0.0,1.0,0.0],
        [-0.0372677,0.0,0.999305],
        [-310.985,37.8172,-1081.44]
      ],
      "type": "Point"
    },
    "bdt_t1_bomb_zone_10_aaa_point_02": {
      "objLayer": 0,
      "props": {},
      "tm": [
        [0.999305,0.0,0.0372677],
        [0.0,1.0,0.0],
        [-0.0372677,0.0,0.999305],
        [-11.6318,37.3942,-590.354]
      ],
      "type": "Point"
    },
    "bdt_t1_bomb_zone_10_aaa_point_03": {
      "objLayer": 0,
      "props": {},
      "tm": [
        [0.999305,0.0,0.0372677],
        [0.0,1.0,0.0],
        [-0.0372677,0.0,0.999305],
        [99.7949,37.7652,-1290.52]
      ],
      "type": "Point"
    },
    "bdt_t1_bomb_zone_10_aaa_point_04": {
      "objLayer": 0,
      "props": {},
      "tm": [
        [0.999305,0.0,0.0372677],
        [0.0,1.0,0.0],
        [-0.0372677,0.0,0.999305],
        [375.41,37.4542,-1022.31]
      ],
      "type": "Point"
    },
    "bdt_t2_bomb_zone_01": {
      "objLayer": 0,
      "props": {},
      "tm": [
        [283.738,0.0,-349.276],
        [0.0,450.0,0.0],
        [349.276,0.0,283.738],
        [-13863.2,25.4372,3467.13]
      ],
      "type": "Sphere"
    },
    "bdt_t2_bomb_zone_01_aaa_point_01": {
      "objLayer": 0,
      "props": {},
      "tm": [
        [0.956555,0.0,-0.291547],
        [0.0,1.0,0.0],
        [0.291547,0.0,0.956555],
        [-13902.8,22.9801,3245.16]
      ],
      "type": "Point"
    },
    "bdt_t2_bomb_zone_01_aaa_point_02": {
      "objLayer": 0,
      "props": {},
      "tm": [
        [0.956555,0.0,-0.291547],
        [0.0,1.0,0.0],
        [0.291547,0.0,0.956555],
        [-13918.8,23.3011,3754.07]
      ],
      "type": "Point"
    },
    "bdt_t2_bomb_zone_01_aaa_point_03": {
      "objLayer": 0,
      "props": {},
      "tm": [
        [0.956555,0.0,-0.291547],
        [0.0,1.0,0.0],
        [0.291547,0.0,0.956555],
        [-13802.9,22.8653,3727.13]
      ],
      "type": "Point"
    },
    "bdt_t2_bomb_zone_01_aaa_point_04": {
      "objLayer": 0,
      "props": {},
      "tm": [
        [0.956555,0.0,-0.291547],
        [0.0,1.0,0.0],
        [0.291547,0.0,0.956555],
        [-13427.9,21.4912,3637.44]
      ],
      "type": "Point"
    },
    "bdt_t2_bomb_zone_02": {
      "objLayer": 0,
      "props": {},
      "tm": [
        [283.738,0.0,-349.276],
        [0.0,450.0,0.0],
        [349.276,0.0,283.738],
        [-16830.7,57.959,-2262.25]
      ],
      "type": "Sphere"
    },
    "bdt_t2_bomb_zone_02_aaa_point_01": {
      "objLayer": 0,
      "props": {},
      "tm": [
        [0.956555,0.0,-0.291547],
        [0.0,1.0,0.0],
        [0.291547,0.0,0.956555],
        [-17064.3,62.582,-2347.2]
      ],
      "type": "Point"
    },
    "bdt_t2_bomb_zone_02_aaa_point_02": {
      "objLayer": 0,
      "props": {},
      "tm": [
        [0.956555,0.0,-0.291547],
        [0.0,1.0,0.0],
        [0.291547,0.0,0.956555],
        [-16674.8,52.9663,-1974.49]
      ],
      "type": "Point"
    },
    "bdt_t2_bomb_zone_02_aaa_point_03": {
      "objLayer": 0,
      "props": {},
      "tm": [
        [0.956555,0.0,-0.291547],
        [0.0,1.0,0.0],
        [0.291547,0.0,0.956555],
        [-17044.8,54.5493,-2082.52]
      ],
      "type": "Point"
    },
    "bdt_t2_bomb_zone_02_aaa_point_04": {
      "objLayer": 0,
      "props": {},
      "tm": [
        [0.956555,0.0,-0.291547],
        [0.0,1.0,0.0],
        [0.291547,0.0,0.956555],
        [-16625.9,50.4423,-2365.55]
      ],
      "type": "Point"
    },
    "bdt_t2_bomb_zone_03": {
      "objLayer": 0,
      "props": {},
      "tm": [
        [440.827,0.0,90.3999],
        [0.0,450.0,0.0],
        [-90.3999,0.0,440.827],
        [-16735.7,46.5559,-4719.85]
      ],
      "type": "Sphere"
    },
    "bdt_t2_bomb_zone_03_aaa_point_01": {
      "objLayer": 0,
      "props": {},
      "tm": [
        [0.956555,0.0,-0.291547],
        [0.0,1.0,0.0],
        [0.291547,0.0,0.956555],
        [-16505.5,54.4741,-5109.82]
      ],
      "type": "Point"
    },
    "bdt_t2_bomb_zone_03_aaa_point_02": {
      "objLayer": 0,
      "props": {},
      "tm": [
        [0.956555,0.0,-0.291547],
        [0.0,1.0,0.0],
        [0.291547,0.0,0.956555],
        [-16551.2,57.1379,-4492.8]
      ],
      "type": "Point"
    },
    "bdt_t2_bomb_zone_03_aaa_point_03": {
      "objLayer": 0,
      "props": {},
      "tm": [
        [0.956555,0.0,-0.291547],
        [0.0,1.0,0.0],
        [0.291547,0.0,0.956555],
        [-16849.9,46.9242,-4420.53]
      ],
      "type": "Point"
    },
    "bdt_t2_bomb_zone_03_aaa_point_04": {
      "objLayer": 0,
      "props": {},
      "tm": [
        [0.956555,0.0,-0.291547],
        [0.0,1.0,0.0],
        [0.291547,0.0,0.956555],
        [-17048.3,56.3036,-4837.53]
      ],
      "type": "Point"
    },
    "bdt_t2_bomb_zone_04": {
      "objLayer": 0,
      "props": {},
      "tm": [
        [432.759,0.0,-123.364],
        [0.0,450.0,0.0],
        [123.364,0.0,432.759],
        [-11013.6,32.7178,4763.15]
      ],
      "type": "Sphere"
    },
    "bdt_t2_bomb_zone_04_aaa_point_01": {
      "objLayer": 0,
      "props": {},
      "tm": [
        [0.956555,0.0,-0.291547],
        [0.0,1.0,0.0],
        [0.291547,0.0,0.956555],
        [-10717.5,34.9298,4914.02]
      ],
      "type": "Point"
    },
    "bdt_t2_bomb_zone_04_aaa_point_02": {
      "objLayer": 0,
      "props": {},
      "tm": [
        [0.956555,0.0,-0.291547],
        [0.0,1.0,0.0],
        [0.291547,0.0,0.956555],
        [-11161.2,33.0959,5026.83]
      ],
      "type": "Point"
    },
    "bdt_t2_bomb_zone_04_aaa_point_03": {
      "objLayer": 0,
      "props": {},
      "tm": [
        [0.956555,0.0,-0.291547],
        [0.0,1.0,0.0],
        [0.291547,0.0,0.956555],
        [-10970.9,34.5038,4500.05]
      ],
      "type": "Point"
    },
    "bdt_t2_bomb_zone_04_aaa_point_04": {
      "objLayer": 0,
      "props": {},
      "tm": [
        [0.956555,0.0,-0.291547],
        [0.0,1.0,0.0],
        [0.291547,0.0,0.956555],
        [-11195.5,33.7008,4596.21]
      ],
      "type": "Point"
    },
    "bdt_t2_bomb_zone_05": {
      "objLayer": 0,
      "props": {},
      "tm": [
        [432.759,0.0,-123.364],
        [0.0,450.0,0.0],
        [123.364,0.0,432.759],
        [-10624.1,33.6743,6185.98]
      ],
      "type": "Sphere"
    },
    "bdt_t2_bomb_zone_05_aaa_point_01": {
      "objLayer": 0,
      "props": {},
      "tm": [
        [0.956555,0.0,-0.291547],
        [0.0,1.0,0.0],
        [0.291547,0.0,0.956555],
        [-10802.6,33.7483,5888.33]
      ],
      "type": "Point"
    },
    "bdt_t2_bomb_zone_05_aaa_point_02": {
      "objLayer": 0,
      "props": {},
      "tm": [
        [0.956555,0.0,-0.291547],
        [0.0,1.0,0.0],
        [0.291547,0.0,0.956555],
        [-10267.1,34.1383,6301.95]
      ],
      "type": "Point"
    },
    "bdt_t2_bomb_zone_05_aaa_point_03": {
      "objLayer": 0,
      "props": {},
      "tm": [
        [0.956555,0.0,-0.291547],
        [0.0,1.0,0.0],
        [0.291547,0.0,0.956555],
        [-10406.0,33.7053,6454.23]
      ],
      "type": "Point"
    },
    "bdt_t2_bomb_zone_05_aaa_point_04": {
      "objLayer": 0,
      "props": {},
      "tm": [
        [0.956555,0.0,-0.291547],
        [0.0,1.0,0.0],
        [0.291547,0.0,0.956555],
        [-10920.6,33.1663,6322.43]
      ],
      "type": "Point"
    },
    "bdt_t2_bomb_zone_06": {
      "objLayer": 0,
      "props": {},
      "tm": [
        [440.041,0.0,94.151],
        [0.0,450.0,0.0],
        [-94.151,0.0,440.041],
        [-12665.7,27.8592,5437.96]
      ],
      "type": "Sphere"
    },
    "bdt_t2_bomb_zone_06_aaa_point_01": {
      "objLayer": 0,
      "props": {},
      "tm": [
        [0.981505,0.0,0.191445],
        [0.0,1.0,0.0],
        [-0.191445,0.0,0.981505],
        [-12990.3,27.7695,5323.68]
      ],
      "type": "Point"
    },
    "bdt_t2_bomb_zone_06_aaa_point_02": {
      "objLayer": 0,
      "props": {},
      "tm": [
        [0.981505,0.0,0.191445],
        [0.0,1.0,0.0],
        [-0.191445,0.0,0.981505],
        [-12375.8,28.5054,5779.12]
      ],
      "type": "Point"
    },
    "bdt_t2_bomb_zone_06_aaa_point_03": {
      "objLayer": 0,
      "props": {},
      "tm": [
        [0.981505,0.0,0.191445],
        [0.0,1.0,0.0],
        [-0.191445,0.0,0.981505],
        [-12285.9,28.5023,5465.5]
      ],
      "type": "Point"
    },
    "bdt_t2_bomb_zone_06_aaa_point_04": {
      "objLayer": 0,
      "props": {},
      "tm": [
        [0.981505,0.0,0.191445],
        [0.0,1.0,0.0],
        [-0.191445,0.0,0.981505],
        [-12319.1,28.9252,5013.61]
      ],
      "type": "Point"
    },
    "bdt_t2_bomb_zone_07": {
      "objLayer": 0,
      "props": {},
      "tm": [
        [432.759,0.0,-123.364],
        [0.0,450.0,0.0],
        [123.364,0.0,432.759],
        [-15090.4,29.9067,4424.35]
      ],
      "type": "Sphere"
    },
    "bdt_t2_bomb_zone_07_aaa_point_01": {
      "objLayer": 0,
      "props": {},
      "tm": [
        [0.956555,0.0,-0.291547],
        [0.0,1.0,0.0],
        [0.291547,0.0,0.956555],
        [-15295.6,32.3402,4051.14]
      ],
      "type": "Point"
    },
    "bdt_t2_bomb_zone_07_aaa_point_02": {
      "objLayer": 0,
      "props": {},
      "tm": [
        [0.956555,0.0,-0.291547],
        [0.0,1.0,0.0],
        [0.291547,0.0,0.956555],
        [-14695.5,24.5973,4588.65]
      ],
      "type": "Point"
    },
    "bdt_t2_bomb_zone_07_aaa_point_03": {
      "objLayer": 0,
      "props": {},
      "tm": [
        [0.956555,0.0,-0.291547],
        [0.0,1.0,0.0],
        [0.291547,0.0,0.956555],
        [-15079.1,26.1444,4879.49]
      ],
      "type": "Point"
    },
    "bdt_t2_bomb_zone_07_aaa_point_04": {
      "objLayer": 0,
      "props": {},
      "tm": [
        [0.956555,0.0,-0.291547],
        [0.0,1.0,0.0],
        [0.291547,0.0,0.956555],
        [-15491.0,33.5565,4382.14]
      ],
      "type": "Point"
    },
    "bdt_t2_bomb_zone_08": {
      "objLayer": 0,
      "props": {},
      "tm": [
        [440.827,0.0,90.3999],
        [0.0,450.0,0.0],
        [-90.3999,0.0,440.827],
        [-17685.5,83.3157,-5944.69]
      ],
      "type": "Sphere"
    },
    "bdt_t2_bomb_zone_08_aaa_point_01": {
      "objLayer": 0,
      "props": {},
      "tm": [
        [0.956555,0.0,-0.291547],
        [0.0,1.0,0.0],
        [0.291547,0.0,0.956555],
        [-17327.1,83.5559,-6025.48]
      ],
      "type": "Point"
    },
    "bdt_t2_bomb_zone_08_aaa_point_02": {
      "objLayer": 0,
      "props": {},
      "tm": [
        [0.956555,0.0,-0.291547],
        [0.0,1.0,0.0],
        [0.291547,0.0,0.956555],
        [-17989.0,153.049,-6001.05]
      ],
      "type": "Point"
    },
    "bdt_t2_bomb_zone_08_aaa_point_03": {
      "objLayer": 0,
      "props": {},
      "tm": [
        [0.956555,0.0,-0.291547],
        [0.0,1.0,0.0],
        [0.291547,0.0,0.956555],
        [-17596.8,82.8184,-5626.65]
      ],
      "type": "Point"
    },
    "bdt_t2_bomb_zone_08_aaa_point_04": {
      "objLayer": 0,
      "props": {},
      "tm": [
        [0.956555,0.0,-0.291547],
        [0.0,1.0,0.0],
        [0.291547,0.0,0.956555],
        [-17884.0,321.707,-5561.16]
      ],
      "type": "Point"
    },
    "bdt_t2_bomb_zone_09": {
      "objLayer": 0,
      "props": {},
      "tm": [
        [440.827,0.0,90.3999],
        [0.0,450.0,0.0],
        [-90.3999,0.0,440.827],
        [-18107.2,73.8159,-4336.13]
      ],
      "type": "Sphere"
    },
    "bdt_t2_bomb_zone_09_aaa_point_01": {
      "objLayer": 0,
      "props": {},
      "tm": [
        [0.956555,0.0,-0.291547],
        [0.0,1.0,0.0],
        [0.291547,0.0,0.956555],
        [-17987.2,101.653,-4712.84]
      ],
      "type": "Point"
    },
    "bdt_t2_bomb_zone_09_aaa_point_02": {
      "objLayer": 0,
      "props": {},
      "tm": [
        [0.956555,0.0,-0.291547],
        [0.0,1.0,0.0],
        [0.291547,0.0,0.956555],
        [-18352.2,94.8093,-4167.79]
      ],
      "type": "Point"
    },
    "bdt_t2_bomb_zone_09_aaa_point_03": {
      "objLayer": 0,
      "props": {},
      "tm": [
        [0.956555,0.0,-0.291547],
        [0.0,1.0,0.0],
        [0.291547,0.0,0.956555],
        [-17746.6,85.8703,-4094.63]
      ],
      "type": "Point"
    },
    "bdt_t2_bomb_zone_09_aaa_point_04": {
      "objLayer": 0,
      "props": {},
      "tm": [
        [0.956555,0.0,-0.291547],
        [0.0,1.0,0.0],
        [0.291547,0.0,0.956555],
        [-18352.5,98.8433,-4511.71]
      ],
      "type": "Point"
    },
    "bdt_t2_bomb_zone_10": {
      "objLayer": 0,
      "props": {},
      "tm": [
        [440.827,0.0,90.3999],
        [0.0,450.0,0.0],
        [-90.3999,0.0,440.827],
        [-18903.2,39.1136,-1541.31]
      ],
      "type": "Sphere"
    },
    "bdt_t2_bomb_zone_10_aaa_point_01": {
      "objLayer": 0,
      "props": {},
      "tm": [
        [0.956555,0.0,-0.291547],
        [0.0,1.0,0.0],
        [0.291547,0.0,0.956555],
        [-17846.9,71.7733,-1881.04]
      ],
      "type": "Point"
    },
    "bdt_t2_bomb_zone_10_aaa_point_02": {
      "objLayer": 0,
      "props": {},
      "tm": [
        [0.956555,0.0,-0.291547],
        [0.0,1.0,0.0],
        [0.291547,0.0,0.956555],
        [-18562.7,31.3465,-1432.91]
      ],
      "type": "Point"
    },
    "bdt_t2_bomb_zone_10_aaa_point_03": {
      "objLayer": 0,
      "props": {},
      "tm": [
        [0.956555,0.0,-0.291547],
        [0.0,1.0,0.0],
        [0.291547,0.0,0.956555],
        [-18730.7,45.8479,-1915.17]
      ],
      "type": "Point"
    },
    "bdt_t2_bomb_zone_10_aaa_point_04": {
      "objLayer": 0,
      "props": {},
      "tm": [
        [0.956555,0.0,-0.291547],
        [0.0,1.0,0.0],
        [0.291547,0.0,0.956555],
        [-19016.8,31.4928,-1205.19]
      ],
      "type": "Point"
    },
    "bomb_zones_area": {
      "objLayer": 3,
      "props": {},
      "tm": [
        [9740.44,0.0,-15136.7],
        [0.0,18000.0,0.0],
        [15136.7,0.0,9740.44],
        [-8894.0,305.208,-2818.0]
      ],
      "type": "Sphere"
    }
  },
  "bin_dump_file": "",
  "dialogs": {},
  "effects": {},
  "imports": {
    "import_record": {
      "excludes": {},
      "file": "gameData/missions/templates/air_templates/jip/air_bdt_bases_destroy_template.blk",
      "importAreas": true,
      "importMissionObjectives": true,
      "importTriggers": true,
      "importUnits": true,
      "importWayPoints": true,
      "showAreas": true,
      "showMissionObjectives": true,
      "showTriggers": true,
      "showUnits": true,
      "showWayPoints": true
    }
  },
  "mission_objectives": {
    "isCategory": true,
    "is_enabled": true
  },
  "mission_settings": {
    "mission": {
      "environment": "Day",
      "level": "levels/air_smolensk.bin",
      "optionalTakeOff": false,
      "restoreType": "attempts",
      "type": "domination",
      "weather": "hazy"
    },
    "player": {
      "army": 1
    },
    "player_teamB": {
      "army": 2
    }
  },
  "objLayers": {
    "layer": [
      {
        "enabled": true
      },
      {
        "enabled": true
      },
      {
        "enabled": true
      },
      {
        "enabled": false
      },
      {
        "enabled": true
      }
    ]
  },
  "selected_tag": "",
  "triggers": {
    "isCategory": true,
    "is_enabled": true
  },
  "units": {
    "air_defence": [
      {
        "bullets0": "",
        "bullets1": "",
        "bullets2": "",
        "bullets3": "",
        "bulletsCount0": 0,
        "bulletsCount1": 0,
        "bulletsCount2": 0,
        "bulletsCount3": 0,
        "closed_waypoints": false,
        "crewSkillK": 0.0,
        "isShipSpline": false,
        "name": "bdt_t2_aaa",
        "objLayer": 1,
        "props": {
          "army": 2,
          "attack_type": "fire_at_will",
          "calmDetection": true,
          "count": 16,
          "formation_div": 3,
          "formation_noise": [0.1,0.1],
          "formation_step": [2.5,2.0],
          "formation_type": "rows",
          "isDelayed": true,
          "targetableByAi": false,
          "uniqueName": ""
        },
        "shipTurnRadius": 100.0,
        "tm": [
          [-0.757958,0.0,-0.652303],
          [0.0,1.0,0.0],
          [0.652303,0.0,-0.757958],
          [-15223.0,145.794,19318.5]
        ],
        "unit_class": "germ_88mm_flak36",
        "way": {},
        "weapons": ""
      },
      {
        "bullets0": "",
        "bullets1": "",
        "bullets2": "",
        "bullets3": "",
        "bulletsCount0": 0,
        "bulletsCount1": 0,
        "bulletsCount2": 0,
        "bulletsCount3": 0,
        "closed_waypoints": false,
        "crewSkillK": 0.0,
        "isShipSpline": false,
        "name": "bdt_t1_aaa",
        "objLayer": 1,
        "props": {
          "army": 1,
          "attack_type": "fire_at_will",
          "calmDetection": true,
          "count": 16,
          "formation_div": 3,
          "formation_noise": [0.1,0.1],
          "formation_step": [2.5,2.0],
          "formation_type": "rows",
          "isDelayed": true,
          "targetableByAi": false,
          "uniqueName": ""
        },
        "shipTurnRadius": 100.0,
        "tm": [
          [-0.757958,0.0,-0.652303],
          [0.0,1.0,0.0],
          [0.652303,0.0,-0.757958],
          [-16256.4,145.794,18429.2]
        ],
        "unit_class": "ussr_85mm_52k",
        "way": {},
        "weapons": ""
      }
    ],
    "objectGroups": [
      {
        "name": "bdt_t2_bomb_object_01",
        "objLayer": 2,
        "props": {
          "active": true,
          "army": 2
        },
        "tm": [
          [0.630526,0.0,-0.776166],
          [0.0,1.0,0.0],
          [0.776166,0.0,0.630526],
          [-13856.5,25.3853,3469.53]
        ],
        "unit_class": "dynBase_hq_camp_square"
      },
      {
        "name": "bdt_t2_bomb_object_02",
        "objLayer": 2,
        "props": {
          "active": true,
          "army": 2
        },
        "tm": [
          [-0.0594979,0.0,-0.99823],
          [0.0,1.0,0.0],
          [0.99823,0.0,-0.0594979],
          [-16851.7,57.272,-2267.19]
        ],
        "unit_class": "dynBase_fuel_storage_square"
      },
      {
        "name": "bdt_t2_bomb_object_03",
        "objLayer": 2,
        "props": {
          "active": true,
          "army": 2
        },
        "tm": [
          [0.979615,0.0,0.200891],
          [0.0,1.0,0.0],
          [-0.200891,0.0,0.979615],
          [-16728.9,46.7032,-4726.91]
        ],
        "unit_class": "dynBase_oil_storage_small_square"
      },
      {
        "name": "bdt_t1_bomb_object_01",
        "objLayer": 2,
        "props": {
          "active": true,
          "army": 1
        },
        "tm": [
          [0.849666,0.0,-0.527319],
          [0.0,1.0,0.0],
          [0.527319,0.0,0.849666],
          [-2965.41,30.0127,2402.57]
        ],
        "unit_class": "dynBase_fuel_storage_square"
      },
      {
        "name": "bdt_t1_bomb_object_02",
        "objLayer": 2,
        "props": {
          "active": false,
          "army": 1
        },
        "tm": [
          [0.982691,0.0,0.185246],
          [0.0,1.0,0.0],
          [-0.185246,0.0,0.982691],
          [-1493.28,75.8618,-744.286]
        ],
        "unit_class": "dynBase_small_factory_square"
      },
      {
        "name": "bdt_t1_bomb_object_03",
        "objLayer": 2,
        "props": {
          "active": false,
          "army": 1
        },
        "tm": [
          [0.920219,0.0,0.391405],
          [0.0,1.0,0.0],
          [-0.391405,0.0,0.920219],
          [-4071.19,61.4944,-8460.34]
        ],
        "unit_class": "dynBase_oil_storage_small_square"
      },
      {
        "name": "bdt_t2_bomb_object_04",
        "objLayer": 2,
        "props": {
          "active": true,
          "army": 2
        },
        "tm": [
          [0.961688,0.0,-0.274142],
          [0.0,1.0,0.0],
          [0.274142,0.0,0.961688],
          [-11020.5,32.6938,4767.11]
        ],
        "unit_class": "dynBase_small_factory_square"
      },
      {
        "name": "bdt_t1_bomb_object_04",
        "objLayer": 2,
        "props": {
          "active": false,
          "army": 1
        },
        "tm": [
          [0.999006,0.0,0.0445703],
          [0.0,1.0,0.0],
          [-0.0445703,0.0,0.999006],
          [-6460.17,16.8223,-10198.0]
        ],
        "unit_class": "dynBase_field_camp_square"
      },
      {
        "name": "bdt_t1_bomb_object_05",
        "objLayer": 2,
        "props": {
          "active": false,
          "army": 1
        },
        "tm": [
          [0.999006,0.0,0.0445703],
          [0.0,1.0,0.0],
          [-0.0445703,0.0,0.999006],
          [-5372.35,125.793,-11581.4]
        ],
        "unit_class": "dynBase_military_base_square"
      },
      {
        "name": "bdt_t1_bomb_object_06",
        "objLayer": 2,
        "props": {
          "active": false,
          "army": 1
        },
        "tm": [
          [0.999006,0.0,0.0445703],
          [0.0,1.0,0.0],
          [-0.0445703,0.0,0.999006],
          [-3304.96,48.5797,-9907.32]
        ],
        "unit_class": "dynBase_oil_storage_large_square"
      },
      {
        "name": "bdt_t1_bomb_object_07",
        "objLayer": 2,
        "props": {
          "active": false,
          "army": 1
        },
        "tm": [
          [0.999006,0.0,0.0445703],
          [0.0,1.0,0.0],
          [-0.0445703,0.0,0.999006],
          [-1789.78,50.4805,-8136.29]
        ],
        "unit_class": "dynBase_oil_storage_large_square"
      },
      {
        "name": "bdt_t1_bomb_object_08",
        "objLayer": 2,
        "props": {
          "active": true,
          "army": 1
        },
        "tm": [
          [0.849666,0.0,-0.527319],
          [0.0,1.0,0.0],
          [0.527319,0.0,0.849666],
          [-1715.21,34.3583,3282.34]
        ],
        "unit_class": "dynBase_small_factory_square"
      },
      {
        "name": "bdt_t1_bomb_object_09",
        "objLayer": 2,
        "props": {
          "active": true,
          "army": 1
        },
        "tm": [
          [0.849666,0.0,-0.527319],
          [0.0,1.0,0.0],
          [0.527319,0.0,0.849666],
          [-738.03,10.7233,973.814]
        ],
        "unit_class": "dynBase_hq_camp_square"
      },
      {
        "name": "bdt_t1_bomb_object_10",
        "objLayer": 2,
        "props": {
          "active": true,
          "army": 1
        },
        "tm": [
          [0.849666,0.0,-0.527319],
          [0.0,1.0,0.0],
          [0.527319,0.0,0.849666],
          [42.8086,37.6132,-1026.22]
        ],
        "unit_class": "dynBase_petrol_camp_square"
      },
      {
        "name": "bdt_t2_bomb_object_05",
        "objLayer": 2,
        "props": {
          "active": true,
          "army": 2
        },
        "tm": [
          [0.961688,0.0,-0.274142],
          [0.0,1.0,0.0],
          [0.274142,0.0,0.961688],
          [-10630.8,33.6573,6189.95]
        ],
        "unit_class": "dynBase_petrol_camp_square"
      },
      {
        "name": "bdt_t2_bomb_object_06",
        "objLayer": 2,
        "props": {
          "active": true,
          "army": 2
        },
        "tm": [
          [0.977868,0.0,0.209222],
          [0.0,1.0,0.0],
          [-0.209222,0.0,0.977868],
          [-12673.7,27.8227,5438.33]
        ],
        "unit_class": "dynBase_military_base_square"
      },
      {
        "name": "bdt_t2_bomb_object_07",
        "objLayer": 2,
        "props": {
          "active": true,
          "army": 2
        },
        "tm": [
          [0.961688,0.0,-0.274142],
          [0.0,1.0,0.0],
          [0.274142,0.0,0.961688],
          [-15097.2,29.9501,4428.42]
        ],
        "unit_class": "dynBase_fuel_storage_square"
      },
      {
        "name": "bdt_t2_bomb_object_08",
        "objLayer": 2,
        "props": {
          "active": true,
          "army": 2
        },
        "tm": [
          [0.979615,0.0,0.200891],
          [0.0,1.0,0.0],
          [-0.200891,0.0,0.979615],
          [-17678.7,83.3951,-5951.75]
        ],
        "unit_class": "dynBase_ammunition_storage_square"
      },
      {
        "name": "bdt_t2_bomb_object_09",
        "objLayer": 2,
        "props": {
          "active": true,
          "army": 2
        },
        "tm": [
          [0.979615,0.0,0.200891],
          [0.0,1.0,0.0],
          [-0.200891,0.0,0.979615],
          [-18100.2,98.1033,-4343.13]
        ],
        "unit_class": "dynBase_field_camp_square"
      },
      {
        "name": "bdt_t2_bomb_object_10",
        "objLayer": 2,
        "props": {
          "active": true,
          "army": 2
        },
        "tm": [
          [0.979615,0.0,0.200891],
          [0.0,1.0,0.0],
          [-0.200891,0.0,0.979615],
          [-18896.5,39.4015,-1548.21]
        ],
        "unit_class": "dynBase_oil_storage_small_square"
      }
    ],
    "squad": [
      {
        "name": "bdt_t1_targets_squad",
        "props": {
          "object_marking": 0,
          "squad_members": [
            "bdt_t2_bomb_zone_01_bomb_target",
            "bdt_t2_bomb_zone_02_bomb_target",
            "bdt_t2_bomb_zone_03_bomb_target",
            "bdt_t2_bomb_zone_04_bomb_target",
            "bdt_t2_bomb_zone_05_bomb_target"
          ]
        },
        "tm": [
          [0.999305,0.0,0.0372677],
          [0.0,1.0,0.0],
          [-0.0372677,0.0,0.999305],
          [-1228.97,99.743,-3848.64]
        ]
      },
      {
        "name": "bdt_t2_targets_squad",
        "props": {
          "object_marking": 0,
          "squad_members": [
            "bdt_t2_bomb_zone_01_bomb_target",
            "bdt_t2_bomb_zone_02_bomb_target",
            "bdt_t2_bomb_zone_03_bomb_target",
            "bdt_t2_bomb_zone_04_bomb_target",
            "bdt_t2_bomb_zone_05_bomb_target",
            "bdt_t2_bomb_zone_06_bomb_target",
            "bdt_t2_bomb_zone_07_bomb_target",
            "bdt_t2_bomb_zone_08_bomb_target",
            "bdt_t2_bomb_zone_09_bomb_target",
            "bdt_t2_bomb_zone_10_bomb_target"
          ]
        },
        "tm": [
          [0.956555,0.0,-0.291547],
          [0.0,1.0,0.0],
          [0.291547,0.0,0.956555],
          [-15899.7,98.5945,300.22]
        ]
      },
      {
        "name": "bdt_t2_aaa_squad",
        "props": {
          "object_marking": 0,
          "squad_members": "bdt_t2_aaa"
        },
        "tm": [
          [-0.757958,0.0,-0.652303],
          [0.0,1.0,0.0],
          [0.652303,0.0,-0.757958],
          [-17355.3,145.794,19738.0]
        ]
      },
      {
        "name": "bdt_t1_aaa_squad",
        "props": {
          "object_marking": 0,
          "squad_members": "bdt_t1_aaa"
        },
        "tm": [
          [-0.757958,0.0,-0.652303],
          [0.0,1.0,0.0],
          [0.652303,0.0,-0.757958],
          [-18445.6,145.794,18510.8]
        ]
      }
    ],
    "structures": [
      {
        "bullets0": "",
        "bullets1": "",
        "bullets2": "",
        "bullets3": "",
        "bulletsCount0": 0,
        "bulletsCount1": 0,
        "bulletsCount2": 0,
        "bulletsCount3": 0,
        "closed_waypoints": false,
        "crewSkillK": 0.0,
        "isShipSpline": false,
        "name": "bdt_t2_bomb_zone_01_bomb_target",
        "objLayer": 2,
        "props": {
          "army": 2,
          "attack_type": "fire_at_will",
          "count": 1,
          "formation_div": 3,
          "formation_noise": [0.1,0.1],
          "formation_step": [2.5,2.0],
          "formation_type": "rows",
          "isDelayed": false,
          "setStealth": true,
          "stealthRadius": 0.0,
          "targetableByAi": false,
          "uniqueName": ""
        },
        "shipTurnRadius": 100.0,
        "tm": [
          [0.630526,0.0,-0.776166],
          [0.0,1.0,0.0],
          [0.776166,0.0,0.630526],
          [-13856.5,25.3853,3469.53]
        ],
        "unit_class": "dummy_immortal",
        "way": {},
        "weapons": ""
      },
      {
        "bullets0": "",
        "bullets1": "",
        "bullets2": "",
