{
  "airfields": {},
  "areas": {
    "t1_end": {
      "objLayer": 0,
      "props": {},
      "tm": [
        [124.905,0.0,-111.453],
        [0.0,167.4,0.0],
        [111.453,0.0,124.905],
        [-9049.32,0.00390625,4724.1]
      ],
      "type": "Sphere"
    },
    "t1_start": {
      "objLayer": 0,
      "props": {},
      "tm": [
        [123.643,0.0,-112.851],
        [0.0,167.4,0.0],
        [112.851,0.0,123.643],
        [-11362.0,0.00390631,6666.3]
      ],
      "type": "Sphere"
    },
    "t1_waterfield": {
      "objLayer": 0,
      "props": {},
      "tm": [
        [-2295.03,0.0,1932.05],
        [0.0,296.7,0.0],
        [-257.606,0.0,-306.003],
        [-10257.9,0.006836,5717.97]
      ],
      "type": "Box"
    },
    "t2_end": {
      "objLayer": 0,
      "props": {},
      "tm": [
        [-101.191,0.0,133.353],
        [0.0,167.4,0.0],
        [-133.353,0.0,-101.191],
        [11975.1,-0.000965118,-6327.32]
      ],
      "type": "Sphere"
    },
    "t2_start": {
      "objLayer": 0,
      "props": {},
      "tm": [
        [-109.109,0.0,126.956],
        [0.0,167.4,0.0],
        [-126.956,0.0,-109.109],
        [13884.6,-0.000965118,-8641.26]
      ],
      "type": "Sphere"
    },
    "t2_waterfield": {
      "objLayer": 0,
      "props": {},
      "tm": [
        [1927.93,0.0,-2298.49],
        [0.0,296.7,0.0],
        [306.465,0.0,257.057],
        [12936.9,-0.000965118,-7480.23]
      ],
      "type": "Box"
    }
  },
  "bin_dump_file": "",
  "dialogs": {},
  "effects": {},
  "imports": {
    "import_record": [
      {
        "excludes": {},
        "file": "gameData/missions/templates/navy_templates/air_spawn_template.blk",
        "importAreas": true,
        "importMissionObjectives": true,
        "importTriggers": true,
        "importUnits": true,
        "importWayPoints": true,
        "showAreas": true,
        "showMissionObjectives": true,
        "showTriggers": true,
        "showUnits": true,
        "showWayPoints": true
      },
      {
        "excludes": {},
        "file": "gameData/missions/cta/ships/peleliu/mainareas/peleliu_NDom_airspawns.blk",
        "importAreas": true,
        "importMissionObjectives": true,
        "importTriggers": true,
        "importUnits": true,
        "importWayPoints": true,
        "rankRange": [6,50],
        "showAreas": true,
        "showMissionObjectives": true,
        "showTriggers": true,
        "showUnits": true,
        "showWayPoints": true
      },
      {
        "excludes": {},
        "file": "gameData/missions/cta/ships/peleliu/mainareas/peleliu_NDom_newbie_airspawns.blk",
        "importAreas": true,
        "importMissionObjectives": true,
        "importTriggers": true,
        "importUnits": true,
        "importWayPoints": true,
        "rankRange": [0,5],
        "showAreas": true,
        "showMissionObjectives": true,
        "showTriggers": true,
        "showUnits": true,
        "showWayPoints": true
      }
    ]
  },
  "mission_objectives": {
    "isCategory": true,
    "is_enabled": true
  },
  "mission_settings": {
    "mission": {
      "allowedUnitTypes": {
        "isAirplanesAllowed": true,
        "isHelicoptersAllowed": false,
        "isShipsAllowed": true,
        "isTanksAllowed": false
      },
      "environment": "Day",
      "level": "levels/avn_peleliu.bin",
      "optionalTakeOff": false,
      "restoreType": "attempts",
      "type": "singleMission",
      "weather": "hazy"
    },
    "player": {
      "army": 1
    },
    "player_teamB": {
      "army": 2
    },
    "spectator_points": {}
  },
  "objLayers": {
    "layer": [
      {
        "enabled": true
      },
      {
        "enabled": true
      },
      {
        "enabled": true
      },
      {
        "enabled": false
      }
    ]
  },
  "selected_tag": "",
  "triggers": {
    "isCategory": true,
    "is_enabled": true
  },
  "units": {
    "air_defence": [
      {
        "bullets0": "",
        "bullets1": "",
        "bullets2": "",
        "bullets3": "",
        "bulletsCount0": 0,
        "bulletsCount1": 0,
        "bulletsCount2": 0,
        "bulletsCount3": 0,
        "closed_waypoints": false,
        "isShipSpline": false,
        "name": "t1_airfield_aaa01",
        "objLayer": 1,
        "props": {
          "army": 1,
          "attack_type": "fire_at_will",
          "count": 1,
          "formation_div": 3,
          "formation_noise": [0.1,0.1],
          "formation_step": [2.5,2.0],
          "formation_type": "rows",
          "uniqueName": ""
        },
        "shipTurnRadius": 100.0,
        "tm": [
          [-0.343905,0.0,-0.939004],
          [0.0,1.0,0.0],
          [0.939004,0.0,-0.343905],
          [-9839.5,901.05,8373.6]
        ],
        "unit_class": "ussr_37mm_61k_airfield",
        "way": {},
        "weapons": ""
      },
      {
        "bullets0": "",
        "bullets1": "",
        "bullets2": "",
        "bullets3": "",
        "bulletsCount0": 0,
        "bulletsCount1": 0,
        "bulletsCount2": 0,
        "bulletsCount3": 0,
        "closed_waypoints": false,
        "isShipSpline": false,
        "name": "t1_airfield_aaa02",
        "objLayer": 1,
        "props": {
          "army": 1,
          "attack_type": "fire_at_will",
          "count": 1,
          "formation_div": 3,
          "formation_noise": [0.1,0.1],
          "formation_step": [2.5,2.0],
          "formation_type": "rows",
          "uniqueName": ""
        },
        "shipTurnRadius": 100.0,
        "tm": [
          [-0.343905,0.0,-0.939004],
          [0.0,1.0,0.0],
          [0.939004,0.0,-0.343905],
          [-9679.78,921.281,8810.16]
        ],
        "unit_class": "ussr_37mm_61k_airfield",
        "way": {},
        "weapons": ""
      },
      {
        "bullets0": "",
        "bullets1": "",
        "bullets2": "",
        "bullets3": "",
        "bulletsCount0": 0,
        "bulletsCount1": 0,
        "bulletsCount2": 0,
        "bulletsCount3": 0,
        "closed_waypoints": false,
        "isShipSpline": false,
        "name": "t1_airfield_aaa03",
        "objLayer": 1,
        "props": {
          "army": 1,
          "attack_type": "fire_at_will",
          "count": 1,
          "formation_div": 3,
          "formation_noise": [0.1,0.1],
          "formation_step": [2.5,2.0],
          "formation_type": "rows",
          "uniqueName": ""
        },
        "shipTurnRadius": 100.0,
        "tm": [
          [-0.343905,0.0,-0.939004],
          [0.0,1.0,0.0],
          [0.939004,0.0,-0.343905],
          [-9506.07,914.082,8694.12]
        ],
        "unit_class": "ussr_37mm_61k_airfield",
        "way": {},
        "weapons": ""
      },
      {
        "bullets0": "",
        "bullets1": "",
        "bullets2": "",
        "bullets3": "",
        "bulletsCount0": 0,
        "bulletsCount1": 0,
        "bulletsCount2": 0,
        "bulletsCount3": 0,
        "closed_waypoints": false,
        "isShipSpline": false,
        "name": "t1_airfield_aaa04",
        "objLayer": 1,
        "props": {
          "army": 1,
          "attack_type": "fire_at_will",
          "count": 1,
          "formation_div": 3,
          "formation_noise": [0.1,0.1],
          "formation_step": [2.5,2.0],
          "formation_type": "rows",
          "uniqueName": ""
        },
        "shipTurnRadius": 100.0,
        "tm": [
          [-0.343905,0.0,-0.939004],
          [0.0,1.0,0.0],
          [0.939004,0.0,-0.343905],
          [-9210.01,907.548,8441.42]
        ],
        "unit_class": "ussr_37mm_61k_airfield",
        "way": {},
        "weapons": ""
      },
      {
        "bullets0": "",
        "bullets1": "",
        "bullets2": "",
        "bullets3": "",
        "bulletsCount0": 0,
        "bulletsCount1": 0,
        "bulletsCount2": 0,
        "bulletsCount3": 0,
        "closed_waypoints": false,
        "isShipSpline": false,
        "name": "t1_airfield_aaa05",
        "objLayer": 1,
        "props": {
          "army": 1,
          "attack_type": "fire_at_will",
          "count": 1,
          "formation_div": 3,
          "formation_noise": [0.1,0.1],
          "formation_step": [2.5,2.0],
          "formation_type": "rows",
          "uniqueName": ""
        },
        "shipTurnRadius": 100.0,
        "tm": [
          [-0.343905,0.0,-0.939004],
          [0.0,1.0,0.0],
          [0.939004,0.0,-0.343905],
          [-9859.33,936.955,8916.53]
        ],
        "unit_class": "ussr_37mm_61k_airfield",
        "way": {},
        "weapons": ""
      },
      {
        "bullets0": "",
        "bullets1": "",
        "bullets2": "",
        "bullets3": "",
        "bulletsCount0": 0,
        "bulletsCount1": 0,
        "bulletsCount2": 0,
        "bulletsCount3": 0,
        "closed_waypoints": false,
        "isShipSpline": false,
        "name": "t1_airfield_aaa06",
        "objLayer": 1,
        "props": {
          "army": 1,
          "attack_type": "fire_at_will",
          "count": 1,
          "formation_div": 3,
          "formation_noise": [0.1,0.1],
          "formation_step": [2.5,2.0],
          "formation_type": "rows",
          "uniqueName": ""
        },
        "shipTurnRadius": 100.0,
        "tm": [
          [-0.343905,0.0,-0.939004],
          [0.0,1.0,0.0],
          [0.939004,0.0,-0.343905],
          [-9522.85,903.565,8214.12]
        ],
        "unit_class": "ussr_37mm_61k_airfield",
        "way": {},
        "weapons": ""
      },
      {
        "bullets0": "",
        "bullets1": "",
        "bullets2": "",
        "bullets3": "",
        "bulletsCount0": 0,
        "bulletsCount1": 0,
        "bulletsCount2": 0,
        "bulletsCount3": 0,
        "closed_waypoints": false,
        "isShipSpline": false,
        "name": "t1_airfield_aaa07",
        "objLayer": 1,
        "props": {
          "army": 1,
          "attack_type": "fire_at_will",
          "count": 1,
          "formation_div": 3,
          "formation_noise": [0.1,0.1],
          "formation_step": [2.5,2.0],
          "formation_type": "rows",
          "uniqueName": ""
        },
        "shipTurnRadius": 100.0,
        "tm": [
          [-0.343905,0.0,-0.939004],
          [0.0,1.0,0.0],
          [0.939004,0.0,-0.343905],
          [-9340.73,881.744,7919.21]
        ],
        "unit_class": "ussr_37mm_61k_airfield",
        "way": {},
        "weapons": ""
      },
      {
        "bullets0": "",
        "bullets1": "",
        "bullets2": "",
        "bullets3": "",
        "bulletsCount0": 0,
        "bulletsCount1": 0,
        "bulletsCount2": 0,
        "bulletsCount3": 0,
        "closed_waypoints": false,
        "isShipSpline": false,
        "name": "t1_airfield_aaa08",
        "objLayer": 1,
        "props": {
          "army": 1,
          "attack_type": "fire_at_will",
          "count": 1,
          "formation_div": 3,
          "formation_noise": [0.1,0.1],
          "formation_step": [2.5,2.0],
          "formation_type": "rows",
          "uniqueName": ""
        },
        "shipTurnRadius": 100.0,
        "tm": [
          [-0.343905,0.0,-0.939004],
          [0.0,1.0,0.0],
          [0.939004,0.0,-0.343905],
          [-10169.2,925.171,8578.57]
        ],
        "unit_class": "ussr_37mm_61k_airfield",
        "way": {},
        "weapons": ""
      },
      {
        "bullets0": "",
        "bullets1": "",
        "bullets2": "",
        "bullets3": "",
        "bulletsCount0": 0,
        "bulletsCount1": 0,
        "bulletsCount2": 0,
        "bulletsCount3": 0,
        "closed_waypoints": false,
        "isShipSpline": false,
        "name": "t1_airfield_aaa09",
        "objLayer": 1,
        "props": {
          "army": 1,
          "attack_type": "fire_at_will",
          "count": 1,
          "formation_div": 3,
          "formation_noise": [0.1,0.1],
          "formation_step": [2.5,2.0],
          "formation_type": "rows",
          "uniqueName": ""
        },
        "shipTurnRadius": 100.0,
        "tm": [
          [-0.343905,0.0,-0.939004],
          [0.0,1.0,0.0],
          [0.939004,0.0,-0.343905],
          [-9639.63,899.61,8151.31]
        ],
        "unit_class": "ussr_37mm_61k_airfield",
        "way": {},
        "weapons": ""
      },
      {
        "bullets0": "",
        "bullets1": "",
        "bullets2": "",
        "bullets3": "",
        "bulletsCount0": 0,
        "bulletsCount1": 0,
        "bulletsCount2": 0,
        "bulletsCount3": 0,
        "closed_waypoints": false,
        "isShipSpline": false,
        "name": "t1_airfield_aaa10",
        "objLayer": 1,
        "props": {
          "army": 1,
          "attack_type": "fire_at_will",
          "count": 1,
          "formation_div": 3,
          "formation_noise": [0.1,0.1],
          "formation_step": [2.5,2.0],
          "formation_type": "rows",
          "uniqueName": ""
        },
        "shipTurnRadius": 100.0,
        "tm": [
          [-0.343905,0.0,-0.939004],
          [0.0,1.0,0.0],
          [0.939004,0.0,-0.343905],
          [-9092.21,901.37,8289.1]
        ],
        "unit_class": "ussr_37mm_61k_airfield",
        "way": {},
        "weapons": ""
      },
      {
        "bullets0": "",
        "bullets1": "",
        "bullets2": "",
        "bullets3": "",
        "bulletsCount0": 0,
        "bulletsCount1": 0,
        "bulletsCount2": 0,
        "bulletsCount3": 0,
        "closed_waypoints": false,
        "isShipSpline": false,
        "name": "t2_airfield_aaa01",
        "objLayer": 1,
        "props": {
          "army": 2,
          "attack_type": "fire_at_will",
          "count": 1,
          "formation_div": 3,
          "formation_noise": [0.1,0.1],
          "formation_step": [2.5,2.0],
          "formation_type": "rows",
          "uniqueName": ""
        },
        "shipTurnRadius": 100.0,
        "tm": [
          [0.41583,0.0,-0.909443],
          [0.0,1.0,0.0],
          [0.909443,0.0,0.41583],
          [10476.2,189.8,-8895.8]
        ],
        "unit_class": "germ_37mm_flak43_airfield",
        "way": {},
        "weapons": ""
      },
      {
        "bullets0": "",
        "bullets1": "",
        "bullets2": "",
        "bullets3": "",
        "bulletsCount0": 0,
        "bulletsCount1": 0,
        "bulletsCount2": 0,
        "bulletsCount3": 0,
        "closed_waypoints": false,
        "isShipSpline": false,
        "name": "t2_airfield_aaa02",
        "objLayer": 1,
        "props": {
          "army": 2,
          "attack_type": "fire_at_will",
          "count": 1,
          "formation_div": 3,
          "formation_noise": [0.1,0.1],
          "formation_step": [2.5,2.0],
          "formation_type": "rows",
          "uniqueName": ""
        },
        "shipTurnRadius": 100.0,
        "tm": [
          [0.41583,0.0,-0.909443],
          [0.0,1.0,0.0],
          [0.909443,0.0,0.41583],
          [10201.7,-17.0263,-10229.4]
        ],
        "unit_class": "germ_37mm_flak43_airfield",
        "way": {},
        "weapons": ""
      },
      {
        "bullets0": "",
        "bullets1": "",
        "bullets2": "",
        "bullets3": "",
        "bulletsCount0": 0,
        "bulletsCount1": 0,
        "bulletsCount2": 0,
        "bulletsCount3": 0,
        "closed_waypoints": false,
        "isShipSpline": false,
        "name": "t2_airfield_aaa03",
        "objLayer": 1,
        "props": {
          "army": 2,
          "attack_type": "fire_at_will",
          "count": 1,
          "formation_div": 3,
          "formation_noise": [0.1,0.1],
          "formation_step": [2.5,2.0],
          "formation_type": "rows",
          "uniqueName": ""
        },
        "shipTurnRadius": 100.0,
        "tm": [
          [0.41583,0.0,-0.909443],
          [0.0,1.0,0.0],
          [0.909443,0.0,0.41583],
          [9675.25,-16.8903,-9398.14]
        ],
        "unit_class": "germ_37mm_flak43_airfield",
        "way": {},
        "weapons": ""
      },
      {
        "bullets0": "",
        "bullets1": "",
        "bullets2": "",
        "bullets3": "",
        "bulletsCount0": 0,
        "bulletsCount1": 0,
        "bulletsCount2": 0,
        "bulletsCount3": 0,
        "closed_waypoints": false,
        "isShipSpline": false,
        "name": "t2_airfield_aaa04",
        "objLayer": 1,
        "props": {
          "army": 2,
          "attack_type": "fire_at_will",
          "count": 1,
          "formation_div": 3,
          "formation_noise": [0.1,0.1],
          "formation_step": [2.5,2.0],
          "formation_type": "rows",
          "uniqueName": ""
        },
        "shipTurnRadius": 100.0,
        "tm": [
          [0.41583,0.0,-0.909443],
          [0.0,1.0,0.0],
          [0.909443,0.0,0.41583],
          [10009.5,169.322,-9815.25]
        ],
        "unit_class": "germ_37mm_flak43_airfield",
        "way": {},
        "weapons": ""
      },
      {
        "bullets0": "",
        "bullets1": "",
        "bullets2": "",
        "bullets3": "",
        "bulletsCount0": 0,
        "bulletsCount1": 0,
        "bulletsCount2": 0,
        "bulletsCount3": 0,
        "closed_waypoints": false,
        "isShipSpline": false,
        "name": "t2_airfield_aaa05",
        "objLayer": 1,
        "props": {
          "army": 2,
          "attack_type": "fire_at_will",
          "count": 1,
          "formation_div": 3,
          "formation_noise": [0.1,0.1],
          "formation_step": [2.5,2.0],
          "formation_type": "rows",
          "uniqueName": ""
        },
        "shipTurnRadius": 100.0,
        "tm": [
          [0.41583,0.0,-0.909443],
          [0.0,1.0,0.0],
          [0.909443,0.0,0.41583],
          [10587.3,188.686,-9211.61]
        ],
        "unit_class": "germ_37mm_flak43_airfield",
        "way": {},
        "weapons": ""
      },
      {
        "bullets0": "",
        "bullets1": "",
        "bullets2": "",
        "bullets3": "",
        "bulletsCount0": 0,
        "bulletsCount1": 0,
        "bulletsCount2": 0,
        "bulletsCount3": 0,
        "closed_waypoints": false,
        "isShipSpline": false,
        "name": "t2_airfield_aaa06",
        "objLayer": 1,
        "props": {
          "army": 2,
          "attack_type": "fire_at_will",
          "count": 1,
          "formation_div": 3,
          "formation_noise": [0.1,0.1],
          "formation_step": [2.5,2.0],
          "formation_type": "rows",
          "uniqueName": ""
        },
        "shipTurnRadius": 100.0,
        "tm": [
          [0.41583,0.0,-0.909443],
          [0.0,1.0,0.0],
          [0.909443,0.0,0.41583],
          [10701.9,-17.4788,-9891.21]
        ],
        "unit_class": "germ_37mm_flak43_airfield",
        "way": {},
        "weapons": ""
      },
      {
        "bullets0": "",
        "bullets1": "",
        "bullets2": "",
        "bullets3": "",
        "bulletsCount0": 0,
        "bulletsCount1": 0,
        "bulletsCount2": 0,
        "bulletsCount3": 0,
        "closed_waypoints": false,
        "isShipSpline": false,
        "name": "t2_airfield_aaa08",
        "objLayer": 1,
        "props": {
          "army": 2,
          "attack_type": "fire_at_will",
          "count": 1,
          "formation_div": 3,
          "formation_noise": [0.1,0.1],
          "formation_step": [2.5,2.0],
          "formation_type": "rows",
          "uniqueName": ""
        },
        "shipTurnRadius": 100.0,
        "tm": [
          [0.41583,0.0,-0.909443],
          [0.0,1.0,0.0],
          [0.909443,0.0,0.41583],
          [9817.97,185.856,-9633.42]
        ],
        "unit_class": "germ_37mm_flak43_airfield",
        "way": {},
        "weapons": ""
      },
      {
        "bullets0": "",
        "bullets1": "",
        "bullets2": "",
        "bullets3": "",
        "bulletsCount0": 0,
        "bulletsCount1": 0,
        "bulletsCount2": 0,
        "bulletsCount3": 0,
        "closed_waypoints": false,
        "isShipSpline": false,
        "name": "t2_airfield_aaa09",
        "objLayer": 1,
        "props": {
          "army": 2,
          "attack_type": "fire_at_will",
          "count": 1,
          "formation_div": 3,
          "formation_noise": [0.1,0.1],
          "formation_step": [2.5,2.0],
          "formation_type": "rows",
          "uniqueName": ""
        },
        "shipTurnRadius": 100.0,
        "tm": [
          [0.41583,0.0,-0.909443],
          [0.0,1.0,0.0],
          [0.909443,0.0,0.41583],
          [10415.8,-17.1411,-10359.8]
        ],
        "unit_class": "germ_37mm_flak43_airfield",
        "way": {},
        "weapons": ""
      },
      {
        "bullets0": "",
        "bullets1": "",
        "bullets2": "",
        "bullets3": "",
        "bulletsCount0": 0,
        "bulletsCount1": 0,
        "bulletsCount2": 0,
        "bulletsCount3": 0,
        "closed_waypoints": false,
        "isShipSpline": false,
        "name": "t2_airfield_aaa10",
        "objLayer": 1,
        "props": {
          "army": 2,
          "attack_type": "fire_at_will",
          "count": 1,
          "formation_div": 3,
          "formation_noise": [0.1,0.1],
          "formation_step": [2.5,2.0],
          "formation_type": "rows",
          "uniqueName": ""
        },
        "shipTurnRadius": 100.0,
        "tm": [
          [0.41583,0.0,-0.909443],
          [0.0,1.0,0.0],
          [0.909443,0.0,0.41583],
          [10519.3,175.447,-9601.22]
        ],
        "unit_class": "germ_37mm_flak43_airfield",
        "way": {},
        "weapons": ""
      },
      {
        "bullets0": "",
        "bullets1": "",
        "bullets2": "",
        "bullets3": "",
        "bulletsCount0": 0,
        "bulletsCount1": 0,
        "bulletsCount2": 0,
        "bulletsCount3": 0,
        "closed_waypoints": false,
        "isShipSpline": false,
        "name": "t2_airfield_aaa07",
        "objLayer": 1,
        "props": {
          "army": 2,
          "attack_type": "fire_at_will",
          "count": 1,
          "formation_div": 3,
          "formation_noise": [0.1,0.1],
          "formation_step": [2.5,2.0],
          "formation_type": "rows",
          "uniqueName": ""
        },
        "shipTurnRadius": 100.0,
        "tm": [
          [0.41583,0.0,-0.909443],
          [0.0,1.0,0.0],
          [0.909443,0.0,0.41583],
          [9477.23,188.686,-8918.63]
        ],
        "unit_class": "germ_37mm_flak43_airfield",
        "way": {},
        "weapons": ""
      }
    ],
    "objectGroups": [
      {
        "name": "t2_airfield",
        "objLayer": 2,
        "props": {
          "active": true,
          "army": 2
        },
        "tm": [
          [0.357324,0.0,-0.933981],
          [0.0,1.0,0.0],
          [0.933981,0.0,0.357324],
          [10191.0,185.932,-9427.91]
        ],
        "unit_class": "dynAF_sicily_ally"
      },
      {
        "name": "t1_airfield",
        "objLayer": 2,
        "props": {
          "active": true,
          "army": 1
        },
        "tm": [
          [-0.847578,0.0,0.530672],
          [0.0,1.0,0.0],
          [-0.530672,0.0,-0.847578],
          [-9517.02,903.66,8396.85]
        ],
        "unit_class": "dynAF_sicily_ally"
      }
    ],
    "squad": [
      {
        "name": "t1_airfield_aaa_squad",
        "props": {
          "object_marking": 0,
          "squad_members": [
            "t1_airfield_aaa01",
            "t1_airfield_aaa02",
            "t1_airfield_aaa03",
            "t1_airfield_aaa04",
            "t1_airfield_aaa05",
            "t1_airfield_aaa06",
            "t1_airfield_aaa07",
            "t1_airfield_aaa08",
            "t1_airfield_aaa09",
            "t1_airfield_aaa10"
          ]
        },
        "tm": [
          [0.818764,0.0,-0.57413],
          [0.0,1.0,0.0],
          [0.57413,0.0,0.818764],
          [-8698.06,868.367,9060.98]
        ]
      },
      {
        "name": "t2_airfield_aaa_squad",
        "props": {
          "object_marking": 0,
          "squad_members": [
            "t2_airfield_aaa01",
            "t2_airfield_aaa02",
            "t2_airfield_aaa03",
            "t2_airfield_aaa04",
            "t2_airfield_aaa05",
            "t2_airfield_aaa06",
            "t2_airfield_aaa07",
            "t2_airfield_aaa08",
            "t2_airfield_aaa09",
            "t2_airfield_aaa10"
          ]
        },
        "tm": [
          [0.725963,0.0,-0.687734],
          [0.0,1.0,0.0],
          [0.687734,0.0,0.725963],
          [13458.9,-39.501,-6636.13]
        ]
      }
    ]
  },
  "variables": {},
  "wayPoints": {}
}