{
  "airfields": {},
  "areas": {
    "bdt_t1_bomb_zone_01": {
      "objLayer": 0,
      "props": {},
      "tm": [
        [440.797,0.0,-90.5435],
        [0.0,450.0,0.0],
        [90.5435,0.0,440.797],
        [-724.266,172.145,6923.03]
      ],
      "type": "Sphere"
    },
    "bdt_t1_bomb_zone_01_aaa_point_01": {
      "objLayer": 0,
      "props": {},
      "tm": [
        [0.92486,0.0,0.380309],
        [0.0,1.0,0.0],
        [-0.380309,0.0,0.92486],
        [-492.177,168.278,7028.26]
      ],
      "type": "Point"
    },
    "bdt_t1_bomb_zone_01_aaa_point_02": {
      "objLayer": 0,
      "props": {},
      "tm": [
        [0.92486,0.0,0.380309],
        [0.0,1.0,0.0],
        [-0.380309,0.0,0.92486],
        [-974.653,146.734,6886.07]
      ],
      "type": "Point"
    },
    "bdt_t1_bomb_zone_01_aaa_point_03": {
      "objLayer": 0,
      "props": {},
      "tm": [
        [0.92486,0.0,0.380309],
        [0.0,1.0,0.0],
        [-0.380309,0.0,0.92486],
        [-663.24,147.376,6697.87]
      ],
      "type": "Point"
    },
    "bdt_t1_bomb_zone_01_aaa_point_04": {
      "objLayer": 0,
      "props": {},
      "tm": [
        [0.92486,0.0,0.380309],
        [0.0,1.0,0.0],
        [-0.380309,0.0,0.92486],
        [-888.388,151.808,6736.73]
      ],
      "type": "Point"
    },
    "bdt_t1_bomb_zone_02": {
      "objLayer": 0,
      "props": {},
      "tm": [
        [427.014,0.0,141.986],
        [0.0,450.0,0.0],
        [-141.986,0.0,427.014],
        [2092.39,159.987,4292.53]
      ],
      "type": "Sphere"
    },
    "bdt_t1_bomb_zone_02_aaa_point_01": {
      "objLayer": 0,
      "props": {},
      "tm": [
        [0.92486,0.0,0.380309],
        [0.0,1.0,0.0],
        [-0.380309,0.0,0.92486],
        [2208.55,136.21,4536.78]
      ],
      "type": "Point"
    },
    "bdt_t1_bomb_zone_02_aaa_point_02": {
      "objLayer": 0,
      "props": {},
      "tm": [
        [0.92486,0.0,0.380309],
        [0.0,1.0,0.0],
        [-0.380309,0.0,0.92486],
        [1921.08,176.936,4495.88]
      ],
      "type": "Point"
    },
    "bdt_t1_bomb_zone_02_aaa_point_03": {
      "objLayer": 0,
      "props": {},
      "tm": [
        [0.92486,0.0,0.380309],
        [0.0,1.0,0.0],
        [-0.380309,0.0,0.92486],
        [2202.56,62.7201,3855.67]
      ],
      "type": "Point"
    },
    "bdt_t1_bomb_zone_02_aaa_point_04": {
      "objLayer": 0,
      "props": {},
      "tm": [
        [0.92486,0.0,0.380309],
        [0.0,1.0,0.0],
        [-0.380309,0.0,0.92486],
        [1776.05,106.139,4201.72]
      ],
      "type": "Point"
    },
    "bdt_t1_bomb_zone_03": {
      "objLayer": 0,
      "props": {},
      "tm": [
        [420.413,0.0,160.477],
        [0.0,450.0,0.0],
        [-160.477,0.0,420.413],
        [2159.18,203.389,-3645.39]
      ],
      "type": "Sphere"
    },
    "bdt_t1_bomb_zone_03_aaa_point_01": {
      "objLayer": 0,
      "props": {},
      "tm": [
        [0.92486,0.0,0.380309],
        [0.0,1.0,0.0],
        [-0.380309,0.0,0.92486],
        [2060.25,180.365,-3936.79]
      ],
      "type": "Point"
    },
    "bdt_t1_bomb_zone_03_aaa_point_02": {
      "objLayer": 0,
      "props": {},
      "tm": [
        [0.92486,0.0,0.380309],
        [0.0,1.0,0.0],
        [-0.380309,0.0,0.92486],
        [2222.84,202.6,-3411.8]
      ],
      "type": "Point"
    },
    "bdt_t1_bomb_zone_03_aaa_point_03": {
      "objLayer": 0,
      "props": {},
      "tm": [
        [0.92486,0.0,0.380309],
        [0.0,1.0,0.0],
        [-0.380309,0.0,0.92486],
        [1946.03,187.855,-3453.5]
      ],
      "type": "Point"
    },
    "bdt_t1_bomb_zone_03_aaa_point_04": {
      "objLayer": 0,
      "props": {},
      "tm": [
        [0.92486,0.0,0.380309],
        [0.0,1.0,0.0],
        [-0.380309,0.0,0.92486],
        [2403.06,183.006,-3738.16]
      ],
      "type": "Point"
    },
    "bdt_t1_bomb_zone_04": {
      "objLayer": 0,
      "props": {},
      "tm": [
        [420.413,0.0,160.477],
        [0.0,450.0,0.0],
        [-160.477,0.0,420.413],
        [813.112,168.373,-5657.65]
      ],
      "type": "Sphere"
    },
    "bdt_t1_bomb_zone_04_aaa_point_01": {
      "objLayer": 0,
      "props": {},
      "tm": [
        [0.92486,0.0,0.380309],
        [0.0,1.0,0.0],
        [-0.380309,0.0,0.92486],
        [1129.64,175.651,-5672.52]
      ],
      "type": "Point"
    },
    "bdt_t1_bomb_zone_04_aaa_point_02": {
      "objLayer": 0,
      "props": {},
      "tm": [
        [0.92486,0.0,0.380309],
        [0.0,1.0,0.0],
        [-0.380309,0.0,0.92486],
        [920.393,166.851,-5428.83]
      ],
      "type": "Point"
    },
    "bdt_t1_bomb_zone_04_aaa_point_03": {
      "objLayer": 0,
      "props": {},
      "tm": [
        [0.92486,0.0,0.380309],
        [0.0,1.0,0.0],
        [-0.380309,0.0,0.92486],
        [918.164,162.85,-5928.94]
      ],
      "type": "Point"
    },
    "bdt_t1_bomb_zone_04_aaa_point_04": {
      "objLayer": 0,
      "props": {},
      "tm": [
        [0.92486,0.0,0.380309],
        [0.0,1.0,0.0],
        [-0.380309,0.0,0.92486],
        [565.043,159.964,-5465.38]
      ],
      "type": "Point"
    },
    "bdt_t1_bomb_zone_05": {
      "objLayer": 0,
      "props": {},
      "tm": [
        [420.413,0.0,160.477],
        [0.0,450.0,0.0],
        [-160.477,0.0,420.413],
        [1460.43,161.443,-6676.92]
      ],
      "type": "Sphere"
    },
    "bdt_t1_bomb_zone_05_aaa_point_01": {
      "objLayer": 0,
      "props": {},
      "tm": [
        [0.92486,0.0,0.380309],
        [0.0,1.0,0.0],
        [-0.380309,0.0,0.92486],
        [1199.13,164.436,-6759.62]
      ],
      "type": "Point"
    },
    "bdt_t1_bomb_zone_05_aaa_point_02": {
      "objLayer": 0,
      "props": {},
      "tm": [
        [0.92486,0.0,0.380309],
        [0.0,1.0,0.0],
        [-0.380309,0.0,0.92486],
        [1532.51,149.492,-6963.43]
      ],
      "type": "Point"
    },
    "bdt_t1_bomb_zone_05_aaa_point_03": {
      "objLayer": 0,
      "props": {},
      "tm": [
        [0.92486,0.0,0.380309],
        [0.0,1.0,0.0],
        [-0.380309,0.0,0.92486],
        [1858.79,152.122,-6826.72]
      ],
      "type": "Point"
    },
    "bdt_t1_bomb_zone_05_aaa_point_04": {
      "objLayer": 0,
      "props": {},
      "tm": [
        [0.92486,0.0,0.380309],
        [0.0,1.0,0.0],
        [-0.380309,0.0,0.92486],
        [1580.2,164.213,-6426.55]
      ],
      "type": "Point"
    },
    "bdt_t1_bomb_zone_06": {
      "objLayer": 0,
      "props": {},
      "tm": [
        [420.413,0.0,160.477],
        [0.0,450.0,0.0],
        [-160.477,0.0,420.413],
        [2793.24,144.517,-4878.2]
      ],
      "type": "Sphere"
    },
    "bdt_t1_bomb_zone_06_aaa_point_01": {
      "objLayer": 0,
      "props": {},
      "tm": [
        [0.92486,0.0,0.380309],
        [0.0,1.0,0.0],
        [-0.380309,0.0,0.92486],
        [2735.28,135.383,-5210.47]
      ],
      "type": "Point"
    },
    "bdt_t1_bomb_zone_06_aaa_point_02": {
      "objLayer": 0,
      "props": {},
      "tm": [
        [0.92486,0.0,0.380309],
        [0.0,1.0,0.0],
        [-0.380309,0.0,0.92486],
        [2521.67,144.71,-5056.19]
      ],
      "type": "Point"
    },
    "bdt_t1_bomb_zone_06_aaa_point_03": {
      "objLayer": 0,
      "props": {},
      "tm": [
        [0.92486,0.0,0.380309],
        [0.0,1.0,0.0],
        [-0.380309,0.0,0.92486],
        [2685.14,145.454,-4588.59]
      ],
      "type": "Point"
    },
    "bdt_t1_bomb_zone_06_aaa_point_04": {
      "objLayer": 0,
      "props": {},
      "tm": [
        [0.92486,0.0,0.380309],
        [0.0,1.0,0.0],
        [-0.380309,0.0,0.92486],
        [3090.3,121.107,-4897.2]
      ],
      "type": "Point"
    },
    "bdt_t1_bomb_zone_07": {
      "objLayer": 0,
      "props": {},
      "tm": [
        [420.413,0.0,160.477],
        [0.0,450.0,0.0],
        [-160.477,0.0,420.413],
        [3681.56,93.0214,-3244.92]
      ],
      "type": "Sphere"
    },
    "bdt_t1_bomb_zone_07_aaa_point_01": {
      "objLayer": 0,
      "props": {},
      "tm": [
        [0.92486,0.0,0.380309],
        [0.0,1.0,0.0],
        [-0.380309,0.0,0.92486],
        [3720.26,81.7123,-2946.17]
      ],
      "type": "Point"
    },
    "bdt_t1_bomb_zone_07_aaa_point_02": {
      "objLayer": 0,
      "props": {},
      "tm": [
        [0.92486,0.0,0.380309],
        [0.0,1.0,0.0],
        [-0.380309,0.0,0.92486],
        [3632.15,111.906,-3590.24]
      ],
      "type": "Point"
    },
    "bdt_t1_bomb_zone_07_aaa_point_03": {
      "objLayer": 0,
      "props": {},
      "tm": [
        [0.92486,0.0,0.380309],
        [0.0,1.0,0.0],
        [-0.380309,0.0,0.92486],
        [4016.11,45.0519,-3276.14]
      ],
      "type": "Point"
    },
    "bdt_t1_bomb_zone_07_aaa_point_04": {
      "objLayer": 0,
      "props": {},
      "tm": [
        [0.92486,0.0,0.380309],
        [0.0,1.0,0.0],
        [-0.380309,0.0,0.92486],
        [3369.58,131.318,-2991.94]
      ],
      "type": "Point"
    },
    "bdt_t1_bomb_zone_08": {
      "objLayer": 0,
      "props": {},
      "tm": [
        [440.797,0.0,-90.5435],
        [0.0,450.0,0.0],
        [90.5435,0.0,440.797],
        [-418.065,165.394,8090.67]
      ],
      "type": "Sphere"
    },
    "bdt_t1_bomb_zone_08_aaa_point_01": {
      "objLayer": 0,
      "props": {},
      "tm": [
        [0.92486,0.0,0.380309],
        [0.0,1.0,0.0],
        [-0.380309,0.0,0.92486],
        [-604.194,145.105,8339.46]
      ],
      "type": "Point"
    },
    "bdt_t1_bomb_zone_08_aaa_point_02": {
      "objLayer": 0,
      "props": {},
      "tm": [
        [0.92486,0.0,0.380309],
        [0.0,1.0,0.0],
        [-0.380309,0.0,0.92486],
        [-637.846,175.614,7877.83]
      ],
      "type": "Point"
    },
    "bdt_t1_bomb_zone_08_aaa_point_03": {
      "objLayer": 0,
      "props": {},
      "tm": [
        [0.92486,0.0,0.380309],
        [0.0,1.0,0.0],
        [-0.380309,0.0,0.92486],
        [-227.381,187.836,7787.83]
      ],
      "type": "Point"
    },
    "bdt_t1_bomb_zone_08_aaa_point_04": {
      "objLayer": 0,
      "props": {},
      "tm": [
        [0.92486,0.0,0.380309],
        [0.0,1.0,0.0],
        [-0.380309,0.0,0.92486],
        [-168.597,175.218,8199.47]
      ],
      "type": "Point"
    },
    "bdt_t1_bomb_zone_09": {
      "objLayer": 0,
      "props": {},
      "tm": [
        [440.797,0.0,-90.5435],
        [0.0,450.0,0.0],
        [90.5435,0.0,440.797],
        [1398.51,203.429,6527.63]
      ],
      "type": "Sphere"
    },
    "bdt_t1_bomb_zone_09_aaa_point_01": {
      "objLayer": 0,
      "props": {},
      "tm": [
        [0.92486,0.0,0.380309],
        [0.0,1.0,0.0],
        [-0.380309,0.0,0.92486],
        [1046.82,199.14,6672.99]
      ],
      "type": "Point"
    },
    "bdt_t1_bomb_zone_09_aaa_point_02": {
      "objLayer": 0,
      "props": {},
      "tm": [
        [0.92486,0.0,0.380309],
        [0.0,1.0,0.0],
        [-0.380309,0.0,0.92486],
        [1339.35,187.692,6121.58]
      ],
      "type": "Point"
    },
    "bdt_t1_bomb_zone_09_aaa_point_03": {
      "objLayer": 0,
      "props": {},
      "tm": [
        [0.92486,0.0,0.380309],
        [0.0,1.0,0.0],
        [-0.380309,0.0,0.92486],
        [1400.07,192.359,6832.21]
      ],
      "type": "Point"
    },
    "bdt_t1_bomb_zone_09_aaa_point_04": {
      "objLayer": 0,
      "props": {},
      "tm": [
        [0.92486,0.0,0.380309],
        [0.0,1.0,0.0],
        [-0.380309,0.0,0.92486],
        [1747.0,148.72,6323.53]
      ],
      "type": "Point"
    },
    "bdt_t1_bomb_zone_10": {
      "objLayer": 0,
      "props": {},
      "tm": [
        [440.797,0.0,-90.5435],
        [0.0,450.0,0.0],
        [90.5435,0.0,440.797],
        [3096.64,149.225,4774.13]
      ],
      "type": "Sphere"
    },
    "bdt_t1_bomb_zone_10_aaa_point_01": {
      "objLayer": 0,
      "props": {},
      "tm": [
        [0.92486,0.0,0.380309],
        [0.0,1.0,0.0],
        [-0.380309,0.0,0.92486],
        [2771.09,140.77,4599.58]
      ],
      "type": "Point"
    },
    "bdt_t1_bomb_zone_10_aaa_point_02": {
      "objLayer": 0,
      "props": {},
      "tm": [
        [0.92486,0.0,0.380309],
        [0.0,1.0,0.0],
        [-0.380309,0.0,0.92486],
        [2882.25,130.619,5163.85]
      ],
      "type": "Point"
    },
    "bdt_t1_bomb_zone_10_aaa_point_03": {
      "objLayer": 0,
      "props": {},
      "tm": [
        [0.92486,0.0,0.380309],
        [0.0,1.0,0.0],
        [-0.380309,0.0,0.92486],
        [3228.8,187.7,4545.28]
      ],
      "type": "Point"
    },
    "bdt_t1_bomb_zone_10_aaa_point_04": {
      "objLayer": 0,
      "props": {},
      "tm": [
        [0.92486,0.0,0.380309],
        [0.0,1.0,0.0],
        [-0.380309,0.0,0.92486],
        [3394.79,154.729,4892.19]
      ],
      "type": "Point"
    },
    "bdt_t2_bomb_zone_01": {
      "objLayer": 0,
      "props": {},
      "tm": [
        [444.369,0.0,70.9677],
        [0.0,450.0,0.0],
        [-70.9677,0.0,444.369],
        [-12864.4,39.6383,-1280.27]
      ],
      "type": "Sphere"
    },
    "bdt_t2_bomb_zone_01_aaa_point_01": {
      "objLayer": 0,
      "props": {},
      "tm": [
        [0.730948,0.0,0.682434],
        [0.0,1.0,0.0],
        [-0.682434,0.0,0.730948],
        [-12683.5,11.8463,-1413.86]
      ],
      "type": "Point"
    },
    "bdt_t2_bomb_zone_01_aaa_point_02": {
      "objLayer": 0,
      "props": {},
      "tm": [
        [0.730948,0.0,0.682434],
        [0.0,1.0,0.0],
        [-0.682434,0.0,0.730948],
        [-13132.2,22.9864,-1173.23]
      ],
      "type": "Point"
    },
    "bdt_t2_bomb_zone_01_aaa_point_03": {
      "objLayer": 0,
      "props": {},
      "tm": [
        [0.730948,0.0,0.682434],
        [0.0,1.0,0.0],
        [-0.682434,0.0,0.730948],
        [-13050.9,15.4293,-1086.25]
      ],
      "type": "Point"
    },
    "bdt_t2_bomb_zone_01_aaa_point_04": {
      "objLayer": 0,
      "props": {},
      "tm": [
        [0.730948,0.0,0.682434],
        [0.0,1.0,0.0],
        [-0.682434,0.0,0.730948],
        [-12785.6,16.2449,-806.54]
      ],
      "type": "Point"
    },
    "bdt_t2_bomb_zone_02": {
      "objLayer": 0,
      "props": {},
      "tm": [
        [444.369,0.0,70.9677],
        [0.0,450.0,0.0],
        [-70.9677,0.0,444.369],
        [-9745.82,147.124,-6458.18]
      ],
      "type": "Sphere"
    },
    "bdt_t2_bomb_zone_02_aaa_point_01": {
      "objLayer": 0,
      "props": {},
      "tm": [
        [0.730948,0.0,0.682434],
        [0.0,1.0,0.0],
        [-0.682434,0.0,0.730948],
        [-9789.02,151.747,-6702.85]
      ],
      "type": "Point"
    },
    "bdt_t2_bomb_zone_02_aaa_point_02": {
      "objLayer": 0,
      "props": {},
      "tm": [
        [0.730948,0.0,0.682434],
        [0.0,1.0,0.0],
        [-0.682434,0.0,0.730948],
        [-9916.9,142.131,-6179.15]
      ],
      "type": "Point"
    },
    "bdt_t2_bomb_zone_02_aaa_point_03": {
      "objLayer": 0,
      "props": {},
      "tm": [
        [0.730948,0.0,0.682434],
        [0.0,1.0,0.0],
        [-0.682434,0.0,0.730948],
        [-10008.5,143.714,-6553.56]
      ],
      "type": "Point"
    },
    "bdt_t2_bomb_zone_02_aaa_point_04": {
      "objLayer": 0,
      "props": {},
      "tm": [
        [0.730948,0.0,0.682434],
        [0.0,1.0,0.0],
        [-0.682434,0.0,0.730948],
        [-9553.9,139.607,-6332.51]
      ],
      "type": "Point"
    },
    "bdt_t2_bomb_zone_03": {
      "objLayer": 0,
      "props": {},
      "tm": [
        [142.238,0.0,426.929],
        [0.0,450.0,0.0],
        [-426.929,0.0,142.238],
        [-7003.98,165.842,-7843.9]
      ],
      "type": "Sphere"
    },
    "bdt_t2_bomb_zone_03_aaa_point_01": {
      "objLayer": 0,
      "props": {},
      "tm": [
        [0.730948,0.0,0.682434],
        [0.0,1.0,0.0],
        [-0.682434,0.0,0.730948],
        [-6551.14,135.862,-7839.6]
      ],
      "type": "Point"
    },
    "bdt_t2_bomb_zone_03_aaa_point_02": {
      "objLayer": 0,
      "props": {},
      "tm": [
        [0.730948,0.0,0.682434],
        [0.0,1.0,0.0],
        [-0.682434,0.0,0.730948],
        [-7108.17,148.734,-7570.52]
      ],
      "type": "Point"
    },
    "bdt_t2_bomb_zone_03_aaa_point_03": {
      "objLayer": 0,
      "props": {},
      "tm": [
        [0.730948,0.0,0.682434],
        [0.0,1.0,0.0],
        [-0.682434,0.0,0.730948],
        [-7320.22,155.451,-7793.02]
      ],
      "type": "Point"
    },
    "bdt_t2_bomb_zone_03_aaa_point_04": {
      "objLayer": 0,
      "props": {},
      "tm": [
        [0.730948,0.0,0.682434],
        [0.0,1.0,0.0],
        [-0.682434,0.0,0.730948],
        [-7058.42,174.76,-8173.39]
      ],
      "type": "Point"
    },
    "bdt_t2_bomb_zone_04": {
      "objLayer": 0,
      "props": {},
      "tm": [
        [323.3,0.0,313.013],
        [0.0,450.0,0.0],
        [-313.013,0.0,323.3],
        [-12580.8,69.952,2127.24]
      ],
      "type": "Sphere"
    },
    "bdt_t2_bomb_zone_04_aaa_point_01": {
      "objLayer": 0,
      "props": {},
      "tm": [
        [0.730948,0.0,0.682434],
        [0.0,1.0,0.0],
        [-0.682434,0.0,0.730948],
        [-12563.3,47.667,2459.01]
      ],
      "type": "Point"
    },
    "bdt_t2_bomb_zone_04_aaa_point_02": {
      "objLayer": 0,
      "props": {},
      "tm": [
        [0.730948,0.0,0.682434],
        [0.0,1.0,0.0],
        [-0.682434,0.0,0.730948],
        [-12882.9,23.1307,2131.32]
      ],
      "type": "Point"
    },
    "bdt_t2_bomb_zone_04_aaa_point_03": {
      "objLayer": 0,
      "props": {},
      "tm": [
        [0.730948,0.0,0.682434],
        [0.0,1.0,0.0],
        [-0.682434,0.0,0.730948],
        [-12331.5,40.4719,2032.66]
      ],
      "type": "Point"
    },
    "bdt_t2_bomb_zone_04_aaa_point_04": {
      "objLayer": 0,
      "props": {},
      "tm": [
        [0.730948,0.0,0.682434],
        [0.0,1.0,0.0],
        [-0.682434,0.0,0.730948],
        [-12527.2,71.072,1886.2]
      ],
      "type": "Point"
    },
    "bdt_t2_bomb_zone_05": {
      "objLayer": 0,
      "props": {},
      "tm": [
        [323.3,0.0,313.013],
        [0.0,450.0,0.0],
        [-313.013,0.0,323.3],
        [-13439.7,80.2121,2951.97]
      ],
      "type": "Sphere"
    },
    "bdt_t2_bomb_zone_05_aaa_point_01": {
      "objLayer": 0,
      "props": {},
      "tm": [
        [0.730948,0.0,0.682434],
        [0.0,1.0,0.0],
        [-0.682434,0.0,0.730948],
        [-13271.3,30.7226,2648.49]
      ],
      "type": "Point"
    },
    "bdt_t2_bomb_zone_05_aaa_point_02": {
      "objLayer": 0,
      "props": {},
      "tm": [
        [0.730948,0.0,0.682434],
        [0.0,1.0,0.0],
        [-0.682434,0.0,0.730948],
        [-13361.6,69.3976,3319.03]
      ],
      "type": "Point"
    },
    "bdt_t2_bomb_zone_05_aaa_point_03": {
      "objLayer": 0,
      "props": {},
      "tm": [
        [0.730948,0.0,0.682434],
        [0.0,1.0,0.0],
        [-0.682434,0.0,0.730948],
        [-13562.9,77.9241,3275.05]
      ],
      "type": "Point"
    },
    "bdt_t2_bomb_zone_05_aaa_point_04": {
      "objLayer": 0,
      "props": {},
      "tm": [
        [0.730948,0.0,0.682434],
        [0.0,1.0,0.0],
        [-0.682434,0.0,0.730948],
        [-13706.2,28.3825,2763.56]
      ],
      "type": "Point"
    },
    "bdt_t2_bomb_zone_06": {
      "objLayer": 0,
      "props": {},
      "tm": [
        [138.598,0.0,428.125],
        [0.0,450.0,0.0],
        [-428.125,0.0,138.598],
        [-13772.5,51.5238,644.107]
      ],
      "type": "Sphere"
    },
    "bdt_t2_bomb_zone_06_aaa_point_01": {
      "objLayer": 0,
      "props": {},
      "tm": [
        [0.325207,0.0,0.945643],
        [0.0,1.0,0.0],
        [-0.945643,0.0,0.325207],
        [-13835.9,12.0423,306.007]
      ],
      "type": "Point"
    },
    "bdt_t2_bomb_zone_06_aaa_point_02": {
      "objLayer": 0,
      "props": {},
      "tm": [
        [0.325207,0.0,0.945643],
        [0.0,1.0,0.0],
        [-0.945643,0.0,0.325207],
        [-13923.0,2.77864,1065.8]
      ],
      "type": "Point"
    },
    "bdt_t2_bomb_zone_06_aaa_point_03": {
      "objLayer": 0,
      "props": {},
      "tm": [
        [0.325207,0.0,0.945643],
        [0.0,1.0,0.0],
        [-0.945643,0.0,0.325207],
        [-13606.3,5.83273,986.783]
      ],
      "type": "Point"
    },
    "bdt_t2_bomb_zone_06_aaa_point_04": {
      "objLayer": 0,
      "props": {},
      "tm": [
        [0.325207,0.0,0.945643],
        [0.0,1.0,0.0],
        [-0.945643,0.0,0.325207],
        [-13231.6,23.9733,731.987]
      ],
      "type": "Point"
    },
    "bdt_t2_bomb_zone_07": {
      "objLayer": 0,
      "props": {},
      "tm": [
        [323.3,0.0,313.013],
        [0.0,450.0,0.0],
        [-313.013,0.0,323.3],
        [-13699.5,51.4183,-1666.49]
      ],
      "type": "Sphere"
    },
    "bdt_t2_bomb_zone_07_aaa_point_01": {
      "objLayer": 0,
      "props": {},
      "tm": [
        [0.730948,0.0,0.682434],
        [0.0,1.0,0.0],
        [-0.682434,0.0,0.730948],
        [-13479.0,11.8607,-2030.88]
      ],
      "type": "Point"
    },
    "bdt_t2_bomb_zone_07_aaa_point_02": {
      "objLayer": 0,
      "props": {},
      "tm": [
        [0.730948,0.0,0.682434],
        [0.0,1.0,0.0],
        [-0.682434,0.0,0.730948],
        [-13644.3,48.4199,-1242.4]
      ],
      "type": "Point"
    },
    "bdt_t2_bomb_zone_07_aaa_point_03": {
      "objLayer": 0,
      "props": {},
      "tm": [
        [0.730948,0.0,0.682434],
        [0.0,1.0,0.0],
        [-0.682434,0.0,0.730948],
        [-14087.9,23.6818,-1429.06]
      ],
      "type": "Point"
    },
    "bdt_t2_bomb_zone_07_aaa_point_04": {
      "objLayer": 0,
      "props": {},
      "tm": [
        [0.730948,0.0,0.682434],
        [0.0,1.0,0.0],
        [-0.682434,0.0,0.730948],
        [-13863.4,46.3621,-2034.55]
      ],
      "type": "Point"
    },
    "bdt_t2_bomb_zone_08": {
      "objLayer": 0,
      "props": {},
      "tm": [
        [142.238,0.0,426.929],
        [0.0,450.0,0.0],
        [-426.929,0.0,142.238],
        [-6620.91,161.226,-8854.71]
      ],
      "type": "Sphere"
    },
    "bdt_t2_bomb_zone_08_aaa_point_01": {
      "objLayer": 0,
      "props": {},
      "tm": [
        [0.730948,0.0,0.682434],
        [0.0,1.0,0.0],
        [-0.682434,0.0,0.730948],
        [-6351.73,151.961,-8631.08]
      ],
      "type": "Point"
    },
    "bdt_t2_bomb_zone_08_aaa_point_02": {
      "objLayer": 0,
      "props": {},
      "tm": [
        [0.730948,0.0,0.682434],
        [0.0,1.0,0.0],
        [-0.682434,0.0,0.730948],
        [-6723.91,160.067,-9145.65]
      ],
      "type": "Point"
    },
    "bdt_t2_bomb_zone_08_aaa_point_03": {
      "objLayer": 0,
      "props": {},
      "tm": [
        [0.730948,0.0,0.682434],
        [0.0,1.0,0.0],
        [-0.682434,0.0,0.730948],
        [-6851.92,161.053,-8618.8]
      ],
      "type": "Point"
    },
    "bdt_t2_bomb_zone_08_aaa_point_04": {
      "objLayer": 0,
      "props": {},
      "tm": [
        [0.730948,0.0,0.682434],
        [0.0,1.0,0.0],
        [-0.682434,0.0,0.730948],
        [-7032.37,171.645,-8880.96]
      ],
      "type": "Point"
    },
    "bdt_t2_bomb_zone_09": {
      "objLayer": 0,
      "props": {},
      "tm": [
        [142.238,0.0,426.929],
        [0.0,450.0,0.0],
        [-426.929,0.0,142.238],
        [-8383.74,184.296,-8412.35]
      ],
      "type": "Sphere"
    },
    "bdt_t2_bomb_zone_09_aaa_point_01": {
      "objLayer": 0,
      "props": {},
      "tm": [
        [0.730948,0.0,0.682434],
        [0.0,1.0,0.0],
        [-0.682434,0.0,0.730948],
        [-7997.58,187.841,-8497.04]
      ],
      "type": "Point"
    },
    "bdt_t2_bomb_zone_09_aaa_point_02": {
      "objLayer": 0,
      "props": {},
      "tm": [
        [0.730948,0.0,0.682434],
        [0.0,1.0,0.0],
        [-0.682434,0.0,0.730948],
        [-8652.08,180.997,-8540.33]
      ],
      "type": "Point"
    },
    "bdt_t2_bomb_zone_09_aaa_point_03": {
      "objLayer": 0,
      "props": {},
      "tm": [
        [0.730948,0.0,0.682434],
        [0.0,1.0,0.0],
        [-0.682434,0.0,0.730948],
        [-8293.24,172.058,-8057.6]
      ],
      "type": "Point"
    },
    "bdt_t2_bomb_zone_09_aaa_point_04": {
      "objLayer": 0,
      "props": {},
      "tm": [
        [0.730948,0.0,0.682434],
        [0.0,1.0,0.0],
        [-0.682434,0.0,0.730948],
        [-8235.17,185.031,-8790.82]
      ],
      "type": "Point"
    },
    "bdt_t2_bomb_zone_10": {
      "objLayer": 0,
      "props": {},
      "tm": [
        [142.238,0.0,426.929],
        [0.0,450.0,0.0],
        [-426.929,0.0,142.238],
        [-10490.6,181.226,-7126.92]
      ],
      "type": "Sphere"
    },
    "bdt_t2_bomb_zone_10_aaa_point_01": {
      "objLayer": 0,
      "props": {},
      "tm": [
        [0.730948,0.0,0.682434],
        [0.0,1.0,0.0],
        [-0.682434,0.0,0.730948],
        [-10209.2,141.196,-6894.34]
      ],
      "type": "Point"
    },
    "bdt_t2_bomb_zone_10_aaa_point_02": {
      "objLayer": 0,
      "props": {},
      "tm": [
        [0.730948,0.0,0.682434],
        [0.0,1.0,0.0],
        [-0.682434,0.0,0.730948],
        [-10414.1,133.119,-6777.77]
      ],
      "type": "Point"
    },
    "bdt_t2_bomb_zone_10_aaa_point_03": {
      "objLayer": 0,
      "props": {},
      "tm": [
        [0.730948,0.0,0.682434],
        [0.0,1.0,0.0],
        [-0.682434,0.0,0.730948],
        [-10080.6,134.897,-7164.59]
      ],
      "type": "Point"
    },
    "bdt_t2_bomb_zone_10_aaa_point_04": {
      "objLayer": 0,
      "props": {},
      "tm": [
        [0.730948,0.0,0.682434],
        [0.0,1.0,0.0],
        [-0.682434,0.0,0.730948],
        [-10838.5,142.597,-7057.2]
      ],
      "type": "Point"
    },
    "bomb_zones_area": {
      "objLayer": 3,
      "props": {},
      "tm": [
        [18000.0,0.0,0.0],
        [0.0,18000.0,0.0],
        [0.0,0.0,18000.0],
        [-4683.01,221.449,3.87695]
      ],
      "type": "Sphere"
    }
  },
  "bin_dump_file": "",
  "dialogs": {},
  "effects": {},
  "imports": {
    "import_record": {
      "excludes": {},
      "file": "gameData/missions/templates/air_templates/jip/air_bdt_bases_destroy_template.blk",
      "importAreas": true,
      "importMissionObjectives": true,
      "importTriggers": true,
      "importUnits": true,
      "importWayPoints": true,
      "showAreas": true,
      "showMissionObjectives": true,
      "showTriggers": true,
      "showUnits": true,
      "showWayPoints": true
    }
  },
  "mission_objectives": {
    "isCategory": true,
    "is_enabled": true
  },
  "mission_settings": {
    "mission": {
      "environment": "Day",
      "level": "levels/air_smolensk.bin",
      "optionalTakeOff": false,
      "restoreType": "attempts",
      "type": "domination",
      "weather": "hazy"
    },
    "player": {
      "army": 1
    },
    "player_teamB": {
      "army": 2
    }
  },
  "objLayers": {
    "layer": [
      {
        "enabled": true
      },
      {
        "enabled": true
      },
      {
        "enabled": true
      },
      {
        "enabled": false
      },
      {
        "enabled": true
      }
    ]
  },
  "selected_tag": "",
  "triggers": {
    "isCategory": true,
    "is_enabled": true
  },
  "units": {
    "air_defence": [
      {
        "bullets0": "",
        "bullets1": "",
        "bullets2": "",
        "bullets3": "",
        "bulletsCount0": 0,
        "bulletsCount1": 0,
        "bulletsCount2": 0,
        "bulletsCount3": 0,
        "closed_waypoints": false,
        "isShipSpline": false,
        "name": "bdt_t2_aaa",
        "objLayer": 1,
        "props": {
          "army": 2,
          "attack_type": "fire_at_will",
          "calmDetection": true,
          "count": 16,
          "formation_div": 3,
          "formation_noise": [0.1,0.1],
          "formation_step": [2.5,2.0],
          "formation_type": "rows",
          "isDelayed": true,
          "targetableByAi": false,
          "uniqueName": ""
        },
        "shipTurnRadius": 100.0,
        "tm": [
          [1.0,0.0,0.0],
          [0.0,1.0,0.0],
          [0.0,0.0,1.0],
          [-5202.42,145.794,-16856.0]
        ],
        "unit_class": "germ_88mm_flak36",
        "way": {},
        "weapons": ""
      },
      {
        "bullets0": "",
        "bullets1": "",
        "bullets2": "",
        "bullets3": "",
        "bulletsCount0": 0,
        "bulletsCount1": 0,
        "bulletsCount2": 0,
        "bulletsCount3": 0,
        "closed_waypoints": false,
        "isShipSpline": false,
        "name": "bdt_t1_aaa",
        "objLayer": 1,
        "props": {
          "army": 1,
          "attack_type": "fire_at_will",
          "calmDetection": true,
          "count": 16,
          "formation_div": 3,
          "formation_noise": [0.1,0.1],
          "formation_step": [2.5,2.0],
          "formation_type": "rows",
          "isDelayed": true,
          "targetableByAi": false,
          "uniqueName": ""
        },
        "shipTurnRadius": 100.0,
        "tm": [
          [1.0,0.0,0.0],
          [0.0,1.0,0.0],
          [0.0,0.0,1.0],
          [-3839.09,145.794,-16856.0]
        ],
        "unit_class": "ussr_85mm_52k",
        "way": {},
        "weapons": ""
      }
    ],
    "objectGroups": [
      {
        "name": "bdt_t2_bomb_object_01",
        "objLayer": 2,
        "props": {
          "active": true,
          "army": 2
        },
        "tm": [
          [0.987486,0.0,0.157706],
          [0.0,1.0,0.0],
          [-0.157706,0.0,0.987486],
          [-12854.6,40.1843,-1261.67]
        ],
        "unit_class": "dynBase_hq_camp_square"
      },
      {
        "name": "bdt_t2_bomb_object_02",
        "objLayer": 2,
        "props": {
          "active": true,
          "army": 2
        },
        "tm": [
          [0.834595,0.0,-0.550863],
          [0.0,1.0,0.0],
          [0.550863,0.0,0.834595],
          [-9752.03,146.437,-6478.81]
        ],
        "unit_class": "dynBase_fuel_storage_square"
      },
      {
        "name": "bdt_t2_bomb_object_03",
        "objLayer": 2,
        "props": {
          "active": true,
          "army": 2
        },
        "tm": [
          [0.316083,0.0,0.948732],
          [0.0,1.0,0.0],
          [-0.948732,0.0,0.316083],
          [-6994.45,165.837,-7841.5]
        ],
        "unit_class": "dynBase_oil_storage_small_square"
      },
      {
        "name": "bdt_t1_bomb_object_01",
        "objLayer": 2,
        "props": {
          "active": true,
          "army": 1
        },
        "tm": [
          [0.979548,0.0,-0.201207],
          [0.0,1.0,0.0],
          [0.201207,0.0,0.979548],
          [-736.918,175.36,6922.51]
        ],
        "unit_class": "dynBase_fuel_storage_square"
      },
      {
        "name": "bdt_t1_bomb_object_02",
        "objLayer": 2,
        "props": {
          "active": false,
          "army": 1
        },
        "tm": [
          [0.858132,0.0,0.513428],
          [0.0,1.0,0.0],
          [-0.513428,0.0,0.858132],
          [2088.9,159.978,4289.19]
        ],
        "unit_class": "dynBase_small_factory_square"
      },
      {
        "name": "bdt_t1_bomb_object_03",
        "objLayer": 2,
        "props": {
          "active": false,
          "army": 1
        },
        "tm": [
          [0.728264,0.0,0.685297],
          [0.0,1.0,0.0],
          [-0.685297,0.0,0.728264],
          [2154.09,203.085,-3647.96]
        ],
        "unit_class": "dynBase_oil_storage_small_square"
      },
      {
        "name": "bdt_t2_bomb_object_04",
        "objLayer": 2,
        "props": {
          "active": true,
          "army": 2
        },
        "tm": [
          [0.718444,0.0,0.695584],
          [0.0,1.0,0.0],
          [-0.695584,0.0,0.718444],
          [-12587.6,69.765,2123.29]
        ],
        "unit_class": "dynBase_small_factory_square"
      },
      {
        "name": "bdt_t1_bomb_object_04",
        "objLayer": 2,
        "props": {
          "active": false,
          "army": 1
        },
        "tm": [
          [0.922055,0.0,0.387057],
          [0.0,1.0,0.0],
          [-0.387057,0.0,0.922055],
          [814.962,168.397,-5663.2]
        ],
        "unit_class": "dynBase_field_camp_square"
      },
      {
        "name": "bdt_t1_bomb_object_05",
        "objLayer": 2,
        "props": {
          "active": false,
          "army": 1
        },
        "tm": [
          [0.922055,0.0,0.387057],
          [0.0,1.0,0.0],
          [-0.387057,0.0,0.922055],
          [1462.28,161.129,-6682.46]
        ],
        "unit_class": "dynBase_military_base_square"
      },
      {
        "name": "bdt_t1_bomb_object_06",
        "objLayer": 2,
        "props": {
          "active": false,
          "army": 1
        },
        "tm": [
          [0.922055,0.0,0.387057],
          [0.0,1.0,0.0],
          [-0.387057,0.0,0.922055],
          [2795.08,144.541,-4883.74]
        ],
        "unit_class": "dynBase_oil_storage_large_square"
      },
      {
        "name": "bdt_t1_bomb_object_07",
        "objLayer": 2,
        "props": {
          "active": false,
          "army": 1
        },
        "tm": [
          [0.922055,0.0,0.387057],
          [0.0,1.0,0.0],
          [-0.387057,0.0,0.922055],
          [3683.41,93.0454,-3250.47]
        ],
        "unit_class": "dynBase_oil_storage_large_square"
      },
      {
        "name": "bdt_t1_bomb_object_08",
        "objLayer": 2,
        "props": {
          "active": true,
          "army": 1
        },
        "tm": [
          [0.979548,0.0,-0.201207],
          [0.0,1.0,0.0],
          [0.201207,0.0,0.979548],
          [-430.716,168.609,8090.15]
        ],
        "unit_class": "dynBase_small_factory_square"
      },
      {
        "name": "bdt_t1_bomb_object_09",
        "objLayer": 2,
        "props": {
          "active": true,
          "army": 1
        },
        "tm": [
          [0.979548,0.0,-0.201207],
          [0.0,1.0,0.0],
          [0.201207,0.0,0.979548],
          [1385.85,206.644,6527.11]
        ],
        "unit_class": "dynBase_hq_camp_square"
      },
      {
        "name": "bdt_t1_bomb_object_10",
        "objLayer": 2,
        "props": {
          "active": true,
          "army": 1
        },
        "tm": [
          [0.979548,0.0,-0.201207],
          [0.0,1.0,0.0],
          [0.201207,0.0,0.979548],
          [3083.99,152.44,4773.61]
        ],
        "unit_class": "dynBase_petrol_camp_square"
      },
      {
        "name": "bdt_t2_bomb_object_05",
        "objLayer": 2,
        "props": {
          "active": true,
          "army": 2
        },
        "tm": [
          [0.718444,0.0,0.695584],
          [0.0,1.0,0.0],
          [-0.695584,0.0,0.718444],
          [-13446.6,80.0251,2948.02]
        ],
        "unit_class": "dynBase_petrol_camp_square"
      },
      {
        "name": "bdt_t2_bomb_object_06",
        "objLayer": 2,
        "props": {
          "active": true,
          "army": 2
        },
        "tm": [
          [0.307995,0.0,0.951387],
          [0.0,1.0,0.0],
          [-0.951387,0.0,0.307995],
          [-13776.8,51.3368,637.391]
        ],
        "unit_class": "dynBase_military_base_square"
      },
      {
        "name": "bdt_t2_bomb_object_07",
        "objLayer": 2,
        "props": {
          "active": true,
          "army": 2
        },
        "tm": [
          [0.718444,0.0,0.695584],
          [0.0,1.0,0.0],
          [-0.695584,0.0,0.718444],
          [-13706.4,51.2313,-1670.42]
        ],
        "unit_class": "dynBase_fuel_storage_square"
      },
      {
        "name": "bdt_t2_bomb_object_08",
        "objLayer": 2,
        "props": {
          "active": true,
          "army": 2
        },
        "tm": [
          [0.316083,0.0,0.948732],
          [0.0,1.0,0.0],
          [-0.948732,0.0,0.316083],
          [-6611.39,161.222,-8852.31]
        ],
        "unit_class": "dynBase_ammunition_storage_square"
      },
      {
        "name": "bdt_t2_bomb_object_09",
        "objLayer": 2,
        "props": {
          "active": true,
          "army": 2
        },
        "tm": [
          [0.316083,0.0,0.948732],
          [0.0,1.0,0.0],
          [-0.948732,0.0,0.316083],
          [-8374.27,184.291,-8409.96]
        ],
        "unit_class": "dynBase_field_camp_square"
      },
      {
        "name": "bdt_t2_bomb_object_10",
        "objLayer": 2,
        "props": {
          "active": true,
          "army": 2
        },
        "tm": [
          [0.316083,0.0,0.948732],
          [0.0,1.0,0.0],
          [-0.948732,0.0,0.316083],
          [-10481.2,181.221,-7124.53]
        ],
        "unit_class": "dynBase_oil_storage_small_square"
      }
    ],
    "squad": [
      {
        "name": "bdt_t1_targets_squad",
        "props": {
          "object_marking": 0,
          "squad_members": [
            "bdt_t2_bomb_zone_01_bomb_target",
            "bdt_t2_bomb_zone_02_bomb_target",
            "bdt_t2_bomb_zone_03_bomb_target",
            "bdt_t2_bomb_zone_04_bomb_target",
            "bdt_t2_bomb_zone_05_bomb_target"
          ]
        },
        "tm": [
          [0.92486,0.0,0.380309],
          [0.0,1.0,0.0],
          [-0.380309,0.0,0.92486],
          [2865.91,99.7427,1685.58]
        ]
      },
      {
        "name": "bdt_t2_targets_squad",
        "props": {
          "object_marking": 0,
          "squad_members": [
            "bdt_t2_bomb_zone_01_bomb_target",
            "bdt_t2_bomb_zone_02_bomb_target",
            "bdt_t2_bomb_zone_03_bomb_target",
            "bdt_t2_bomb_zone_04_bomb_target",
            "bdt_t2_bomb_zone_05_bomb_target",
            "bdt_t2_bomb_zone_06_bomb_target",
            "bdt_t2_bomb_zone_07_bomb_target",
            "bdt_t2_bomb_zone_08_bomb_target",
            "bdt_t2_bomb_zone_09_bomb_target",
            "bdt_t2_bomb_zone_10_bomb_target"
          ]
        },
        "tm": [
          [0.730948,0.0,0.682434],
          [0.0,1.0,0.0],
          [-0.682434,0.0,0.730948],
          [-10887.5,98.5941,-4502.41]
        ]
      },
      {
        "name": "bdt_t2_aaa_squad",
        "props": {
          "object_marking": 0,
          "squad_members": "bdt_t2_aaa"
        },
        "tm": [
          [1.0,0.0,0.0],
          [0.0,1.0,0.0],
          [0.0,0.0,1.0],
          [-3859.82,145.794,-18564.8]
        ]
      },
      {
        "name": "bdt_t1_aaa_squad",
        "props": {
          "object_marking": 0,
          "squad_members": "bdt_t1_aaa"
        },
        "tm": [
          [1.0,0.0,0.0],
          [0.0,1.0,0.0],
          [0.0,0.0,1.0],
          [-2232.91,145.794,-18345.9]
        ]
      }
    ],
    "structures": [
      {
        "bullets0": "",
        "bullets1": "",
        "bullets2": "",
        "bullets3": "",
        "bulletsCount0": 0,
        "bulletsCount1": 0,
        "bulletsCount2": 0,
        "bulletsCount3": 0,
        "closed_waypoints": false,
        "isShipSpline": false,
        "name": "bdt_t2_bomb_zone_01_bomb_target",
        "objLayer": 2,
        "props": {
          "army": 2,
          "attack_type": "fire_at_will",
          "count": 1,
          "formation_div": 3,
          "formation_noise": [0.1,0.1],
          "formation_step": [2.5,2.0],
          "formation_type": "rows",
          "isDelayed": false,
          "setStealth": true,
          "stealthRadius": 0.0,
          "targetableByAi": false,
          "uniqueName": ""
        },
        "shipTurnRadius": 100.0,
        "tm": [
          [0.987486,0.0,0.157706],
          [0.0,1.0,0.0],
          [-0.157706,0.0,0.987486],
          [-12854.6,40.1843,-1261.67]
        ],
        "unit_class": "dummy_immortal",
        "way": {},
        "weapons": ""
      },
      {
        "bullets0": "",
        "bullets1": "",
        "bullets2": "",
        "bullets3": "",
        "bulletsCount0": 0,
        "bulletsCount1": 0,
        "bulletsCount2": 0,
        "bulletsCount3": 0,
        "closed_waypoints": false,
        "isShipSpline": false,
        "name": "bdt_t2_bomb_zone_02_bomb_target",
        "objLayer": 2,
        "props": {
          "army": 2,
          "attack_type": "fire_at_will",
          "count": 1,
          "formation_div": 3,
