{
  "airfields": {},
  "areas": {
    "brief_conq_battle_area": {
      "objLayer": 4,
      "props": {},
      "tm": [
        [-8.75032e-05,0.0,1350.0],
        [0.0,400.0,0.0],
        [-1350.0,0.0,-8.75032e-05],
        [2059.25,118.877,2073.25]
      ],
      "type": "Box"
    },
    "briefing_t1_capturezone": {
      "objLayer": 0,
      "props": {},
      "tm": [
        [-0.130526,0.0,-0.991445],
        [0.0,1.0,0.0],
        [0.991445,0.0,-0.130526],
        [2041.99,116.852,2043.86]
      ],
      "type": "Point"
    },
    "briefing_t1_rb_capturezone": {
      "objLayer": 0,
      "props": {},
      "tm": [
        [-0.130526,0.0,-0.991445],
        [0.0,1.0,0.0],
        [0.991445,0.0,-0.130526],
        [2041.97,116.901,2043.89]
      ],
      "type": "Point"
    },
    "briefing_t1_rb_resp01": {
      "objLayer": 0,
      "props": {},
      "tm": [
        [0.766045,0.0,-0.642788],
        [0.0,1.0,0.0],
        [0.642788,0.0,0.766045],
        [2328.82,49.3764,1570.89]
      ],
      "type": "Point"
    },
    "briefing_t1_rb_resp02": {
      "objLayer": 0,
      "props": {},
      "tm": [
        [0.766045,0.0,-0.642788],
        [0.0,1.0,0.0],
        [0.642788,0.0,0.766045],
        [2577.47,46.7824,1787.21]
      ],
      "type": "Point"
    },
    "briefing_t1_resp01": {
      "objLayer": 0,
      "props": {},
      "tm": [
        [0.766045,0.0,-0.642788],
        [0.0,1.0,0.0],
        [0.642788,0.0,0.766045],
        [2316.25,49.5711,1560.88]
      ],
      "type": "Point"
    },
    "briefing_t1_resp02": {
      "objLayer": 0,
      "props": {},
      "tm": [
        [0.766045,0.0,-0.642788],
        [0.0,1.0,0.0],
        [0.642788,0.0,0.766045],
        [2577.02,47.0434,1794.16]
      ],
      "type": "Point"
    },
    "briefing_t2_rb_resp01": {
      "objLayer": 0,
      "props": {},
      "tm": [
        [0.608762,0.0,-0.793353],
        [0.0,1.0,0.0],
        [0.793353,0.0,0.608762],
        [1733.2,47.412,2491.2]
      ],
      "type": "Point"
    },
    "briefing_t2_rb_resp02": {
      "objLayer": 0,
      "props": {},
      "tm": [
        [0.608762,0.0,-0.793353],
        [0.0,1.0,0.0],
        [0.793353,0.0,0.608762],
        [1917.68,52.2335,2666.66]
      ],
      "type": "Point"
    },
    "briefing_t2_resp01": {
      "objLayer": 0,
      "props": {},
      "tm": [
        [0.608762,0.0,-0.793353],
        [0.0,1.0,0.0],
        [0.793353,0.0,0.608762],
        [1733.2,47.4,2491.2]
      ],
      "type": "Point"
    },
    "briefing_t2_resp02": {
      "objLayer": 0,
      "props": {},
      "tm": [
        [0.608762,0.0,-0.793353],
        [0.0,1.0,0.0],
        [0.793353,0.0,0.608762],
        [1928.76,52.401,2659.23]
      ],
      "type": "Point"
    }
  },
  "bin_dump_file": "",
  "dialogs": {},
  "effects": {},
  "imports": {
    "import_record": [
      {
        "excludes": {},
        "file": "gameData/missions/cta/tanks/american_valley/battleareas/template_american_valley_exclude_battleareas.blk",
        "importAreas": true,
        "importMissionObjectives": true,
        "importTriggers": true,
        "importUnits": true,
        "importWayPoints": true,
        "showAreas": true,
        "showMissionObjectives": true,
        "showTriggers": true,
        "showUnits": true,
        "showWayPoints": true
      },
      {
        "excludes": {},
        "file": "gameData/missions/templates/tank_templates/tank_base_logic_template.blk",
        "importAreas": true,
        "importMissionObjectives": true,
        "importTriggers": true,
        "importUnits": true,
        "importWayPoints": true,
        "showAreas": true,
        "showMissionObjectives": true,
        "showTriggers": true,
        "showUnits": true,
        "showWayPoints": true
      },
      {
        "excludes": {},
        "file": "gameData/missions/cta/tanks/american_valley/template_american_valley_air_spawns.blk",
        "importAreas": true,
        "importMissionObjectives": true,
        "importTriggers": true,
        "importUnits": true,
        "importWayPoints": true,
        "showAreas": true,
        "showMissionObjectives": true,
        "showTriggers": true,
        "showUnits": true,
        "showWayPoints": true
      },
      {
        "excludes": {},
        "file": "gameData/missions/cta/tanks/american_valley/battleareas/template_american_valley_Conq2_battlearea.blk",
        "importAreas": true,
        "importMissionObjectives": true,
        "importTriggers": true,
        "importUnits": true,
        "importWayPoints": true,
        "showAreas": true,
        "showMissionObjectives": true,
        "showTriggers": true,
        "showUnits": true,
        "showWayPoints": true
      },
      {
        "excludes": {},
        "file": "gameData/missions/templates/tank_templates/conq_template.blk",
        "importAreas": true,
        "importMissionObjectives": true,
        "importTriggers": true,
        "importUnits": true,
        "importWayPoints": true,
        "showAreas": true,
        "showMissionObjectives": true,
        "showTriggers": true,
        "showUnits": true,
        "showWayPoints": true
      }
    ]
  },
  "mission_objectives": {
    "isCategory": true,
    "is_enabled": true
  },
  "mission_settings": {
    "briefing": {
      "date_loc": "",
      "music": "action_01",
      "objective_loc": "",
      "part": {
        "event": "",
        "minTime": 0,
        "slide": {
          "battleArea": {
            "target": "brief_conq_battle_area"
          },
          "icon": [
            {
              "icontype": "tank",
              "side": "ally",
              "target": "briefing_t1_resp01"
            },
            {
              "icontype": "tank",
              "side": "ally",
              "target": "briefing_t1_resp02"
            },
            {
              "icontype": "tank",
              "side": "enemy",
              "target": "briefing_t2_resp01"
            },
            {
              "icontype": "tank",
              "side": "enemy",
              "target": "briefing_t2_resp02"
            },
            {
              "icontype": "basezone_A",
              "side": "neutral",
              "target": "briefing_t1_capturezone"
            }
          ],
          "map": true,
          "minTime": 4,
          "picture": "",
          "showAirMap": false
        }
      },
      "place_loc": ""
    },
    "mission": {
      "allowedKillStreaks": true,
      "allowedUnitTypes": {
        "isAirplanesAllowed": true,
        "isHelicoptersAllowed": true,
        "isShipsAllowed": false,
        "isTanksAllowed": true
      },
      "battleAreaColorPreset": "battleArea",
      "country_allies": "ussr",
      "country_axis": "germany",
      "ctaCaptureZoneEqualPenaltyMul": 0.0,
      "deathPenaltyMul": 1.0,
      "environment": "Day",
      "level": "levels/avg_american_valley.bin",
      "locDesc": "american_valley/desc;missions/_Conq/desc",
      "locName": "missions/_Conq2;american_valley/name",
      "mission": [
        {
          "difficulty": "realistic",
          "randomSpawnTeams": true,
          "remapAiTankModels": true,
          "scoreLimit": 16000,
          "useAlternativeMapCoord": false
        },
        {
          "difficulty": "hardcore",
          "randomSpawnTeams": true,
          "remapAiTankModels": true,
          "scoreLimit": 18000,
          "useAlternativeMapCoord": false
        }
      ],
      "optionalTakeOff": false,
      "postfix": "_Conq2",
      "randomSpawnTeams": false,
      "remapAiTankModels": true,
      "restoreType": "attempts",
      "scoreLimit": 14000,
      "showTacticalMapCellSize": true,
      "timeLimit": 25,
      "type": "domination",
      "useAlternativeMapCoord": false,
      "weather": "clear"
    },
    "player": {
      "army": 1,
      "wing": [
        "t1_player01",
        "t1_player02",
        "t1_player03",
        "t1_player04",
        "t1_player05",
        "t1_player06",
        "t1_player07",
        "t1_player08",
        "t1_player09",
        "t1_player10",
        "t1_player11",
        "t1_player12",
        "t1_player13",
        "t1_player14",
        "t1_player15",
        "t1_player16",
        "t1_player17",
        "t1_player18",
        "t1_player19",
        "t1_player20",
        "t1_player21",
        "t1_player22",
        "t1_player23",
        "t1_player24",
        "t1_player25",
        "t1_player26",
        "t1_player27",
        "t1_player28",
        "t1_player29",
        "t1_player30",
        "t1_player31",
        "t1_player32"
      ]
    },
    "player_teamB": {
      "army": 2,
      "wing": [
        "t2_player01",
        "t2_player02",
        "t2_player03",
        "t2_player04",
        "t2_player05",
        "t2_player06",
        "t2_player07",
        "t2_player08",
        "t2_player09",
        "t2_player10",
        "t2_player11",
        "t2_player12",
        "t2_player13",
        "t2_player14",
        "t2_player15",
        "t2_player16",
        "t2_player17",
        "t2_player18",
        "t2_player19",
        "t2_player20",
        "t2_player21",
        "t2_player22",
        "t2_player23",
        "t2_player24",
        "t2_player25",
        "t2_player26",
        "t2_player27",
        "t2_player28",
        "t2_player29",
        "t2_player30",
        "t2_player31",
        "t2_player32",
        "t2_player33"
      ]
    },
    "spectator_points": {}
  },
  "objLayers": {
    "layer": [
      {
        "enabled": true
      },
      {
        "enabled": true
      },
      {
        "enabled": true
      },
      {
        "enabled": false
      }
    ]
  },
  "selected_tag": "",
  "triggers": {
    "isCategory": true,
    "is_enabled": true
  },
  "units": {
    "tankModels": {
      "applyAllMods": false,
      "bullets0": "",
      "bullets1": "",
      "bullets2": "",
      "bullets3": "",
      "bulletsCount0": 0,
      "bulletsCount1": 0,
      "bulletsCount2": 0,
      "bulletsCount3": 0,
      "closed_waypoints": false,
      "crewSkillK": 0.0,
      "isShipSpline": false,
      "name": "t1_player01",
      "objLayer": 1,
      "props": {
        "army": 2,
        "attack_type": "fire_at_will",
        "count": 1,
        "formation_div": 3,
        "formation_noise": [0.1,0.1],
        "formation_step": [2.5,2.0],
        "formation_type": "rows",
        "uniqueName": ""
      },
      "shipTurnRadius": 100.0,
      "tm": [
        [-0.130526,0.0,-0.991445],
        [0.0,1.0,0.0],
        [0.991445,0.0,-0.130526],
        [2299.7,112.81,2047.74]
      ],
      "unit_class": "aaa_dummy",
      "way": {},
      "weapons": ""
    }
  },
  "variables": {},
  "wayPoints": {}
}