{
  "airfields": [
    []
  ],
  "areas": [
    {
      "bdt_center_area": [
        {
          "objLayer": [
            3
          ],
          "props": [
            []
          ],
          "tm": [
            [
              [87681.2,0.0,-87681.2],
              [0.0,1500.0,0.0],
              [14142.1,0.0,14142.1],
              [0.0,40.25,0.0]
            ]
          ],
          "type": [
            "Box"
          ]
        }
      ],
      "bdt_t1_bomb_zone_01": [
        {
          "objLayer": [
            0
          ],
          "props": [
            []
          ],
          "tm": [
            [
              [129.409,0.0,482.962],
              [0.0,500.0,0.0],
              [-482.962,0.0,129.409],
              [21958.9,1257.1,18187.3]
            ]
          ],
          "type": [
            "Sphere"
          ]
        }
      ],
      "bdt_t1_bomb_zone_01_aaa_point_01": [
        {
          "objLayer": [
            0
          ],
          "props": [
            []
          ],
          "tm": [
            [
              [0.216439,0.0,-0.976296],
              [0.0,1.0,0.0],
              [0.976296,0.0,0.216439],
              [21968.9,1256.13,18365.4]
            ]
          ],
          "type": [
            "Point"
          ]
        }
      ],
      "bdt_t1_bomb_zone_01_aaa_point_02": [
        {
          "objLayer": [
            0
          ],
          "props": [
            []
          ],
          "tm": [
            [
              [0.216439,0.0,-0.976296],
              [0.0,1.0,0.0],
              [0.976296,0.0,0.216439],
              [21750.7,1247.11,18211.5]
            ]
          ],
          "type": [
            "Point"
          ]
        }
      ],
      "bdt_t1_bomb_zone_01_aaa_point_03": [
        {
          "objLayer": [
            0
          ],
          "props": [
            []
          ],
          "tm": [
            [
              [0.216439,0.0,-0.976296],
              [0.0,1.0,0.0],
              [0.976296,0.0,0.216439],
              [21935.2,1256.97,17974.6]
            ]
          ],
          "type": [
            "Point"
          ]
        }
      ],
      "bdt_t1_bomb_zone_01_aaa_point_04": [
        {
          "objLayer": [
            0
          ],
          "props": [
            []
          ],
          "tm": [
            [
              [0.216439,0.0,-0.976296],
              [0.0,1.0,0.0],
              [0.976296,0.0,0.216439],
              [22134.1,1261.12,18119.5]
            ]
          ],
          "type": [
            "Point"
          ]
        }
      ],
      "bdt_t1_bomb_zone_02": [
        {
          "objLayer": [
            0
          ],
          "props": [
            []
          ],
          "tm": [
            [
              [-211.31,0.0,453.154],
              [0.0,500.0,0.0],
              [-453.154,0.0,-211.31],
              [18759.7,462.555,2661.08]
            ]
          ],
          "type": [
            "Sphere"
          ]
        }
      ],
      "bdt_t1_bomb_zone_02_aaa_point_01": [
        {
          "objLayer": [
            0
          ],
          "props": [
            []
          ],
          "tm": [
            [
              [0.707107,0.0,-0.707107],
              [0.0,1.0,0.0],
              [0.707107,0.0,0.707107],
              [18569.7,451.285,2691.85]
            ]
          ],
          "type": [
            "Point"
          ]
        }
      ],
      "bdt_t1_bomb_zone_02_aaa_point_02": [
        {
          "objLayer": [
            0
          ],
          "props": [
            []
          ],
          "tm": [
            [
              [0.707107,0.0,-0.707107],
              [0.0,1.0,0.0],
              [0.707107,0.0,0.707107],
              [18631.3,449.865,2425.47]
            ]
          ],
          "type": [
            "Point"
          ]
        }
      ],
      "bdt_t1_bomb_zone_02_aaa_point_03": [
        {
          "objLayer": [
            0
          ],
          "props": [
            []
          ],
          "tm": [
            [
              [0.707107,0.0,-0.707107],
              [0.0,1.0,0.0],
              [0.707107,0.0,0.707107],
              [18856.0,474.335,2460.05]
            ]
          ],
          "type": [
            "Point"
          ]
        }
      ],
      "bdt_t1_bomb_zone_02_aaa_point_04": [
        {
          "objLayer": [
            0
          ],
          "props": [
            []
          ],
          "tm": [
            [
              [0.707107,0.0,-0.707107],
              [0.0,1.0,0.0],
              [0.707107,0.0,0.707107],
              [18853.9,476.005,2873.78]
            ]
          ],
          "type": [
            "Point"
          ]
        }
      ],
      "bdt_t1_bomb_zone_03": [
        {
          "objLayer": [
            0
          ],
          "props": [
            []
          ],
          "tm": [
            [
              [86.8242,0.0,492.404],
              [0.0,500.0,0.0],
              [-492.404,0.0,86.8242],
              [32153.5,587.54,3003.0]
            ]
          ],
          "type": [
            "Sphere"
          ]
        }
      ],
      "bdt_t1_bomb_zone_03_aaa_point_01": [
        {
          "objLayer": [
            0
          ],
          "props": [
            []
          ],
          "tm": [
            [
              [0.707107,0.0,-0.707107],
              [0.0,1.0,0.0],
              [0.707107,0.0,0.707107],
              [32235.3,592.0,2870.06]
            ]
          ],
          "type": [
            "Point"
          ]
        }
      ],
      "bdt_t1_bomb_zone_03_aaa_point_02": [
        {
          "objLayer": [
            0
          ],
          "props": [
            []
          ],
          "tm": [
            [
              [0.707107,0.0,-0.707107],
              [0.0,1.0,0.0],
              [0.707107,0.0,0.707107],
              [32234.7,576.01,3220.08]
            ]
          ],
          "type": [
            "Point"
          ]
        }
      ],
      "bdt_t1_bomb_zone_03_aaa_point_03": [
        {
          "objLayer": [
            0
          ],
          "props": [
            []
          ],
          "tm": [
            [
              [0.707107,0.0,-0.707107],
              [0.0,1.0,0.0],
              [0.707107,0.0,0.707107],
              [31917.4,506.6,3166.55]
            ]
          ],
          "type": [
            "Point"
          ]
        }
      ],
      "bdt_t1_bomb_zone_03_aaa_point_04": [
        {
          "objLayer": [
            0
          ],
          "props": [
            []
          ],
          "tm": [
            [
              [0.707107,0.0,-0.707107],
              [0.0,1.0,0.0],
              [0.707107,0.0,0.707107],
              [31913.2,492.54,2957.67]
            ]
          ],
          "type": [
            "Point"
          ]
        }
      ],
      "bdt_t1_bomb_zone_04": [
        {
          "objLayer": [
            0
          ],
          "props": [
            []
          ],
          "tm": [
            [
              [-3.05176e-05,0.0,500.001],
              [0.0,500.0,0.0],
              [-500.001,0.0,-3.05176e-05],
              [34335.8,124.463,-5244.17]
            ]
          ],
          "type": [
            "Sphere"
          ]
        }
      ],
      "bdt_t1_bomb_zone_04_aaa_point_01": [
        {
          "objLayer": [
            0
          ],
          "props": [
            []
          ],
          "tm": [
            [
              [0.707107,0.0,-0.707107],
              [0.0,1.0,0.0],
              [0.707107,0.0,0.707107],
              [34567.5,132.913,-5205.56]
            ]
          ],
          "type": [
            "Point"
          ]
        }
      ],
      "bdt_t1_bomb_zone_04_aaa_point_02": [
        {
          "objLayer": [
            0
          ],
          "props": [
            []
          ],
          "tm": [
            [
              [0.707107,0.0,-0.707107],
              [0.0,1.0,0.0],
              [0.707107,0.0,0.707107],
              [34151.5,93.3225,-5311.63]
            ]
          ],
          "type": [
            "Point"
          ]
        }
      ],
      "bdt_t1_bomb_zone_04_aaa_point_03": [
        {
          "objLayer": [
            0
          ],
          "props": [
            []
          ],
          "tm": [
            [
              [0.707107,0.0,-0.707107],
              [0.0,1.0,0.0],
              [0.707107,0.0,0.707107],
              [34316.3,100.903,-5502.54]
            ]
          ],
          "type": [
            "Point"
          ]
        }
      ],
      "bdt_t1_bomb_zone_04_aaa_point_04": [
        {
          "objLayer": [
            0
          ],
          "props": [
            []
          ],
          "tm": [
            [
              [0.707107,0.0,-0.707107],
              [0.0,1.0,0.0],
              [0.707107,0.0,0.707107],
              [34231.4,104.923,-5091.22]
            ]
          ],
          "type": [
            "Point"
          ]
        }
      ],
      "bdt_t1_bomb_zone_05": [
        {
          "objLayer": [
            0
          ],
          "props": [
            []
          ],
          "tm": [
            [
              [453.154,0.0,211.31],
              [0.0,500.0,0.0],
              [-211.31,0.0,453.154],
              [-5444.91,472.111,35093.5]
            ]
          ],
          "type": [
            "Sphere"
          ]
        }
      ],
      "bdt_t1_bomb_zone_05_aaa_point_01": [
        {
          "objLayer": [
            0
          ],
          "props": [
            []
          ],
          "tm": [
            [
              [0.707107,0.0,-0.707107],
              [0.0,1.0,0.0],
              [0.707107,0.0,0.707107],
              [-5417.88,468.301,35319.1]
            ]
          ],
          "type": [
            "Point"
          ]
        }
      ],
      "bdt_t1_bomb_zone_05_aaa_point_02": [
        {
          "objLayer": [
            0
          ],
          "props": [
            []
          ],
          "tm": [
            [
              [0.707107,0.0,-0.707107],
              [0.0,1.0,0.0],
              [0.707107,0.0,0.707107],
              [-5655.85,471.651,35129.0]
            ]
          ],
          "type": [
            "Point"
          ]
        }
      ],
      "bdt_t1_bomb_zone_05_aaa_point_03": [
        {
          "objLayer": [
            0
          ],
          "props": [
            []
          ],
          "tm": [
            [
              [0.707107,0.0,-0.707107],
              [0.0,1.0,0.0],
              [0.707107,0.0,0.707107],
              [-5577.19,475.321,34908.2]
            ]
          ],
          "type": [
            "Point"
          ]
        }
      ],
      "bdt_t1_bomb_zone_05_aaa_point_04": [
        {
          "objLayer": [
            0
          ],
          "props": [
            []
          ],
          "tm": [
            [
              [0.707107,0.0,-0.707107],
              [0.0,1.0,0.0],
              [0.707107,0.0,0.707107],
              [-5290.36,471.151,35144.6]
            ]
          ],
          "type": [
            "Point"
          ]
        }
      ],
      "bdt_t1_bomb_zone_06": [
        {
          "objLayer": [
            0
          ],
          "props": [
            []
          ],
          "tm": [
            [
              [-304.38,0.0,396.676],
              [0.0,500.0,0.0],
              [-396.676,0.0,-304.38],
              [-5359.88,544.85,26135.1]
            ]
          ],
          "type": [
            "Sphere"
          ]
        }
      ],
      "bdt_t1_bomb_zone_06_aaa_point_01": [
        {
          "objLayer": [
            0
          ],
          "props": [
            []
          ],
          "tm": [
            [
              [0.707107,0.0,-0.707107],
              [0.0,1.0,0.0],
              [0.707107,0.0,0.707107],
              [-5565.63,578.73,26130.3]
            ]
          ],
          "type": [
            "Point"
          ]
        }
      ],
      "bdt_t1_bomb_zone_06_aaa_point_02": [
        {
          "objLayer": [
            0
          ],
          "props": [
            []
          ],
          "tm": [
            [
              [0.707107,0.0,-0.707107],
              [0.0,1.0,0.0],
              [0.707107,0.0,0.707107],
              [-5301.16,533.95,26309.1]
            ]
          ],
          "type": [
            "Point"
          ]
        }
      ],
      "bdt_t1_bomb_zone_06_aaa_point_03": [
        {
          "objLayer": [
            0
          ],
          "props": [
            []
          ],
          "tm": [
            [
              [0.707107,0.0,-0.707107],
              [0.0,1.0,0.0],
              [0.707107,0.0,0.707107],
              [-5127.89,501.26,26159.5]
            ]
          ],
          "type": [
            "Point"
          ]
        }
      ],
      "bdt_t1_bomb_zone_06_aaa_point_04": [
        {
          "objLayer": [
            0
          ],
          "props": [
            []
          ],
          "tm": [
            [
              [0.707107,0.0,-0.707107],
              [0.0,1.0,0.0],
              [0.707107,0.0,0.707107],
              [-5358.84,539.06,25960.5]
            ]
          ],
          "type": [
            "Point"
          ]
        }
      ],
      "bdt_t1_bomb_zone_07": [
        {
          "objLayer": [
            0
          ],
          "props": [
            []
          ],
          "tm": [
            [
              [-86.8243,0.0,492.405],
              [0.0,500.0,0.0],
              [-492.405,0.0,-86.8243],
              [3727.47,848.976,24998.1]
            ]
          ],
          "type": [
            "Sphere"
          ]
        }
      ],
      "bdt_t1_bomb_zone_07_aaa_point_01": [
        {
          "objLayer": [
            0
          ],
          "props": [
            []
          ],
          "tm": [
            [
              [0.819152,0.0,-0.573577],
              [0.0,1.0,0.0],
              [0.573577,0.0,0.819152],
              [3507.56,852.006,25094.2]
            ]
          ],
          "type": [
            "Point"
          ]
        }
      ],
      "bdt_t1_bomb_zone_07_aaa_point_02": [
        {
          "objLayer": [
            0
          ],
          "props": [
            []
          ],
          "tm": [
            [
              [0.819152,0.0,-0.573577],
              [0.0,1.0,0.0],
              [0.573577,0.0,0.819152],
              [3926.09,849.836,25126.6]
            ]
          ],
          "type": [
            "Point"
          ]
        }
      ],
      "bdt_t1_bomb_zone_07_aaa_point_03": [
        {
          "objLayer": [
            0
          ],
          "props": [
            []
          ],
          "tm": [
            [
              [0.819152,0.0,-0.573577],
              [0.0,1.0,0.0],
              [0.573577,0.0,0.819152],
              [3955.58,845.746,24897.7]
            ]
          ],
          "type": [
            "Point"
          ]
        }
      ],
      "bdt_t1_bomb_zone_07_aaa_point_04": [
        {
          "objLayer": [
            0
          ],
          "props": [
            []
          ],
          "tm": [
            [
              [0.819152,0.0,-0.573577],
              [0.0,1.0,0.0],
              [0.573577,0.0,0.819152],
              [3724.5,844.336,24755.9]
            ]
          ],
          "type": [
            "Point"
          ]
        }
      ],
      "bdt_t1_bomb_zone_08": [
        {
          "objLayer": [
            0
          ],
          "props": [
            []
          ],
          "tm": [
            [
              [-268.65,0.0,421.697],
              [0.0,500.0,0.0],
              [-421.697,0.0,-268.65],
              [2508.18,789.278,29709.4]
            ]
          ],
          "type": [
            "Sphere"
          ]
        }
      ],
      "bdt_t1_bomb_zone_08_aaa_point_01": [
        {
          "objLayer": [
            0
          ],
          "props": [
            []
          ],
          "tm": [
            [
              [0.707107,0.0,-0.707107],
              [0.0,1.0,0.0],
              [0.707107,0.0,0.707107],
              [2289.11,799.698,29540.0]
            ]
          ],
          "type": [
            "Point"
          ]
        }
      ],
      "bdt_t1_bomb_zone_08_aaa_point_02": [
        {
          "objLayer": [
            0
          ],
          "props": [
            []
          ],
          "tm": [
            [
              [0.707107,0.0,-0.707107],
              [0.0,1.0,0.0],
              [0.707107,0.0,0.707107],
              [2434.92,795.018,29887.6]
            ]
          ],
          "type": [
            "Point"
          ]
        }
      ],
      "bdt_t1_bomb_zone_08_aaa_point_03": [
        {
          "objLayer": [
            0
          ],
          "props": [
            []
          ],
          "tm": [
            [
              [0.707107,0.0,-0.707107],
              [0.0,1.0,0.0],
              [0.707107,0.0,0.707107],
              [2727.59,788.788,29806.8]
            ]
          ],
          "type": [
            "Point"
          ]
        }
      ],
      "bdt_t1_bomb_zone_08_aaa_point_04": [
        {
          "objLayer": [
            0
          ],
          "props": [
            []
          ],
          "tm": [
            [
              [0.707107,0.0,-0.707107],
              [0.0,1.0,0.0],
              [0.707107,0.0,0.707107],
              [2585.67,791.078,29488.0]
            ]
          ],
          "type": [
            "Point"
          ]
        }
      ],
      "bdt_t1_bomb_zone_09": [
        {
          "objLayer": [
            0
          ],
          "props": [
            []
          ],
          "tm": [
            [
              [-268.65,0.0,421.697],
              [0.0,500.0,0.0],
              [-421.697,0.0,-268.65],
              [13837.5,474.879,23401.0]
            ]
          ],
          "type": [
            "Sphere"
          ]
        }
      ],
      "bdt_t1_bomb_zone_09_aaa_point_01": [
        {
          "objLayer": [
            0
          ],
          "props": [
            []
          ],
          "tm": [
            [
              [0.707107,0.0,-0.707107],
              [0.0,1.0,0.0],
              [0.707107,0.0,0.707107],
              [13914.9,476.679,23179.6]
            ]
          ],
          "type": [
            "Point"
          ]
        }
      ],
      "bdt_t1_bomb_zone_09_aaa_point_02": [
        {
          "objLayer": [
            0
          ],
          "props": [
            []
          ],
          "tm": [
            [
              [0.707107,0.0,-0.707107],
              [0.0,1.0,0.0],
              [0.707107,0.0,0.707107],
              [13618.4,485.299,23231.6]
            ]
          ],
          "type": [
            "Point"
          ]
        }
      ],
      "bdt_t1_bomb_zone_09_aaa_point_03": [
        {
          "objLayer": [
            0
          ],
          "props": [
            []
          ],
          "tm": [
            [
              [0.707107,0.0,-0.707107],
              [0.0,1.0,0.0],
              [0.707107,0.0,0.707107],
              [14056.8,474.389,23498.4]
            ]
          ],
          "type": [
            "Point"
          ]
        }
      ],
      "bdt_t1_bomb_zone_09_aaa_point_04": [
        {
          "objLayer": [
            0
          ],
          "props": [
            []
          ],
          "tm": [
            [
              [0.707107,0.0,-0.707107],
              [0.0,1.0,0.0],
              [0.707107,0.0,0.707107],
              [13764.2,480.62,23579.2]
            ]
          ],
          "type": [
            "Point"
          ]
        }
      ],
      "bdt_t1_bomb_zone_10": [
        {
          "objLayer": [
            0
          ],
          "props": [
            []
          ],
          "tm": [
            [
              [86.8242,0.0,492.404],
              [0.0,500.0,0.0],
              [-492.404,0.0,86.8242],
              [5143.81,659.784,17364.2]
            ]
          ],
          "type": [
            "Sphere"
          ]
        }
      ],
      "bdt_t1_bomb_zone_10_aaa_point_01": [
        {
          "objLayer": [
            0
          ],
          "props": [
            []
          ],
          "tm": [
            [
              [0.707107,0.0,-0.707107],
              [0.0,1.0,0.0],
              [0.707107,0.0,0.707107],
              [4907.67,627.234,17527.8]
            ]
          ],
          "type": [
            "Point"
          ]
        }
      ],
      "bdt_t1_bomb_zone_10_aaa_point_02": [
        {
          "objLayer": [
            0
          ],
          "props": [
            []
          ],
          "tm": [
            [
              [0.707107,0.0,-0.707107],
              [0.0,1.0,0.0],
              [0.707107,0.0,0.707107],
              [4903.43,631.314,17318.9]
            ]
          ],
          "type": [
            "Point"
          ]
        }
      ],
      "bdt_t1_bomb_zone_10_aaa_point_03": [
        {
          "objLayer": [
            0
          ],
          "props": [
            []
          ],
          "tm": [
            [
              [0.707107,0.0,-0.707107],
              [0.0,1.0,0.0],
              [0.707107,0.0,0.707107],
              [5342.88,664.244,17161.0]
            ]
          ],
          "type": [
            "Point"
          ]
        }
      ],
      "bdt_t1_bomb_zone_10_aaa_point_04": [
        {
          "objLayer": [
            0
          ],
          "props": [
            []
          ],
          "tm": [
            [
              [0.707107,0.0,-0.707107],
              [0.0,1.0,0.0],
              [0.707107,0.0,0.707107],
              [5225.06,648.254,17581.3]
            ]
          ],
          "type": [
            "Point"
          ]
        }
      ],
      "bdt_t1_bomb_zone_11": [
        {
          "objLayer": [
            0
          ],
          "props": [
            []
          ],
          "tm": [
            [
              [86.8242,0.0,492.404],
              [0.0,500.0,0.0],
              [-492.404,0.0,86.8242],
              [40168.6,980.99,21119.3]
            ]
          ],
          "type": [
            "Sphere"
          ]
        }
      ],
      "bdt_t1_bomb_zone_11_aaa_point_01": [
        {
          "objLayer": [
            0
          ],
          "props": [
            []
          ],
          "tm": [
            [
              [0.707107,0.0,-0.707107],
              [0.0,1.0,0.0],
              [0.707107,0.0,0.707107],
              [40249.8,969.46,21336.4]
            ]
          ],
          "type": [
            "Point"
          ]
        }
      ],
      "bdt_t1_bomb_zone_11_aaa_point_02": [
        {
          "objLayer": [
            0
          ],
          "props": [
            []
          ],
          "tm": [
            [
              [0.707107,0.0,-0.707107],
              [0.0,1.0,0.0],
              [0.707107,0.0,0.707107],
              [40250.4,985.45,20986.4]
            ]
          ],
          "type": [
            "Point"
          ]
        }
      ],
      "bdt_t1_bomb_zone_11_aaa_point_03": [
        {
          "objLayer": [
            0
          ],
          "props": [
            []
          ],
          "tm": [
            [
              [0.707107,0.0,-0.707107],
              [0.0,1.0,0.0],
              [0.707107,0.0,0.707107],
              [39932.4,900.05,21282.8]
            ]
          ],
          "type": [
            "Point"
          ]
        }
      ],
      "bdt_t1_bomb_zone_11_aaa_point_04": [
        {
          "objLayer": [
            0
          ],
          "props": [
            []
          ],
          "tm": [
            [
              [0.707107,0.0,-0.707107],
              [0.0,1.0,0.0],
              [0.707107,0.0,0.707107],
              [39928.2,885.99,21074.0]
            ]
          ],
          "type": [
            "Point"
          ]
        }
      ],
      "bdt_t1_bomb_zone_12": [
        {
          "objLayer": [
            0
          ],
          "props": [
            []
          ],
          "tm": [
            [
              [129.409,0.0,482.962],
              [0.0,500.0,0.0],
              [-482.962,0.0,129.409],
              [32209.2,1151.27,24598.2]
            ]
          ],
          "type": [
            "Sphere"
          ]
        }
      ],
      "bdt_t1_bomb_zone_12_aaa_point_01": [
        {
          "objLayer": [
            0
          ],
          "props": [
            []
          ],
          "tm": [
            [
              [0.216439,0.0,-0.976296],
              [0.0,1.0,0.0],
              [0.976296,0.0,0.216439],
              [32384.4,1155.29,24530.4]
            ]
          ],
          "type": [
            "Point"
          ]
        }
      ],
      "bdt_t1_bomb_zone_12_aaa_point_02": [
        {
          "objLayer": [
            0
          ],
          "props": [
            []
          ],
          "tm": [
            [
              [0.216439,0.0,-0.976296],
              [0.0,1.0,0.0],
              [0.976296,0.0,0.216439],
              [32219.2,1150.3,24776.3]
            ]
          ],
          "type": [
            "Point"
          ]
        }
      ],
      "bdt_t1_bomb_zone_12_aaa_point_03": [
        {
          "objLayer": [
            0
          ],
          "props": [
            []
          ],
          "tm": [
            [
              [0.216439,0.0,-0.976296],
              [0.0,1.0,0.0],
              [0.976296,0.0,0.216439],
              [32001.0,1141.28,24622.3]
            ]
          ],
          "type": [
            "Point"
          ]
        }
      ],
      "bdt_t1_bomb_zone_12_aaa_point_04": [
        {
          "objLayer": [
            0
          ],
          "props": [
            []
          ],
          "tm": [
            [
              [0.216439,0.0,-0.976296],
              [0.0,1.0,0.0],
              [0.976296,0.0,0.216439],
              [32185.5,1151.14,24385.4]
            ]
          ],
          "type": [
            "Point"
          ]
        }
      ],
      "bdt_t1_bomb_zone_13": [
        {
          "objLayer": [
            0
          ],
          "props": [
            []
          ],
          "tm": [
            [
              [-211.31,0.0,453.154],
              [0.0,500.0,0.0],
              [-453.154,0.0,-211.31],
              [30001.4,235.274,11008.2]
            ]
          ],
          "type": [
            "Sphere"
          ]
        }
      ],
      "bdt_t1_bomb_zone_13_aaa_point_01": [
        {
          "objLayer": [
            0
          ],
          "props": [
            []
          ],
          "tm": [
            [
              [0.707107,0.0,-0.707107],
              [0.0,1.0,0.0],
              [0.707107,0.0,0.707107],
              [29811.4,224.004,11039.0]
            ]
          ],
          "type": [
            "Point"
          ]
        }
      ],
      "bdt_t1_bomb_zone_13_aaa_point_02": [
        {
          "objLayer": [
            0
          ],
          "props": [
            []
          ],
          "tm": [
            [
              [0.707107,0.0,-0.707107],
              [0.0,1.0,0.0],
              [0.707107,0.0,0.707107],
              [29873.0,222.584,10772.6]
            ]
          ],
          "type": [
            "Point"
          ]
        }
      ],
      "bdt_t1_bomb_zone_13_aaa_point_03": [
        {
          "objLayer": [
            0
          ],
          "props": [
            []
          ],
          "tm": [
            [
              [0.707107,0.0,-0.707107],
              [0.0,1.0,0.0],
              [0.707107,0.0,0.707107],
              [30097.6,247.054,10807.2]
            ]
          ],
          "type": [
            "Point"
          ]
        }
      ],
      "bdt_t1_bomb_zone_13_aaa_point_04": [
        {
          "objLayer": [
            0
          ],
          "props": [
            []
          ],
          "tm": [
            [
              [0.707107,0.0,-0.707107],
              [0.0,1.0,0.0],
              [0.707107,0.0,0.707107],
              [30095.6,248.724,11220.9]
            ]
          ],
          "type": [
            "Point"
          ]
        }
      ],
      "bdt_t1_bomb_zone_14": [
        {
          "objLayer": [
            0
          ],
          "props": [
            []
          ],
          "tm": [
            [
              [-3.05176e-05,0.0,500.001],
              [0.0,500.0,0.0],
              [-500.001,0.0,-3.05176e-05],
              [43843.1,93.6306,-2569.65]
            ]
          ],
          "type": [
            "Sphere"
          ]
        }
      ],
      "bdt_t1_bomb_zone_14_aaa_point_01": [
        {
          "objLayer": [
            0
          ],
          "props": [
            []
          ],
          "tm": [
            [
              [0.707107,0.0,-0.707107],
              [0.0,1.0,0.0],
              [0.707107,0.0,0.707107],
              [43823.6,82.9707,-2828.03]
            ]
          ],
          "type": [
            "Point"
          ]
        }
      ],
      "bdt_t1_bomb_zone_14_aaa_point_02": [
        {
          "objLayer": [
            0
          ],
          "props": [
            []
          ],
          "tm": [
            [
              [0.707107,0.0,-0.707107],
              [0.0,1.0,0.0],
              [0.707107,0.0,0.707107],
              [43658.8,75.5906,-2637.11]
            ]
          ],
          "type": [
            "Point"
          ]
        }
      ],
      "bdt_t1_bomb_zone_14_aaa_point_03": [
        {
          "objLayer": [
            0
          ],
          "props": [
            []
          ],
          "tm": [
            [
              [0.707107,0.0,-0.707107],
              [0.0,1.0,0.0],
              [0.707107,0.0,0.707107],
              [43738.7,74.0906,-2416.7]
            ]
          ],
          "type": [
            "Point"
          ]
        }
      ],
      "bdt_t1_bomb_zone_14_aaa_point_04": [
        {
          "objLayer": [
            0
          ],
          "props": [
            []
          ],
          "tm": [
            [
              [0.707107,0.0,-0.707107],
              [0.0,1.0,0.0],
              [0.707107,0.0,0.707107],
              [44074.8,115.881,-2531.04]
            ]
          ],
          "type": [
            "Point"
          ]
        }
      ],
      "bdt_t1_bomb_zone_15": [
        {
          "objLayer": [
            0
          ],
          "props": [
            []
          ],
          "tm": [
            [
              [86.8242,0.0,492.404],
              [0.0,500.0,0.0],
              [-492.404,0.0,86.8242],
              [20503.4,752.549,29660.2]
            ]
          ],
          "type": [
            "Sphere"
          ]
        }
      ],
      "bdt_t1_bomb_zone_15_aaa_point_01": [
        {
          "objLayer": [
            0
          ],
          "props": [
            []
          ],
          "tm": [
            [
              [0.707107,0.0,-0.707107],
              [0.0,1.0,0.0],
              [0.707107,0.0,0.707107],
              [20263.1,724.079,29614.9]
            ]
          ],
          "type": [
            "Point"
          ]
        }
      ],
      "bdt_t1_bomb_zone_15_aaa_point_02": [
        {
          "objLayer": [
            0
          ],
          "props": [
            []
          ],
          "tm": [
            [
              [0.707107,0.0,-0.707107],
              [0.0,1.0,0.0],
              [0.707107,0.0,0.707107],
              [20267.3,734.269,29823.8]
            ]
          ],
          "type": [
            "Point"
          ]
        }
      ],
      "bdt_t1_bomb_zone_15_aaa_point_03": [
        {
          "objLayer": [
            0
          ],
          "props": [
            []
          ],
          "tm": [
            [
              [0.707107,0.0,-0.707107],
              [0.0,1.0,0.0],
              [0.707107,0.0,0.707107],
              [20584.7,758.249,29877.4]
            ]
          ],
          "type": [
            "Point"
          ]
        }
      ],
      "bdt_t1_bomb_zone_15_aaa_point_04": [
        {
          "objLayer": [
            0
          ],
          "props": [
            []
          ],
          "tm": [
            [
              [0.707107,0.0,-0.707107],
              [0.0,1.0,0.0],
              [0.707107,0.0,0.707107],
              [20702.5,757.009,29457.0]
            ]
          ],
          "type": [
            "Point"
          ]
        }
      ],
      "bdt_t1_bomb_zone_16": [
        {
          "objLayer": [
            0
          ],
          "props": [
            []
          ],
          "tm": [
            [
              [-3.05176e-05,0.0,500.001],
              [0.0,500.0,0.0],
              [-500.001,0.0,-3.05176e-05],
              [-25106.0,413.553,46355.2]
            ]
          ],
          "type": [
            "Sphere"
          ]
        }
      ],
      "bdt_t1_bomb_zone_16_aaa_point_01": [
        {
          "objLayer": [
            0
          ],
          "props": [
            []
          ],
          "tm": [
            [
              [0.707107,0.0,-0.707107],
              [0.0,1.0,0.0],
              [0.707107,0.0,0.707107],
              [-25125.5,402.893,46096.8]
            ]
          ],
          "type": [
            "Point"
          ]
        }
      ],
      "bdt_t1_bomb_zone_16_aaa_point_02": [
        {
          "objLayer": [
            0
          ],
          "props": [
            []
          ],
          "tm": [
            [
              [0.707107,0.0,-0.707107],
              [0.0,1.0,0.0],
              [0.707107,0.0,0.707107],
              [-24874.4,435.803,46393.8]
            ]
          ],
          "type": [
            "Point"
          ]
        }
      ],
      "bdt_t1_bomb_zone_16_aaa_point_03": [
        {
          "objLayer": [
            0
          ],
          "props": [
            []
          ],
          "tm": [
            [
              [0.707107,0.0,-0.707107],
              [0.0,1.0,0.0],
              [0.707107,0.0,0.707107],
              [-25210.5,394.013,46508.1]
            ]
          ],
          "type": [
            "Point"
          ]
        }
      ],
      "bdt_t1_bomb_zone_16_aaa_point_04": [
        {
          "objLayer": [
            0
          ],
          "props": [
            []
          ],
          "tm": [
            [
              [0.707107,0.0,-0.707107],
              [0.0,1.0,0.0],
              [0.707107,0.0,0.707107],
              [-25290.3,395.513,46287.7]
            ]
          ],
          "type": [
            "Point"
          ]
        }
      ],
      "bdt_t1_bomb_zone_17": [
        {
          "objLayer": [
            0
          ],
          "props": [
            []
          ],
          "tm": [
            [
              [-3.05176e-05,0.0,500.001],
              [0.0,500.0,0.0],
              [-500.001,0.0,-3.05176e-05],
              [6475.26,347.027,57623.8]
            ]
          ],
          "type": [
            "Sphere"
          ]
        }
      ],
      "bdt_t1_bomb_zone_17_aaa_point_01": [
        {
          "objLayer": [
            0
          ],
          "props": [
            []
          ],
          "tm": [
            [
              [0.707107,0.0,-0.707107],
              [0.0,1.0,0.0],
              [0.707107,0.0,0.707107],
              [6370.82,327.487,57776.8]
            ]
          ],
          "type": [
            "Point"
          ]
        }
      ],
      "bdt_t1_bomb_zone_17_aaa_point_02": [
        {
          "objLayer": [
            0
          ],
          "props": [
            []
          ],
          "tm": [
            [
              [0.707107,0.0,-0.707107],
              [0.0,1.0,0.0],
              [0.707107,0.0,0.707107],
              [6290.99,328.987,57556.4]
            ]
          ],
          "type": [
            "Point"
          ]
        }
      ],
      "bdt_t1_bomb_zone_17_aaa_point_03": [
        {
          "objLayer": [
            0
          ],
          "props": [
            []
          ],
          "tm": [
            [
              [0.707107,0.0,-0.707107],
              [0.0,1.0,0.0],
              [0.707107,0.0,0.707107],
              [6455.74,358.677,57365.4]
            ]
          ],
          "type": [
            "Point"
          ]
        }
      ],
      "bdt_t1_bomb_zone_17_aaa_point_04": [
        {
          "objLayer": [
            0
          ],
          "props": [
            []
          ],
          "tm": [
            [
              [0.707107,0.0,-0.707107],
              [0.0,1.0,0.0],
              [0.707107,0.0,0.707107],
              [6706.91,369.277,57662.4]
            ]
          ],
          "type": [
            "Point"
          ]
        }
      ],
      "bdt_t1_bomb_zone_18": [
        {
          "objLayer": [
            0
          ],
          "props": [
            []
          ],
          "tm": [
            [
              [129.409,0.0,482.962],
              [0.0,500.0,0.0],
              [-482.962,0.0,129.409],
              [9546.79,506.065,34628.9]
            ]
          ],
          "type": [
            "Sphere"
          ]
        }
      ],
      "bdt_t1_bomb_zone_18_aaa_point_01": [
        {
          "objLayer": [
            0
          ],
          "props": [
            []
          ],
          "tm": [
            [
              [0.216439,0.0,-0.976296],
              [0.0,1.0,0.0],
              [0.976296,0.0,0.216439],
              [9338.59,496.075,34653.0]
            ]
          ],
          "type": [
            "Point"
          ]
        }
      ],
      "bdt_t1_bomb_zone_18_aaa_point_02": [
        {
          "objLayer": [
            0
          ],
          "props": [
            []
          ],
          "tm": [
            [
              [0.216439,0.0,-0.976296],
              [0.0,1.0,0.0],
              [0.976296,0.0,0.216439],
              [9523.19,505.935,34416.1]
            ]
          ],
          "type": [
            "Point"
          ]
        }
      ],
      "bdt_t1_bomb_zone_18_aaa_point_03": [
        {
          "objLayer": [
            0
          ],
          "props": [
            []
          ],
          "tm": [
            [
              [0.216439,0.0,-0.976296],
              [0.0,1.0,0.0],
              [0.976296,0.0,0.216439],
              [9721.99,510.085,34561.1]
            ]
          ],
          "type": [
            "Point"
          ]
        }
      ],
      "bdt_t1_bomb_zone_18_aaa_point_04": [
        {
          "objLayer": [
            0
          ],
          "props": [
            []
          ],
          "tm": [
            [
              [0.216439,0.0,-0.976296],
              [0.0,1.0,0.0],
              [0.976296,0.0,0.216439],
              [9587.99,505.095,34830.1]
            ]
          ],
          "type": [
            "Point"
          ]
        }
      ],
      "bdt_t1_bomb_zone_19": [
        {
          "objLayer": [
            0
          ],
          "props": [
            []
          ],
          "tm": [
            [
              [-3.05176e-05,0.0,500.001],
              [0.0,500.0,0.0],
              [-500.001,0.0,-3.05176e-05],
              [45192.5,536.308,10829.2]
            ]
          ],
          "type": [
            "Sphere"
          ]
        }
      ],
      "bdt_t1_bomb_zone_19_aaa_point_01": [
        {
          "objLayer": [
            0
          ],
          "props": [
            []
          ],
          "tm": [
            [
              [0.707107,0.0,-0.707107],
              [0.0,1.0,0.0],
              [0.707107,0.0,0.707107],
              [45088.1,516.768,10982.1]
            ]
          ],
          "type": [
            "Point"
          ]
        }
      ],
