{
  "airfields": {},
  "areas": {},
  "bin_dump_file": "",
  "dialogs": {},
  "effects": {},
  "imports": {},
  "mission_objectives": {
    "isCategory": true,
    "is_enabled": true
  },
  "mission_settings": {
    "mission": {
      "environment": "Day",
      "level": "levels/water.bin",
      "type": "singleMission",
      "weather": "hazy"
    },
    "player": {
      "army": 1
    },
    "player_teamB": {
      "army": 2
    }
  },
  "objLayers": {
    "layer": [
      {
        "enabled": true
      },
      {
        "enabled": true
      },
      {
        "enabled": true
      },
      {
        "enabled": true
      },
      {
        "enabled": true
      },
      {
        "enabled": false
      },
      {
        "enabled": false
      }
    ]
  },
  "selected_tag": "",
  "triggers": {
    "isCategory": true,
    "is_enabled": true
  },
  "units": {
    "air_defence": [
      {
        "bullets0": "",
        "bullets1": "",
        "bullets2": "",
        "bullets3": "",
        "bulletsCount0": 0,
        "bulletsCount1": 0,
        "bulletsCount2": 0,
        "bulletsCount3": 0,
        "closed_waypoints": false,
        "isShipSpline": false,
        "name": "t1_airfield_aaa_big_01",
        "objLayer": 1,
        "props": {
          "army": 1,
          "attack_type": "fire_at_will",
          "count": 1,
          "formation_div": 3,
          "formation_noise": [0.1,0.1],
          "formation_step": [2.5,2.0],
          "formation_type": "rows",
          "uniqueName": ""
        },
        "shipTurnRadius": 100.0,
        "tm": [
          [0.903824,0.0,0.427904],
          [0.0,1.0,0.0],
          [-0.427904,0.0,0.903824],
          [3617.02,420.098,-4720.54]
        ],
        "unit_class": "ussr_85mm_52k",
        "way": {},
        "weapons": ""
      },
      {
        "bullets0": "",
        "bullets1": "",
        "bullets2": "",
        "bullets3": "",
        "bulletsCount0": 0,
        "bulletsCount1": 0,
        "bulletsCount2": 0,
        "bulletsCount3": 0,
        "closed_waypoints": false,
        "isShipSpline": false,
        "name": "t1_airfield_aaa_big_02",
        "objLayer": 1,
        "props": {
          "army": 1,
          "attack_type": "fire_at_will",
          "count": 1,
          "formation_div": 3,
          "formation_noise": [0.1,0.1],
          "formation_step": [2.5,2.0],
          "formation_type": "rows",
          "uniqueName": ""
        },
        "shipTurnRadius": 100.0,
        "tm": [
          [0.903824,0.0,0.427904],
          [0.0,1.0,0.0],
          [-0.427904,0.0,0.903824],
          [3077.12,411.416,-5205.08]
        ],
        "unit_class": "ussr_85mm_52k",
        "way": {},
        "weapons": ""
      },
      {
        "bullets0": "",
        "bullets1": "",
        "bullets2": "",
        "bullets3": "",
        "bulletsCount0": 0,
        "bulletsCount1": 0,
        "bulletsCount2": 0,
        "bulletsCount3": 0,
        "closed_waypoints": false,
        "isShipSpline": false,
        "name": "t1_airfield_aaa_big_03",
        "objLayer": 1,
        "props": {
          "army": 1,
          "attack_type": "fire_at_will",
          "count": 1,
          "formation_div": 3,
          "formation_noise": [0.1,0.1],
          "formation_step": [2.5,2.0],
          "formation_type": "rows",
          "uniqueName": ""
        },
        "shipTurnRadius": 100.0,
        "tm": [
          [0.903824,0.0,0.427904],
          [0.0,1.0,0.0],
          [-0.427904,0.0,0.903824],
          [3037.58,419.158,-4581.71]
        ],
        "unit_class": "ussr_85mm_52k",
        "way": {},
        "weapons": ""
      },
      {
        "bullets0": "",
        "bullets1": "",
        "bullets2": "",
        "bullets3": "",
        "bulletsCount0": 0,
        "bulletsCount1": 0,
        "bulletsCount2": 0,
        "bulletsCount3": 0,
        "closed_waypoints": false,
        "isShipSpline": false,
        "name": "t1_airfield_aaa_big_04",
        "objLayer": 1,
        "props": {
          "army": 1,
          "attack_type": "fire_at_will",
          "count": 1,
          "formation_div": 3,
          "formation_noise": [0.1,0.1],
          "formation_step": [2.5,2.0],
          "formation_type": "rows",
          "uniqueName": ""
        },
        "shipTurnRadius": 100.0,
        "tm": [
          [0.903824,0.0,0.427904],
          [0.0,1.0,0.0],
          [-0.427904,0.0,0.903824],
          [4365.46,416.926,-5967.28]
        ],
        "unit_class": "ussr_85mm_52k",
        "way": {},
        "weapons": ""
      },
      {
        "bullets0": "",
        "bullets1": "",
        "bullets2": "",
        "bullets3": "",
        "bulletsCount0": 0,
        "bulletsCount1": 0,
        "bulletsCount2": 0,
        "bulletsCount3": 0,
        "closed_waypoints": false,
        "isShipSpline": false,
        "name": "t1_airfield_aaa_small_06",
        "objLayer": 1,
        "props": {
          "army": 1,
          "attack_type": "fire_at_will",
          "count": 1,
          "formation_div": 3,
          "formation_noise": [0.1,0.1],
          "formation_step": [2.5,2.0],
          "formation_type": "rows",
          "uniqueName": ""
        },
        "shipTurnRadius": 100.0,
        "tm": [
          [0.903824,0.0,0.427904],
          [0.0,1.0,0.0],
          [-0.427904,0.0,0.903824],
          [2986.69,120.866,-5630.62]
        ],
        "unit_class": "germ_37mm_flak43_airfield",
        "way": {},
        "weapons": ""
      },
      {
        "bullets0": "",
        "bullets1": "",
        "bullets2": "",
        "bullets3": "",
        "bulletsCount0": 0,
        "bulletsCount1": 0,
        "bulletsCount2": 0,
        "bulletsCount3": 0,
        "closed_waypoints": false,
        "isShipSpline": false,
        "name": "t1_airfield_aaa_small_05",
        "objLayer": 1,
        "props": {
          "army": 1,
          "attack_type": "fire_at_will",
          "count": 1,
          "formation_div": 3,
          "formation_noise": [0.1,0.1],
          "formation_step": [2.5,2.0],
          "formation_type": "rows",
          "uniqueName": ""
        },
        "shipTurnRadius": 100.0,
        "tm": [
          [0.903824,0.0,0.427904],
          [0.0,1.0,0.0],
          [-0.427904,0.0,0.903824],
          [4104.87,436.12,-4485.45]
        ],
        "unit_class": "germ_37mm_flak43_airfield",
        "way": {},
        "weapons": ""
      },
      {
        "bullets0": "",
        "bullets1": "",
        "bullets2": "",
        "bullets3": "",
        "bulletsCount0": 0,
        "bulletsCount1": 0,
        "bulletsCount2": 0,
        "bulletsCount3": 0,
        "closed_waypoints": false,
        "isShipSpline": false,
        "name": "t1_airfield_aaa_small_01",
        "objLayer": 1,
        "props": {
          "army": 1,
          "attack_type": "fire_at_will",
          "count": 1,
          "formation_div": 3,
          "formation_noise": [0.1,0.1],
          "formation_step": [2.5,2.0],
          "formation_type": "rows",
          "uniqueName": ""
        },
        "shipTurnRadius": 100.0,
        "tm": [
          [0.903824,0.0,0.427904],
          [0.0,1.0,0.0],
          [-0.427904,0.0,0.903824],
          [4077.0,412.204,-5248.85]
        ],
        "unit_class": "ussr_37mm_61k_airfield",
        "way": {},
        "weapons": ""
      },
      {
        "bullets0": "",
        "bullets1": "",
        "bullets2": "",
        "bullets3": "",
        "bulletsCount0": 0,
        "bulletsCount1": 0,
        "bulletsCount2": 0,
        "bulletsCount3": 0,
        "closed_waypoints": false,
        "isShipSpline": false,
        "name": "t1_airfield_aaa_small_02",
        "objLayer": 1,
        "props": {
          "army": 1,
          "attack_type": "fire_at_will",
          "count": 1,
          "formation_div": 3,
          "formation_noise": [0.1,0.1],
          "formation_step": [2.5,2.0],
          "formation_type": "rows",
          "uniqueName": ""
        },
        "shipTurnRadius": 100.0,
        "tm": [
          [0.903824,0.0,0.427904],
          [0.0,1.0,0.0],
          [-0.427904,0.0,0.903824],
          [3425.79,408.349,-5312.69]
        ],
        "unit_class": "ussr_37mm_61k_airfield",
        "way": {},
        "weapons": ""
      },
      {
        "bullets0": "",
        "bullets1": "",
        "bullets2": "",
        "bullets3": "",
        "bulletsCount0": 0,
        "bulletsCount1": 0,
        "bulletsCount2": 0,
        "bulletsCount3": 0,
        "closed_waypoints": false,
        "isShipSpline": false,
        "name": "t1_airfield_aaa_small_03",
        "objLayer": 1,
        "props": {
          "army": 1,
          "attack_type": "fire_at_will",
          "count": 1,
          "formation_div": 3,
          "formation_noise": [0.1,0.1],
          "formation_step": [2.5,2.0],
          "formation_type": "rows",
          "uniqueName": ""
        },
        "shipTurnRadius": 100.0,
        "tm": [
          [0.903824,0.0,0.427904],
          [0.0,1.0,0.0],
          [-0.427904,0.0,0.903824],
          [3060.38,414.281,-4975.28]
        ],
        "unit_class": "ussr_37mm_61k_airfield",
        "way": {},
        "weapons": ""
      },
      {
        "bullets0": "",
        "bullets1": "",
        "bullets2": "",
        "bullets3": "",
        "bulletsCount0": 0,
        "bulletsCount1": 0,
        "bulletsCount2": 0,
        "bulletsCount3": 0,
        "closed_waypoints": false,
        "isShipSpline": false,
        "name": "t1_airfield_aaa_small_04",
        "objLayer": 1,
        "props": {
          "army": 1,
          "attack_type": "fire_at_will",
          "count": 1,
          "formation_div": 3,
          "formation_noise": [0.1,0.1],
          "formation_step": [2.5,2.0],
          "formation_type": "rows",
          "uniqueName": ""
        },
        "shipTurnRadius": 100.0,
        "tm": [
          [0.903824,0.0,0.427904],
          [0.0,1.0,0.0],
          [-0.427904,0.0,0.903824],
          [3820.29,418.292,-5051.73]
        ],
        "unit_class": "ussr_37mm_61k_airfield",
        "way": {},
        "weapons": ""
      },
      {
        "bullets0": "",
        "bullets1": "",
        "bullets2": "",
        "bullets3": "",
        "bulletsCount0": 0,
        "bulletsCount1": 0,
        "bulletsCount2": 0,
        "bulletsCount3": 0,
        "closed_waypoints": false,
        "isShipSpline": false,
        "name": "t2_airfield_aaa_big_01",
        "objLayer": 1,
        "props": {
          "army": 2,
          "attack_type": "fire_at_will",
          "count": 1,
          "formation_div": 3,
          "formation_noise": [0.1,0.1],
          "formation_step": [2.5,2.0],
          "formation_type": "rows",
          "uniqueName": ""
        },
        "shipTurnRadius": 100.0,
        "tm": [
          [0.906308,0.0,0.422618],
          [0.0,1.0,0.0],
          [-0.422618,0.0,0.906308],
          [-2804.87,167.425,8533.97]
        ],
        "unit_class": "germ_88mm_flak36",
        "way": {},
        "weapons": ""
      },
      {
        "bullets0": "",
        "bullets1": "",
        "bullets2": "",
        "bullets3": "",
        "bulletsCount0": 0,
        "bulletsCount1": 0,
        "bulletsCount2": 0,
        "bulletsCount3": 0,
        "closed_waypoints": false,
        "isShipSpline": false,
        "name": "t2_airfield_aaa_big_02",
        "objLayer": 1,
        "props": {
          "army": 2,
          "attack_type": "fire_at_will",
          "count": 1,
          "formation_div": 3,
          "formation_noise": [0.1,0.1],
          "formation_step": [2.5,2.0],
          "formation_type": "rows",
          "uniqueName": ""
        },
        "shipTurnRadius": 100.0,
        "tm": [
          [0.906308,0.0,0.422618],
          [0.0,1.0,0.0],
          [-0.422618,0.0,0.906308],
          [-2903.7,162.988,7932.47]
        ],
        "unit_class": "germ_88mm_flak36",
        "way": {},
        "weapons": ""
      },
      {
        "bullets0": "",
        "bullets1": "",
        "bullets2": "",
        "bullets3": "",
        "bulletsCount0": 0,
        "bulletsCount1": 0,
        "bulletsCount2": 0,
        "bulletsCount3": 0,
        "closed_waypoints": false,
        "isShipSpline": false,
        "name": "t2_airfield_aaa_big_03",
        "objLayer": 1,
        "props": {
          "army": 2,
          "attack_type": "fire_at_will",
          "count": 1,
          "formation_div": 3,
          "formation_noise": [0.1,0.1],
          "formation_step": [2.5,2.0],
          "formation_type": "rows",
          "uniqueName": ""
        },
        "shipTurnRadius": 100.0,
        "tm": [
          [0.906308,0.0,0.422618],
          [0.0,1.0,0.0],
          [-0.422618,0.0,0.906308],
          [-3451.65,161.93,8309.61]
        ],
        "unit_class": "germ_88mm_flak36",
        "way": {},
        "weapons": ""
      },
      {
        "bullets0": "",
        "bullets1": "",
        "bullets2": "",
        "bullets3": "",
        "bulletsCount0": 0,
        "bulletsCount1": 0,
        "bulletsCount2": 0,
        "bulletsCount3": 0,
        "closed_waypoints": false,
        "isShipSpline": false,
        "name": "t2_airfield_aaa_big_04",
        "objLayer": 1,
        "props": {
          "army": 2,
          "attack_type": "fire_at_will",
          "count": 1,
          "formation_div": 3,
          "formation_noise": [0.1,0.1],
          "formation_step": [2.5,2.0],
          "formation_type": "rows",
          "uniqueName": ""
        },
        "shipTurnRadius": 100.0,
        "tm": [
          [0.906308,0.0,0.422618],
          [0.0,1.0,0.0],
          [-0.422618,0.0,0.906308],
          [-3876.46,163.164,8911.36]
        ],
        "unit_class": "germ_88mm_flak36",
        "way": {},
        "weapons": ""
      },
      {
        "bullets0": "",
        "bullets1": "",
        "bullets2": "",
        "bullets3": "",
        "bulletsCount0": 0,
        "bulletsCount1": 0,
        "bulletsCount2": 0,
        "bulletsCount3": 0,
        "closed_waypoints": false,
        "isShipSpline": false,
        "name": "t2_airfield_aaa_small_06",
        "objLayer": 1,
        "props": {
          "army": 2,
          "attack_type": "fire_at_will",
          "count": 1,
          "formation_div": 3,
          "formation_noise": [0.1,0.1],
          "formation_step": [2.5,2.0],
          "formation_type": "rows",
          "uniqueName": ""
        },
        "shipTurnRadius": 100.0,
        "tm": [
          [0.906308,0.0,0.422618],
          [0.0,1.0,0.0],
          [-0.422618,0.0,0.906308],
          [-4217.66,177.3,8070.48]
        ],
        "unit_class": "germ_37mm_flak43_airfield",
        "way": {},
        "weapons": ""
      },
      {
        "bullets0": "",
        "bullets1": "",
        "bullets2": "",
        "bullets3": "",
        "bulletsCount0": 0,
        "bulletsCount1": 0,
        "bulletsCount2": 0,
        "bulletsCount3": 0,
        "closed_waypoints": false,
        "isShipSpline": false,
        "name": "t2_airfield_aaa_small_05",
        "objLayer": 1,
        "props": {
          "army": 2,
          "attack_type": "fire_at_will",
          "count": 1,
          "formation_div": 3,
          "formation_noise": [0.1,0.1],
          "formation_step": [2.5,2.0],
          "formation_type": "rows",
          "uniqueName": ""
        },
        "shipTurnRadius": 100.0,
        "tm": [
          [0.906308,0.0,0.422618],
          [0.0,1.0,0.0],
          [-0.422618,0.0,0.906308],
          [-4058.53,171.161,8546.97]
        ],
        "unit_class": "germ_37mm_flak43_airfield",
        "way": {},
        "weapons": ""
      },
      {
        "bullets0": "",
        "bullets1": "",
        "bullets2": "",
        "bullets3": "",
        "bulletsCount0": 0,
        "bulletsCount1": 0,
        "bulletsCount2": 0,
        "bulletsCount3": 0,
        "closed_waypoints": false,
        "isShipSpline": false,
        "name": "t2_airfield_aaa_small_01",
        "objLayer": 1,
        "props": {
          "army": 2,
          "attack_type": "fire_at_will",
          "count": 1,
          "formation_div": 3,
          "formation_noise": [0.1,0.1],
          "formation_step": [2.5,2.0],
          "formation_type": "rows",
          "uniqueName": ""
        },
        "shipTurnRadius": 100.0,
        "tm": [
          [0.906308,0.0,0.422618],
          [0.0,1.0,0.0],
          [-0.422618,0.0,0.906308],
          [-3347.18,165.822,8707.88]
        ],
        "unit_class": "germ_37mm_flak43_airfield",
        "way": {},
        "weapons": ""
      },
      {
        "bullets0": "",
        "bullets1": "",
        "bullets2": "",
        "bullets3": "",
        "bulletsCount0": 0,
        "bulletsCount1": 0,
        "bulletsCount2": 0,
        "bulletsCount3": 0,
        "closed_waypoints": false,
        "isShipSpline": false,
        "name": "t2_airfield_aaa_small_02",
        "objLayer": 1,
        "props": {
          "army": 2,
          "attack_type": "fire_at_will",
          "count": 1,
          "formation_div": 3,
          "formation_noise": [0.1,0.1],
          "formation_step": [2.5,2.0],
          "formation_type": "rows",
          "uniqueName": ""
        },
        "shipTurnRadius": 100.0,
        "tm": [
          [0.906308,0.0,0.422618],
          [0.0,1.0,0.0],
          [-0.422618,0.0,0.906308],
          [-3877.17,163.507,8353.5]
        ],
        "unit_class": "germ_37mm_flak43_airfield",
        "way": {},
        "weapons": ""
      },
      {
        "bullets0": "",
        "bullets1": "",
        "bullets2": "",
        "bullets3": "",
        "bulletsCount0": 0,
        "bulletsCount1": 0,
        "bulletsCount2": 0,
        "bulletsCount3": 0,
        "closed_waypoints": false,
        "isShipSpline": false,
        "name": "t2_airfield_aaa_small_03",
        "objLayer": 1,
        "props": {
          "army": 2,
          "attack_type": "fire_at_will",
          "count": 1,
          "formation_div": 3,
          "formation_noise": [0.1,0.1],
          "formation_step": [2.5,2.0],
          "formation_type": "rows",
          "uniqueName": ""
        },
        "shipTurnRadius": 100.0,
        "tm": [
          [0.906308,0.0,0.422618],
          [0.0,1.0,0.0],
          [-0.422618,0.0,0.906308],
          [-3123.35,166.452,7996.99]
        ],
        "unit_class": "germ_37mm_flak43_airfield",
        "way": {},
        "weapons": ""
      },
      {
        "bullets0": "",
        "bullets1": "",
        "bullets2": "",
        "bullets3": "",
        "bulletsCount0": 0,
        "bulletsCount1": 0,
        "bulletsCount2": 0,
        "bulletsCount3": 0,
        "closed_waypoints": false,
        "isShipSpline": false,
        "name": "t2_airfield_aaa_small_04",
        "objLayer": 1,
        "props": {
          "army": 2,
          "attack_type": "fire_at_will",
          "count": 1,
          "formation_div": 3,
          "formation_noise": [0.1,0.1],
          "formation_step": [2.5,2.0],
          "formation_type": "rows",
          "uniqueName": ""
        },
        "shipTurnRadius": 100.0,
        "tm": [
          [0.906308,0.0,0.422618],
          [0.0,1.0,0.0],
          [-0.422618,0.0,0.906308],
          [-3026.44,168.568,8682.11]
        ],
        "unit_class": "germ_37mm_flak43_airfield",
        "way": {},
        "weapons": ""
      }
    ],
    "objectGroups": [
      {
        "name": "t1_airfield",
        "objLayer": 2,
        "props": {
          "active": true,
          "army": 1
        },
        "tm": [
          [0.822488,0.0,-0.568782],
          [0.0,1.0,0.0],
          [0.568782,0.0,0.822488],
          [3448.88,412.754,-5128.97]
        ],
        "unit_class": "dynaf_universal_1line_b"
      },
      {
        "name": "t2_airfield",
        "objLayer": 2,
        "props": {
          "active": true,
          "army": 2
        },
        "tm": [
          [-0.965926,0.0,0.25882],
          [0.0,1.0,0.0],
          [-0.25882,0.0,-0.965926],
          [-3258.32,165.45,8441.36]
        ],
        "unit_class": "dynaf_universal_1line_b"
      }
    ],
    "squad": [
      {
        "name": "t1_airfield_aaa_squad",
        "props": {
          "object_marking": 0,
          "squad_members": [
            "t1_airfield_aaa_big_01",
            "t1_airfield_aaa_big_02",
            "t1_airfield_aaa_big_03",
            "t1_airfield_aaa_big_04",
            "t1_airfield_aaa_small_06",
            "t1_airfield_aaa_small_05",
            "t1_airfield_aaa_small_01",
            "t1_airfield_aaa_small_02",
            "t1_airfield_aaa_small_03",
            "t1_airfield_aaa_small_04"
          ]
        },
        "tm": [
          [0.903824,0.0,0.427904],
          [0.0,1.0,0.0],
          [-0.427904,0.0,0.903824],
          [4824.69,410.454,-5006.75]
        ]
      },
      {
        "name": "t2_airfield_aaa_squad",
        "props": {
          "object_marking": 0,
          "squad_members": [
            "t2_airfield_aaa_big_01",
            "t2_airfield_aaa_big_02",
            "t2_airfield_aaa_big_03",
            "t2_airfield_aaa_big_04",
            "t2_airfield_aaa_small_06",
            "t2_airfield_aaa_small_05",
            "t2_airfield_aaa_small_01",
            "t2_airfield_aaa_small_02",
            "t2_airfield_aaa_small_03",
            "t2_airfield_aaa_small_04"
          ]
        },
        "tm": [
          [0.906308,0.0,-0.422618],
          [0.0,1.0,0.0],
          [0.422618,0.0,0.906308],
          [-2839.55,130.85,9833.69]
        ]
      }
    ]
  },
  "variables": {},
  "wayPoints": {}
}