{
  "airfields": [
    []
  ],
  "areas": [
    []
  ],
  "bin_dump_file": [
    ""
  ],
  "dialogs": [
    []
  ],
  "effects": [
    []
  ],
  "imports": [
    []
  ],
  "mission_objectives": [
    {
      "isCategory": [
        true
      ],
      "is_enabled": [
        true
      ]
    }
  ],
  "mission_settings": [
    {
      "mission": [
        {
          "country_allies": [
            "ussr"
          ],
          "country_axis": [
            "germany"
          ],
          "environment": [
            "Day"
          ],
          "level": [
            "levels/avg_mozdok.bin"
          ],
          "nameKillStreaks": [
            "killStreaks_survival_event_aircraftOrHelicopter"
          ],
          "optionalTakeOff": [
            false
          ],
          "restoreType": [
            "attempts"
          ],
          "type": [
            "domination"
          ],
          "weather": [
            "hazy"
          ]
        }
      ],
      "player": [
        {
          "army": [
            1
          ],
          "wing": [
            ""
          ]
        }
      ],
      "player_teamB": [
        {
          "army": [
            2
          ]
        }
      ],
      "spectator_points": [
        []
      ]
    }
  ],
  "objLayers": [
    {
      "layer": [
        {
          "enabled": [
            true
          ]
        },
        {
          "enabled": [
            true
          ]
        },
        {
          "enabled": [
            true
          ]
        },
        {
          "enabled": [
            true
          ]
        }
      ]
    }
  ],
  "selected_tag": [
    ""
  ],
  "triggers": [
    {
      "isCategory": [
        true
      ],
      "is_enabled": [
        true
      ]
    }
  ],
  "units": [
    {
      "squad": [
        {
          "name": [
            "wave01"
          ],
          "props": [
            {
              "squad_members": [
                "enemy_light_tanks"
              ]
            }
          ],
          "tm": [
            [
              [0.935187,0.0,0.354153],
              [0.0,1.0,0.0],
              [-0.354153,0.0,0.935187],
              [-2508.5,441.5,2478.8]
            ]
          ]
        },
        {
          "name": [
            "all_enemy_units"
          ],
          "props": [
            {
              "squad_members": [
                "wave01",
                "wave02",
                "wave03",
                "wave04",
                "wave05",
                "wave06",
                "wave07",
                "wave08",
                "wave09",
                "wave10",
                "wave11",
                "wave12"
              ]
            }
          ],
          "tm": [
            [
              [0.935187,0.0,0.354153],
              [0.0,1.0,0.0],
              [-0.354153,0.0,0.935187],
              [-2347.3,-203.35,1805.55]
            ]
          ]
        },
        {
          "name": [
            "wave04"
          ],
          "props": [
            {
              "squad_members": [
                "enemy_med_tanks"
              ]
            }
          ],
          "tm": [
            [
              [0.935187,0.0,0.354153],
              [0.0,1.0,0.0],
              [-0.354153,0.0,0.935187],
              [-2407.25,441.25,1719.25]
            ]
          ]
        },
        {
          "name": [
            "wave09"
          ],
          "props": [
            {
              "squad_members": [
                "enemy_heavy_tanks"
              ]
            }
          ],
          "tm": [
            [
              [0.935187,0.0,0.354153],
              [0.0,1.0,0.0],
              [-0.354153,0.0,0.935187],
              [-2177.56,480.65,1128.15]
            ]
          ]
        },
        {
          "name": [
            "wave02"
          ],
          "props": [
            {
              "squad_members": [
                "enemy_med_tanks"
              ]
            }
          ],
          "tm": [
            [
              [0.935187,0.0,0.354153],
              [0.0,1.0,0.0],
              [-0.354153,0.0,0.935187],
              [-2518.77,441.5,2307.99]
            ]
          ]
        },
        {
          "name": [
            "wave03"
          ],
          "props": [
            {
              "squad_members": [
                "enemy_heavy_tanks"
              ]
            }
          ],
          "tm": [
            [
              [0.935187,0.0,0.354153],
              [0.0,1.0,0.0],
              [-0.354153,0.0,0.935187],
              [-2505.34,441.5,2182.3]
            ]
          ]
        },
        {
          "name": [
            "wave05"
          ],
          "props": [
            {
              "squad_members": [
                "enemy_med_heavy_tanks"
              ]
            }
          ],
          "tm": [
            [
              [0.935187,0.0,0.354153],
              [0.0,1.0,0.0],
              [-0.354153,0.0,0.935187],
              [-2358.05,441.25,1583.95]
            ]
          ]
        },
        {
          "name": [
            "wave06"
          ],
          "props": [
            {
              "squad_members": [
                "enemy_heavy_tanks"
              ]
            }
          ],
          "tm": [
            [
              [0.935187,0.0,0.354153],
              [0.0,1.0,0.0],
              [-0.354153,0.0,0.935187],
              [-2317.35,441.25,1479.65]
            ]
          ]
        },
        {
          "name": [
            "wave07"
          ],
          "props": [
            {
              "squad_members": [
                "enemy_light_tanks"
              ]
            }
          ],
          "tm": [
            [
              [0.935187,0.0,0.354153],
              [0.0,1.0,0.0],
              [-0.354153,0.0,0.935187],
              [-2265.53,441.25,1309.75]
            ]
          ]
        },
        {
          "name": [
            "wave08"
          ],
          "props": [
            {
              "squad_members": [
                "enemy_med_heavy_tanks"
              ]
            }
          ],
          "tm": [
            [
              [0.935187,0.0,0.354153],
              [0.0,1.0,0.0],
              [-0.354153,0.0,0.935187],
              [-2230.39,441.25,1214.03]
            ]
          ]
        },
        {
          "name": [
            "wave10"
          ],
          "props": [
            {
              "squad_members": [
                "enemy_med_heavy_tanks"
              ]
            }
          ],
          "tm": [
            [
              [0.935187,0.0,0.354153],
              [0.0,1.0,0.0],
              [-0.354153,0.0,0.935187],
              [-2139.4,479.65,942.6]
            ]
          ]
        },
        {
          "name": [
            "wave11"
          ],
          "props": [
            {
              "squad_members": [
                "enemy_heavy_tanks"
              ]
            }
          ],
          "tm": [
            [
              [0.935187,0.0,0.354153],
              [0.0,1.0,0.0],
              [-0.354153,0.0,0.935187],
              [-2105.55,479.5,860.95]
            ]
          ]
        },
        {
          "name": [
            "wave12"
          ],
          "props": [
            {
              "squad_members": [
                "enemy_heavy_tanks"
              ]
            }
          ],
          "tm": [
            [
              [0.935187,0.0,0.354153],
              [0.0,1.0,0.0],
              [-0.354153,0.0,0.935187],
              [-2043.3,479.5,763.5]
            ]
          ]
        },
        {
          "name": [
            "wave_tier_01"
          ],
          "props": [
            {
              "squad_members": [
                "wave01",
                "wave02",
                "wave03"
              ]
            }
          ],
          "tm": [
            [
              [0.935187,0.0,0.354153],
              [0.0,1.0,0.0],
              [-0.354153,0.0,0.935187],
              [-2053.9,-477.2,1857.25]
            ]
          ]
        },
        {
          "name": [
            "wave_tier_02"
          ],
          "props": [
            {
              "squad_members": [
                "wave04",
                "wave05",
                "wave06"
              ]
            }
          ],
          "tm": [
            [
              [0.935187,0.0,0.354153],
              [0.0,1.0,0.0],
              [-0.354153,0.0,0.935187],
              [-2054.73,-477.2,1717.53]
            ]
          ]
        },
        {
          "name": [
            "wave_tier_03"
          ],
          "props": [
            {
              "squad_members": [
                "wave07",
                "wave08",
                "wave09"
              ]
            }
          ],
          "tm": [
            [
              [0.935187,0.0,0.354153],
              [0.0,1.0,0.0],
              [-0.354153,0.0,0.935187],
              [-2026.29,-477.2,1568.82]
            ]
          ]
        },
        {
          "name": [
            "wave_tier_04"
          ],
          "props": [
            {
              "squad_members": [
                "wave10",
                "wave11",
                "wave12"
              ]
            }
          ],
          "tm": [
            [
              [0.935187,0.0,0.354153],
              [0.0,1.0,0.0],
              [-0.354153,0.0,0.935187],
              [-1985.26,-477.2,1410.35]
            ]
          ]
        }
      ]
    }
  ],
  "variables": [
    []
  ],
  "wayPoints": [
    []
  ]
}