{
  "__viewPoints": {
    "viewpt_01": {
      "ht": 1.5,
      "pos": [2297.84,-29790.3,2804.25]
    }
  },
  "airfields": [],
  "areas": {
    "200m": {
      "objLayer": 0,
      "props": [],
      "tm": [
        [95.9931,0.0,175.458],
        [0.0,61.05,0.0],
        [-87.7289,0.0,47.9964],
        [2181.4,652.2,3691.6]
      ],
      "type": "Box"
    },
    "area_10": {
      "objLayer": 4,
      "props": [],
      "tm": [
        [1400.0,0.0,0.0],
        [0.0,1400.0,0.0],
        [0.0,0.0,1400.0],
        [2430.4,690.95,3221.05]
      ],
      "type": "Sphere"
    },
    "area_11": {
      "objLayer": 4,
      "props": [],
      "tm": [
        [8000.0,0.0,0.0],
        [0.0,8000.0,0.0],
        [0.0,0.0,8000.0],
        [2409.45,1626.29,3227.33]
      ],
      "type": "Sphere"
    },
    "battlearea": {
      "objLayer": 4,
      "props": [],
      "tm": [
        [-1800.0,0.0,0.0],
        [0.0,385.169,0.0],
        [0.0,0.0,-1800.0],
        [2429.96,634.305,3222.44]
      ],
      "type": "Box"
    },
    "briefing_ally_base": {
      "objLayer": 0,
      "props": [],
      "tm": [
        [1.0,0.0,0.0],
        [0.0,1.0,0.0],
        [0.0,0.0,1.0],
        [2425.65,631.54,3210.7]
      ],
      "type": "Point"
    },
    "briefing_enemy_01": {
      "objLayer": 0,
      "props": [],
      "tm": [
        [1.0,0.0,0.0],
        [0.0,1.0,0.0],
        [0.0,0.0,1.0],
        [3151.81,680.4,2835.24]
      ],
      "type": "Point"
    },
    "briefing_enemy_02": {
      "objLayer": 0,
      "props": [],
      "tm": [
        [1.0,0.0,0.0],
        [0.0,1.0,0.0],
        [0.0,0.0,1.0],
        [3148.29,738.802,3583.84]
      ],
      "type": "Point"
    },
    "briefing_enemy_03": {
      "objLayer": 0,
      "props": [],
      "tm": [
        [1.0,0.0,0.0],
        [0.0,1.0,0.0],
        [0.0,0.0,1.0],
        [1660.61,635.294,3632.72]
      ],
      "type": "Point"
    },
    "briefing_enemy_04": {
      "objLayer": 0,
      "props": [],
      "tm": [
        [0.266765,0.0,-0.963762],
        [0.0,1.0,0.0],
        [0.963762,0.0,0.266765],
        [1939.21,655.076,3960.01]
      ],
      "type": "Point"
    },
    "briefing_enemy_05": {
      "objLayer": 0,
      "props": [],
      "tm": [
        [1.0,0.0,0.0],
        [0.0,1.0,0.0],
        [0.0,0.0,1.0],
        [1704.21,630.888,2815.08]
      ],
      "type": "Point"
    },
    "briefing_enemy_06": {
      "objLayer": 0,
      "props": [],
      "tm": [
        [1.0,0.0,0.0],
        [0.0,1.0,0.0],
        [0.0,0.0,1.0],
        [2062.79,635.294,2444.93]
      ],
      "type": "Point"
    },
    "briefing_enemy_07": {
      "objLayer": 0,
      "props": [],
      "tm": [
        [1.0,0.0,0.0],
        [0.0,1.0,0.0],
        [0.0,0.0,1.0],
        [2871.73,675.1,2556.15]
      ],
      "type": "Point"
    },
    "direction_respawn01": {
      "objLayer": 0,
      "props": [],
      "tm": [
        [20.7737,0.0,-97.8186],
        [0.0,100.0,0.0],
        [97.8186,0.0,20.7737],
        [2070.46,649.117,3883.92]
      ],
      "type": "Sphere"
    },
    "direction_respawn02": {
      "objLayer": 0,
      "props": [],
      "tm": [
        [-81.2704,0.0,-58.2677],
        [0.0,100.0,0.0],
        [58.2677,0.0,-81.2704],
        [3160.11,733.14,3574.62]
      ],
      "type": "Sphere"
    },
    "direction_respawn03": {
      "objLayer": 0,
      "props": [],
      "tm": [
        [-53.454,0.0,84.5143],
        [0.0,100.0,0.0],
        [-84.5143,0.0,-53.454],
        [3017.7,678.75,2821.97]
      ],
      "type": "Sphere"
    },
    "direction_respawn04": {
      "objLayer": 0,
      "props": [],
      "tm": [
        [-20.4909,0.0,97.8781],
        [0.0,100.0,0.0],
        [-97.8781,0.0,-20.4909],
        [2844.63,671.75,2680.92]
      ],
      "type": "Sphere"
    },
    "direction_respawn05": {
      "objLayer": 0,
      "props": [],
      "tm": [
        [0.520508,0.0,99.9987],
        [0.0,100.0,0.0],
        [-99.9987,0.0,0.520508],
        [2172.38,631.264,2553.28]
      ],
      "type": "Sphere"
    },
    "direction_respawn06": {
      "objLayer": 0,
      "props": [],
      "tm": [
        [83.2742,0.0,55.3661],
        [0.0,100.0,0.0],
        [-55.3661,0.0,83.2742],
        [1692.91,630.875,2952.21]
      ],
      "type": "Sphere"
    },
    "direction_respawn07": {
      "objLayer": 0,
      "props": [],
      "tm": [
        [85.3488,0.0,-52.1114],
        [0.0,100.0,0.0],
        [52.1114,0.0,85.3488],
        [1736.67,632.463,3587.98]
      ],
      "type": "Sphere"
    },
    "draw_safezone_01": {
      "objLayer": 0,
      "props": [],
      "tm": [
        [1.0,0.0,0.0],
        [0.0,1.0,0.0],
        [0.0,0.0,1.0],
        [2653.64,633.394,3006.61]
      ],
      "type": "Point"
    },
    "draw_safezone_02": {
      "objLayer": 0,
      "props": [],
      "tm": [
        [1.0,0.0,0.0],
        [0.0,1.0,0.0],
        [0.0,0.0,1.0],
        [2653.64,633.394,3406.61]
      ],
      "type": "Point"
    },
    "draw_safezone_03": {
      "objLayer": 0,
      "props": [],
      "tm": [
        [0.997896,0.0,0.0648374],
        [0.0,1.0,0.0],
        [-0.0648374,0.0,0.997896],
        [2253.55,648.7,3406.96]
      ],
      "type": "Point"
    },
    "draw_safezone_04": {
      "objLayer": 0,
      "props": [],
      "tm": [
        [1.0,0.0,0.0],
        [0.0,1.0,0.0],
        [0.0,0.0,1.0],
        [2253.64,633.394,3006.61]
      ],
      "type": "Point"
    },
    "enemy_airspawn": {
      "objLayer": 4,
      "props": [],
      "tm": [
        [600.0,0.0,0.0],
        [0.0,600.0,0.0],
        [0.0,0.0,600.0],
        [-1588.86,1626.29,3227.22]
      ],
      "type": "Sphere"
    },
    "enemy_safepoint": {
      "objLayer": 4,
      "props": [],
      "tm": [
        [1.0,0.0,0.0],
        [0.0,1.0,0.0],
        [0.0,0.0,1.0],
        [-14558.7,2126.29,4204.82]
      ],
      "type": "Point"
    },
    "noobject_box09": {
      "objLayer": 0,
      "props": [],
      "tm": [
        [100.0,0.0,0.0],
        [0.0,61.05,0.0],
        [0.0,0.0,100.0],
        [1903.72,627.132,3067.69]
      ],
      "type": "Box"
    },
    "noobject_box12": {
      "objLayer": 0,
      "props": [],
      "tm": [
        [100.0,0.0,0.0],
        [0.0,61.05,0.0],
        [0.0,0.0,100.0],
        [1898.93,631.563,3227.89]
      ],
      "type": "Box"
    },
    "noobject_box16": {
      "objLayer": 0,
      "props": [],
      "tm": [
        [100.0,0.0,0.0],
        [0.0,61.05,0.0],
        [0.0,0.0,100.0],
        [2258.59,628.604,2478.54]
      ],
      "type": "Box"
    },
    "noobject_box28": {
      "objLayer": 0,
      "props": [],
      "tm": [
        [100.0,0.0,0.0],
        [0.0,61.05,0.0],
        [0.0,0.0,100.0],
        [2159.02,622.907,3365.97]
      ],
      "type": "Box"
    },
    "noobject_box36": {
      "objLayer": 0,
      "props": [],
      "tm": [
        [100.0,0.0,0.0],
        [0.0,61.05,0.0],
        [0.0,0.0,100.0],
        [2083.78,627.132,3040.26]
      ],
      "type": "Box"
    },
    "noobject_box39": {
      "objLayer": 0,
      "props": [],
      "tm": [
        [100.0,0.0,0.0],
        [0.0,61.05,0.0],
        [0.0,0.0,100.0],
        [2173.42,627.132,3070.45]
      ],
      "type": "Box"
    },
    "noobject_box41": {
      "objLayer": 0,
      "props": [],
      "tm": [
        [100.0,0.0,0.0],
        [0.0,61.05,0.0],
        [0.0,0.0,100.0],
        [2190.68,627.132,2894.39]
      ],
      "type": "Box"
    },
    "noobject_box42": {
      "objLayer": 0,
      "props": [],
      "tm": [
        [100.0,0.0,0.0],
        [0.0,61.05,0.0],
        [0.0,0.0,100.0],
        [2921.2,664.096,3045.55]
      ],
      "type": "Box"
    },
    "noobject_box45": {
      "objLayer": 0,
      "props": [],
      "tm": [
        [100.0,0.0,0.0],
        [0.0,61.05,0.0],
        [0.0,0.0,100.0],
        [2312.62,627.132,3103.23]
      ],
      "type": "Box"
    },
    "noobject_box47": {
      "objLayer": 0,
      "props": [],
      "tm": [
        [100.0,0.0,0.0],
        [0.0,61.05,0.0],
        [0.0,0.0,100.0],
        [2996.5,664.096,3050.22]
      ],
      "type": "Box"
    },
    "noobject_box48": {
      "objLayer": 0,
      "props": [],
      "tm": [
        [100.0,0.0,0.0],
        [0.0,61.05,0.0],
        [0.0,0.0,100.0],
        [2233.45,627.132,3219.98]
      ],
      "type": "Box"
    },
    "noobject_box52": {
      "objLayer": 0,
      "props": [],
      "tm": [
        [100.0,0.0,0.0],
        [0.0,61.05,0.0],
        [0.0,0.0,100.0],
        [2999.02,664.096,2978.92]
      ],
      "type": "Box"
    },
    "noobject_box53": {
      "objLayer": 0,
      "props": [],
      "tm": [
        [100.0,0.0,0.0],
        [0.0,61.05,0.0],
        [0.0,0.0,100.0],
        [2019.04,628.604,3429.7]
      ],
      "type": "Box"
    },
    "noobject_box54": {
      "objLayer": 0,
      "props": [],
      "tm": [
        [83.317,0.0,55.3017],
        [0.0,61.05,0.0],
        [-55.3017,0.0,83.317],
        [2015.93,630.822,3282.46]
      ],
      "type": "Box"
    },
    "noobject_box58": {
      "objLayer": 0,
      "props": [],
      "tm": [
        [83.317,0.0,55.3017],
        [0.0,61.05,0.0],
        [-55.3017,0.0,83.317],
        [1840.56,629.475,3348.58]
      ],
      "type": "Box"
    },
    "noobject_box59": {
      "objLayer": 0,
      "props": [],
      "tm": [
        [84.2873,0.0,53.8113],
        [0.0,61.05,0.0],
        [-53.8113,0.0,84.2873],
        [2686.63,652.209,2874.33]
      ],
      "type": "Box"
    },
    "noobject_box61": {
      "objLayer": 0,
      "props": [],
      "tm": [
        [100.0,0.0,0.0],
        [0.0,61.05,0.0],
        [0.0,0.0,100.0],
        [3071.84,664.096,2869.16]
      ],
      "type": "Box"
    },
    "noobject_box64": {
      "objLayer": 0,
      "props": [],
      "tm": [
        [100.0,0.0,0.0],
        [0.0,61.05,0.0],
        [0.0,0.0,100.0],
        [2976.62,664.096,2774.28]
      ],
      "type": "Box"
    },
    "noobject_box66": {
      "objLayer": 0,
      "props": [],
      "tm": [
        [84.4256,0.0,53.5941],
        [0.0,61.05,0.0],
        [-53.5941,0.0,84.4256],
        [3029.1,708.606,3599.72]
      ],
      "type": "Box"
    },
    "noobject_box67": {
      "objLayer": 0,
      "props": [],
      "tm": [
        [100.0,0.0,0.0],
        [0.0,61.05,0.0],
        [0.0,0.0,100.0],
        [2845.7,664.096,2694.69]
      ],
      "type": "Box"
    },
    "noobject_box70": {
      "objLayer": 0,
      "props": [],
      "tm": [
        [100.0,0.0,0.0],
        [0.0,61.05,0.0],
        [0.0,0.0,100.0],
        [2921.07,664.096,2676.54]
      ],
      "type": "Box"
    },
    "noobject_box73": {
      "objLayer": 0,
      "props": [],
      "tm": [
        [100.0,0.0,0.0],
        [0.0,61.05,0.0],
        [0.0,0.0,100.0],
        [2970.52,664.096,2618.04]
      ],
      "type": "Box"
    },
    "noobject_box75": {
      "objLayer": 0,
      "props": [],
      "tm": [
        [84.4256,0.0,53.5941],
        [0.0,61.05,0.0],
        [-53.5941,0.0,84.4256],
        [2965.26,700.412,3532.46]
      ],
      "type": "Box"
    },
    "noobject_box77": {
      "objLayer": 0,
      "props": [],
      "tm": [
        [84.2873,0.0,53.8113],
        [0.0,61.05,0.0],
        [-53.8113,0.0,84.2873],
        [2740.63,652.209,2939.82]
      ],
      "type": "Box"
    },
    "noobject_box78": {
      "objLayer": 0,
      "props": [],
      "tm": [
        [84.4256,0.0,53.5941],
        [0.0,61.05,0.0],
        [-53.5941,0.0,84.4256],
        [2886.46,695.954,3479.97]
      ],
      "type": "Box"
    },
    "noobject_box81": {
      "objLayer": 0,
      "props": [],
      "tm": [
        [95.8477,0.0,28.5171],
        [0.0,61.05,0.0],
        [-28.5171,0.0,95.8477],
        [2685.97,647.941,3385.13]
      ],
      "type": "Box"
    },
    "noobject_box84": {
      "objLayer": 0,
      "props": [],
      "tm": [
        [99.6721,0.0,8.09201],
        [0.0,61.05,0.0],
        [-8.09201,0.0,99.6721],
        [2588.19,639.164,3364.39]
      ],
      "type": "Box"
    },
    "noobject_box86": {
      "objLayer": 0,
      "props": [],
      "tm": [
        [84.2873,0.0,53.8113],
        [0.0,61.05,0.0],
        [-53.8113,0.0,84.2873],
        [2797.66,652.209,2867.27]
      ],
      "type": "Box"
    },
    "noobject_box89": {
      "objLayer": 0,
      "props": [],
      "tm": [
        [84.2873,0.0,53.8113],
        [0.0,61.05,0.0],
        [-53.8113,0.0,84.2873],
        [2860.85,652.209,2922.28]
      ],
      "type": "Box"
    },
    "noobject_box92": {
      "objLayer": 0,
      "props": [],
      "tm": [
        [84.2873,0.0,53.8113],
        [0.0,61.05,0.0],
        [-53.8113,0.0,84.2873],
        [2782.96,652.209,2974.92]
      ],
      "type": "Box"
    },
    "noobject_box95": {
      "objLayer": 0,
      "props": [],
      "tm": [
        [84.2873,0.0,53.8113],
        [0.0,61.05,0.0],
        [-53.8113,0.0,84.2873],
        [3045.51,652.209,2940.29]
      ],
      "type": "Box"
    },
    "safe_zone": {
      "objLayer": 4,
      "props": [],
      "tm": [
        [-400.0,0.0,0.0],
        [0.0,36.9,0.0],
        [0.0,0.0,-400.0],
        [2453.64,628.301,3206.84]
      ],
      "type": "Box"
    },
    "spaa_spawn_01": {
      "objLayer": 0,
      "props": [],
      "tm": [
        [20.7737,0.0,-97.8186],
        [0.0,100.0,0.0],
        [97.8186,0.0,20.7737],
        [2117.6,676.537,4494.15]
      ],
      "type": "Sphere"
    },
    "spaa_spawn_02": {
      "objLayer": 0,
      "props": [],
      "tm": [
        [-44.5692,0.0,-89.5188],
        [0.0,100.0,0.0],
        [89.5188,0.0,-44.5692],
        [3314.45,741.791,4140.6]
      ],
      "type": "Sphere"
    },
    "spaa_spawn_03": {
      "objLayer": 0,
      "props": [],
      "tm": [
        [47.6236,0.0,-87.9319],
        [0.0,100.0,0.0],
        [87.9319,0.0,47.6236],
        [965.15,636.474,4197.9]
      ],
      "type": "Sphere"
    }
  },
  "bin_dump_file": "",
  "dialogs": [],
  "effects": [],
  "imports": [],
  "mission_objectives": {
    "isCategory": true,
    "is_enabled": true
  },
  "mission_settings": {
    "mission": {
      "allowEmptyTeams": true,
      "country_allies": "ussr",
      "country_axis": "germany",
      "ctaCaptureZoneEqualPenaltyMul": 0.0,
      "deathPenaltyMul": 0.0,
      "environment": "Day",
      "gt_mp_capture": true,
      "gt_mp_tickets": true,
      "gt_reload_explosives": false,
      "level": "levels/avg_mozdok.bin",
      "nameKillStreaks": "killStreaks_survival_event_aircraftOrHelicopter",
      "optionalTakeOff": false,
      "remapAiTankModels": false,
      "restoreType": "attempts",
      "timeLimit": 60,
      "type": "domination",
      "useAlternativeMapCoord": false,
      "weather": "hazy"
    },
    "player": [
      {
        "army": 1
      },
      {
        "wing": "player_tank01"
      },
      {
        "wing": "player_tank02"
      },
      {
        "wing": "player_tank03"
      },
      {
        "wing": "player_tank04"
      },
      {
        "wing": "player_tank05"
      },
      {
        "wing": "player_tank06"
      },
      {
        "wing": "player_tank07"
      },
      {
        "wing": "player_tank08"
      },
      {
        "wing": "player_tank09"
      }
    ],
    "player_teamB": {
      "army": 2
    },
    "spectator_points": []
  },
  "objLayers": [
    {
      "layer": {
        "enabled": true
      }
    },
    {
      "layer": {
        "enabled": true
      }
    },
    {
      "layer": {
        "enabled": true
      }
    },
    {
      "layer": {
        "enabled": true
      }
    },
    {
      "layer": {
        "enabled": true
      }
    }
  ],
  "selected_tag": "",
  "triggers": {
    "isCategory": true,
    "is_enabled": true
  },
  "units": [
    {
      "objectGroups": {
        "name": "noobject_box10",
        "objLayer": 2,
        "props": {
          "active": true,
          "army": 2
        },
        "tm": [
          [1.0,0.0,0.0],
          [0.0,1.0,0.0],
          [0.0,0.0,1.0],
          [1903.72,625.532,3067.69]
        ],
        "unit_class": "noTreeObjectGroup100"
      }
    },
    {
      "objectGroups": {
        "name": "noobject_box13",
        "objLayer": 2,
        "props": {
          "active": true,
          "army": 2
        },
        "tm": [
          [1.0,0.0,0.0],
          [0.0,1.0,0.0],
          [0.0,0.0,1.0],
          [1898.93,629.964,3227.89]
        ],
        "unit_class": "noTreeObjectGroup100"
      }
    },
    {
      "objectGroups": {
        "name": "noobject_box19",
        "objLayer": 2,
        "props": {
          "active": true,
          "army": 2
        },
        "tm": [
          [1.0,0.0,0.0],
          [0.0,1.0,0.0],
          [0.0,0.0,1.0],
          [2258.59,628.604,2478.54]
        ],
        "unit_class": "noTreeObjectGroup100"
      }
    },
    {
      "objectGroups": {
        "name": "noobject_box33",
        "objLayer": 2,
        "props": {
          "active": true,
          "army": 2
        },
        "tm": [
          [1.0,0.0,0.0],
          [0.0,1.0,0.0],
          [0.0,0.0,1.0],
          [2159.02,621.308,3365.97]
        ],
        "unit_class": "noTreeObjectGroup100"
      }
    },
    {
      "objectGroups": {
        "name": "noobject_box37",
        "objLayer": 2,
        "props": {
          "active": true,
          "army": 2
        },
        "tm": [
          [1.0,0.0,0.0],
          [0.0,1.0,0.0],
          [0.0,0.0,1.0],
          [2083.78,625.532,3040.26]
        ],
        "unit_class": "noTreeObjectGroup100"
      }
    },
    {
      "objectGroups": {
        "name": "noobject_box40",
        "objLayer": 2,
        "props": {
          "active": true,
          "army": 2
        },
        "tm": [
          [1.0,0.0,0.0],
          [0.0,1.0,0.0],
          [0.0,0.0,1.0],
          [2173.42,625.532,3070.45]
        ],
        "unit_class": "noTreeObjectGroup100"
      }
    },
    {
      "objectGroups": {
        "name": "noobject_box43",
        "objLayer": 2,
        "props": {
          "active": true,
          "army": 2
        },
        "tm": [
          [1.0,0.0,0.0],
          [0.0,1.0,0.0],
          [0.0,0.0,1.0],
          [2921.2,662.496,3045.55]
        ],
        "unit_class": "noTreeObjectGroup100"
      }
    },
    {
      "objectGroups": {
        "name": "noobject_box46",
        "objLayer": 2,
        "props": {
          "active": true,
          "army": 2
        },
        "tm": [
          [1.0,0.0,0.0],
          [0.0,1.0,0.0],
          [0.0,0.0,1.0],
          [2312.62,625.532,3103.23]
        ],
        "unit_class": "noTreeObjectGroup100"
      }
    },
    {
      "objectGroups": {
        "name": "noobject_box49",
        "objLayer": 2,
        "props": {
          "active": true,
          "army": 2
        },
        "tm": [
          [1.0,0.0,0.0],
          [0.0,1.0,0.0],
          [0.0,0.0,1.0],
          [2233.45,625.532,3219.98]
        ],
        "unit_class": "noTreeObjectGroup100"
      }
    },
    {
      "objectGroups": {
        "name": "noobject_box56",
        "objLayer": 2,
        "props": {
          "active": true,
          "army": 2
        },
        "tm": [
          [1.0,0.0,0.0],
          [0.0,1.0,0.0],
          [0.0,0.0,1.0],
          [2019.04,628.604,3429.7]
        ],
        "unit_class": "noTreeObjectGroup100"
      }
    },
    {
      "objectGroups": {
        "name": "noobject_box55",
        "objLayer": 2,
        "props": {
          "active": true,
          "army": 2
        },
        "tm": [
          [0.83317,0.0,0.553017],
          [0.0,1.0,0.0],
          [-0.553017,0.0,0.83317],
          [2015.93,630.822,3282.46]
        ],
        "unit_class": "noTreeObjectGroup100"
      }
    },
    {
      "objectGroups": {
        "name": "noobject_box60",
        "objLayer": 2,
        "props": {
          "active": true,
          "army": 2
        },
        "tm": [
          [0.83317,0.0,0.553017],
          [0.0,1.0,0.0],
          [-0.553017,0.0,0.83317],
          [1840.56,629.475,3348.58]
        ],
        "unit_class": "noTreeObjectGroup100"
      }
    },
    {
      "objectGroups": {
        "name": "noobject_box50",
        "objLayer": 2,
        "props": {
          "active": true,
          "army": 2
        },
        "tm": [
          [1.0,0.0,0.0],
          [0.0,1.0,0.0],
          [0.0,0.0,1.0],
          [2996.5,662.496,3050.22]
        ],
        "unit_class": "noTreeObjectGroup100"
      }
    },
    {
      "objectGroups": {
        "name": "noobject_box57",
        "objLayer": 2,
        "props": {
          "active": true,
          "army": 2
        },
        "tm": [
          [1.0,0.0,0.0],
          [0.0,1.0,0.0],
          [0.0,0.0,1.0],
          [2999.02,662.496,2978.92]
        ],
        "unit_class": "noTreeObjectGroup100"
      }
    },
    {
      "objectGroups": {
        "name": "noobject_box62",
        "objLayer": 2,
        "props": {
          "active": true,
          "army": 2
        },
        "tm": [
          [1.0,0.0,0.0],
          [0.0,1.0,0.0],
          [0.0,0.0,1.0],
          [3071.84,662.496,2869.16]
        ],
        "unit_class": "noTreeObjectGroup100"
      }
    },
    {
      "objectGroups": {
        "name": "noobject_box65",
        "objLayer": 2,
        "props": {
          "active": true,
          "army": 2
        },
        "tm": [
          [1.0,0.0,0.0],
          [0.0,1.0,0.0],
          [0.0,0.0,1.0],
          [2976.62,662.496,2774.28]
        ],
        "unit_class": "noTreeObjectGroup100"
      }
    },
    {
      "objectGroups": {
        "name": "noobject_box68",
        "objLayer": 2,
        "props": {
          "active": true,
          "army": 2
        },
        "tm": [
          [1.0,0.0,0.0],
          [0.0,1.0,0.0],
          [0.0,0.0,1.0],
          [2845.7,662.496,2694.69]
        ],
        "unit_class": "noTreeObjectGroup100"
      }
    },
    {
      "objectGroups": {
        "name": "noobject_box71",
        "objLayer": 2,
        "props": {
          "active": true,
          "army": 2
        },
        "tm": [
          [1.0,0.0,0.0],
          [0.0,1.0,0.0],
          [0.0,0.0,1.0],
          [2921.07,662.496,2676.54]
        ],
        "unit_class": "noTreeObjectGroup100"
      }
    },
    {
      "objectGroups": {
        "name": "noobject_box74",
        "objLayer": 2,
        "props": {
          "active": true,
          "army": 2
        },
        "tm": [
          [1.0,0.0,0.0],
          [0.0,1.0,0.0],
          [0.0,0.0,1.0],
          [2970.52,662.496,2618.04]
        ],
        "unit_class": "noTreeObjectGroup100"
      }
    },
    {
      "objectGroups": {
        "name": "noobject_box44",
        "objLayer": 2,
        "props": {
          "active": true,
          "army": 2
        },
        "tm": [
          [1.0,0.0,0.0],
          [0.0,1.0,0.0],
          [0.0,0.0,1.0],
          [2190.68,625.532,2894.39]
        ],
        "unit_class": "noTreeObjectGroup100"
      }
    },
    {
      "objectGroups": {
        "name": "noobject_box63",
        "objLayer": 2,
        "props": {
          "active": true,
          "army": 2
        },
        "tm": [
          [0.842873,0.0,0.538113],
          [0.0,1.0,0.0],
          [-0.538113,0.0,0.842873],
          [2686.63,650.609,2874.33]
        ],
        "unit_class": "noTreeObjectGroup100"
      }
    },
    {
      "objectGroups": {
        "name": "trench01",
        "objLayer": 2,
        "props": {
          "active": true,
          "army": 1
        },
        "tm": [
          [-0.996736,0.0,0.0807265],
          [0.0,1.0,0.0],
          [-0.0807265,0.0,-0.996736],
          [2523.98,633.832,3272.22]
        ],
        "unit_class": "rendinst_fortification_sand_trench_onground_a"
      }
    },
    {
      "objectGroups": {
        "name": "trench02",
        "objLayer": 2,
        "props": {
          "active": true,
          "army": 1
        },
        "tm": [
          [0.765704,0.0,0.643193],
          [0.0,1.0,0.0],
          [-0.643193,0.0,0.765704],
          [2331.56,633.832,3160.24]
        ],
        "unit_class": "rendinst_fortification_sand_trench_onground_a"
      }
    },
    {
      "objectGroups": {
        "name": "trench03",
        "objLayer": 2,
        "props": {
          "active": true,
          "army": 1
        },
        "tm": [
          [0.759197,0.0,-0.650861],
          [0.0,1.0,0.0],
          [0.650861,0.0,0.759197],
          [2307.94,633.832,3261.28]
        ],
        "unit_class": "rendinst_fortification_sand_trench_onground_a"
      }
    },
    {
      "objectGroups": {
        "name": "trench04",
        "objLayer": 2,
        "props": {
          "active": true,
          "army": 1
        },
        "tm": [
          [0.0435022,0.0,0.999053],
          [0.0,1.0,0.0],
          [-0.999053,0.0,0.0435022],
          [2426.12,633.832,3128.42]
        ],
        "unit_class": "rendinst_fortification_sand_trench_onground_a"
      }
    },
    {
      "objectGroups": {
        "name": "trench05",
        "objLayer": 2,
        "props": {
          "active": true,
          "army": 1
        },
        "tm": [
          [-0.944362,0.0,0.328908],
          [0.0,1.0,0.0],
          [-0.328908,0.0,-0.944362],
          [2530.55,634.879,3181.38]
        ],
        "unit_class": "rendinst_fortification_sand_trench_onground_a"
      }
    },
    {
      "objectGroups": {
        "name": "noobject_box69",
        "objLayer": 2,
        "props": {
          "active": true,
          "army": 2
        },
        "tm": [
          [0.844256,0.0,0.535941],
          [0.0,1.0,0.0],
          [-0.535941,0.0,0.844256],
          [3029.1,707.006,3599.72]
        ],
        "unit_class": "noTreeObjectGroup100"
      }
    },
    {
      "objectGroups": {
        "name": "noobject_box76",
        "objLayer": 2,
        "props": {
          "active": true,
          "army": 2
        },
        "tm": [
          [0.844256,0.0,0.535941],
          [0.0,1.0,0.0],
          [-0.535941,0.0,0.844256],
          [2965.26,698.812,3532.46]
        ],
        "unit_class": "noTreeObjectGroup100"
      }
    },
    {
      "objectGroups": {
        "name": "noobject_box79",
        "objLayer": 2,
        "props": {
          "active": true,
          "army": 2
        },
        "tm": [
          [0.844256,0.0,0.535941],
          [0.0,1.0,0.0],
          [-0.535941,0.0,0.844256],
          [2886.46,694.354,3479.97]
        ],
        "unit_class": "noTreeObjectGroup100"
      }
    },
    {
      "objectGroups": {
        "name": "noobject_box82",
        "objLayer": 2,
        "props": {
          "active": true,
          "army": 2
        },
        "tm": [
          [0.958477,0.0,0.285171],
          [0.0,1.0,0.0],
          [-0.285171,0.0,0.958477],
          [2685.97,646.342,3385.13]
        ],
        "unit_class": "noTreeObjectGroup100"
      }
    },
    {
      "objectGroups": {
        "name": "noobject_box85",
        "objLayer": 2,
        "props": {
          "active": true,
          "army": 2
        },
        "tm": [
          [0.996721,0.0,0.0809201],
          [0.0,1.0,0.0],
          [-0.0809201,0.0,0.996721],
          [2588.19,637.564,3364.39]
        ],
        "unit_class": "noTreeObjectGroup100"
      }
    },
    {
      "objectGroups": {
        "name": "noobject_box80",
        "objLayer": 2,
        "props": {
          "active": true,
          "army": 2
        },
        "tm": [
          [0.842873,0.0,0.538113],
          [0.0,1.0,0.0],
          [-0.538113,0.0,0.842873],
          [2740.63,650.609,2939.82]
        ],
        "unit_class": "noTreeObjectGroup100"
      }
    },
    {
      "objectGroups": {
        "name": "noobject_box87",
        "objLayer": 2,
        "props": {
          "active": true,
          "army": 2
        },
        "tm": [
          [0.842873,0.0,0.538113],
          [0.0,1.0,0.0],
          [-0.538113,0.0,0.842873],
          [2797.66,650.609,2867.27]
        ],
        "unit_class": "noTreeObjectGroup100"
      }
    },
    {
      "objectGroups": {
        "name": "noobject_box90",
        "objLayer": 2,
        "props": {
          "active": true,
          "army": 2
        },
        "tm": [
          [0.842873,0.0,0.538113],
          [0.0,1.0,0.0],
          [-0.538113,0.0,0.842873],
          [2860.85,650.609,2922.28]
        ],
        "unit_class": "noTreeObjectGroup100"
      }
    },
    {
      "objectGroups": {
        "name": "noobject_box93",
        "objLayer": 2,
        "props": {
          "active": true,
          "army": 2
        },
        "tm": [
          [0.842873,0.0,0.538113],
          [0.0,1.0,0.0],
          [-0.538113,0.0,0.842873],
          [2782.96,650.609,2974.92]
        ],
        "unit_class": "noTreeObjectGroup100"
      }
    },
    {
      "objectGroups": {
        "name": "noobject_box96",
        "objLayer": 2,
        "props": {
          "active": true,
          "army": 2
        },
        "tm": [
          [0.842873,0.0,0.538113],
          [0.0,1.0,0.0],
          [-0.538113,0.0,0.842873],
          [3045.51,650.609,2940.29]
        ],
        "unit_class": "noTreeObjectGroup100"
      }
    },
    {
      "objectGroups": {
        "name": "rock_01",
        "objLayer": 2,
        "props": {
          "active": true,
          "army": 2
        },
        "tm": [
          [0.251763,-0.963525,-0.0907454],
          [0.479444,0.0427236,0.876532],
          [-0.840683,-0.264186,0.472713],
          [2535.85,633.5,3303.15]
        ],
        "unit_class": "det_tunisia_stone_big_e"
      }
    },
    {
      "objectGroups": {
        "name": "rock_02",
        "objLayer": 2,
        "props": {
          "active": true,
          "army": 2
        },
        "tm": [
          [0.975414,-0.188661,-0.113903],
          [0.173952,0.341785,0.923539],
          [-0.135305,-0.920647,0.3662],
          [2546.35,631.25,3221.35]
        ],
        "unit_class": "det_tunisia_stone_big_e"
      }
    },
    {
      "objectGroups": {
        "name": "rock_03",
        "objLayer": 2,
        "props": {
          "active": true,
          "army": 2
        },
        "tm": [
          [0.501572,-0.101179,-0.859179],
          [-0.726295,0.490329,-0.481739],
          [0.470022,0.865644,0.172449],
          [2510.85,632.4,3145.95]
        ],
        "unit_class": "det_tunisia_stone_big_e"
      }
    },
    {
      "objectGroups": {
        "name": "rock_04",
        "objLayer": 2,
        "props": {
          "active": true,
          "army": 2
        },
        "tm": [
          [0.367899,-0.733102,-0.572024],
          [-0.92956,-0.274189,-0.246452],
          [0.0238315,0.6224,-0.782336],
          [2457.75,631.6,3121.6]
        ],
        "unit_class": "det_tunisia_stone_big_e"
      }
    },
    {
      "objectGroups": {
        "name": "rock_05",
        "objLayer": 2,
        "props": {
          "active": true,
          "army": 2
        },
        "tm": [
          [-0.792902,0.209987,-0.572024],
          [0.410323,0.878007,-0.246452],
          [0.45049,-0.430127,-0.782336],
          [2449.2,628.45,3117.25]
        ],
        "unit_class": "det_tunisia_stone_big_e"
      }
    },
    {
      "objectGroups": {
        "name": "rock_06",
        "objLayer": 2,
        "props": {
          "active": true,
          "army": 2
        },
        "tm": [
          [-0.792902,0.209987,-0.572024],
          [0.410323,0.878007,-0.246452],
          [0.45049,-0.430127,-0.782336],
          [2374.0,622.75,3135.95]
        ],
        "unit_class": "det_tunisia_stone_big_e"
      }
    },
    {
      "objectGroups": {
        "name": "rock_07",
        "objLayer": 2,
        "props": {
          "active": true,
          "army": 2
        },
        "tm": [
          [0.619335,-0.537785,-0.572024],
          [-0.755126,-0.607492,-0.246452],
          [-0.214962,0.584586,-0.782336],
          [2363.4,627.7,3139.7]
        ],
        "unit_class": "det_tunisia_stone_big_e"
      }
    },
    {
      "objectGroups": {
        "name": "rock_08",
        "objLayer": 2,
        "props": {
          "active": true,
          "army": 2
        },
        "tm": [
          [0.524081,0.142612,-0.839643],
          [0.817101,-0.36222,0.448489],
          [-0.240176,-0.921118,-0.306361],
          [2500.3,627.7,3138.55]
        ],
        "unit_class": "det_tunisia_stone_big_e"
      }
    },
    {
      "objectGroups": {
        "name": "rock_09",
        "objLayer": 2,
        "props": {
          "active": true,
          "army": 2
        },
        "tm": [
          [-0.18394,-0.761543,-0.621465],
          [0.723196,0.323344,-0.610276],
          [0.665698,-0.561695,0.491269],
          [2540.75,628.5,3239.85]
        ],
        "unit_class": "det_tunisia_stone_big_e"
      }
    },
    {
      "objectGroups": {
        "name": "rock_10",
        "objLayer": 2,
        "props": {
          "active": true,
          "army": 2
        },
        "tm": [
          [-0.887935,-0.342827,0.306661],
          [0.0985233,-0.79298,-0.601228],
          [0.449293,-0.503638,0.737892],
          [2543.22,630.791,3316.85]
        ],
        "unit_class": "det_tunisia_stone_big_e"
      }
    },
    {
      "objectGroups": {
        "name": "rock_11",
        "objLayer": 2,
        "props": {
          "active": true,
          "army": 2
        },
        "tm": [
          [0.619335,-0.537785,-0.572024],
          [-0.755126,-0.607492,-0.246452],
          [-0.214962,0.584586,-0.782336],
          [2267.8,628.891,3243.17]
        ],
        "unit_class": "det_tunisia_stone_big_e"
      }
    },
    {
      "objectGroups": {
        "name": "rock_12",
        "objLayer": 2,
        "props": {
          "active": true,
          "army": 2
        },
        "tm": [
          [0.324641,-0.753257,-0.572024],
          [-0.943933,-0.219664,-0.246452],
          [0.059988,0.61996,-0.782336],
          [2383.95,644.75,3564.75]
        ],
        "unit_class": "det_tunisia_stone_big_e"
      }
    },
    {
      "objectGroups": {
        "name": "rock_15",
        "objLayer": 2,
        "props": {
          "active": true,
          "army": 2
        },
        "tm": [
          [0.710456,-0.659742,0.244934],
          [0.691625,0.590261,-0.416229],
          [0.130029,0.465115,0.875649],
          [2281.32,628.919,3209.11]
        ],
        "unit_class": "det_tunisia_stone_big_e"
      }
    },
    {
      "objectGroups": {
        "name": "rock_16",
        "objLayer": 2,
        "props": {
          "active": true,
          "army": 2
        },
        "tm": [
          [-0.450116,-0.833027,-0.321654],
          [0.707882,-0.55244,0.440129],
          [-0.544334,-0.0295842,0.838347],
          [2347.34,628.919,3321.77]
        ],
        "unit_class": "det_tunisia_stone_big_e"
      }
    },
    {
      "objectGroups": {
        "name": "rock_17",
        "objLayer": 2,
        "props": {
          "active": true,
          "army": 2
        },
        "tm": [
          [0.65468,0.323115,-0.683367],
          [-0.644001,-0.234946,-0.728054],
          [-0.3958,0.916732,0.0542718],
          [2355.97,630.779,3336.14]
        ],
        "unit_class": "det_tunisia_stone_big_e"
      }
    },
    {
      "objectGroups": {
        "name": "rock_18",
        "objLayer": 2,
        "props": {
          "active": true,
          "army": 2
        },
        "tm": [
          [0.104967,0.531346,-0.840627],
          [0.993763,-0.0880307,0.0684471],
          [-0.0376312,-0.842568,-0.537272],
          [2368.25,633.15,3340.6]
        ],
        "unit_class": "det_tunisia_stone_big_e"
      }
    },
    {
      "objectGroups": {
        "name": "rock_19",
        "objLayer": 2,
        "props": {
          "active": true,
          "army": 2
        },
        "tm": [
          [0.841019,0.539356,0.0422054],
          [-0.0598955,0.0152931,0.998088],
          [0.537679,-0.841939,0.0451668],
          [2366.06,630.034,3374.52]
        ],
        "unit_class": "det_tunisia_stone_big_e"
      }
    },
    {
      "objectGroups": {
        "name": "rock_20",
        "objLayer": 2,
        "props": {
          "active": true,
          "army": 2
        },
        "tm": [
          [-0.383184,0.539356,-0.749843],
          [0.894778,0.0152931,-0.446248],
          [-0.229219,-0.841939,-0.488464],
          [2398.95,627.65,3255.75]
        ],
        "unit_class": "det_tunisia_stone_big_e"
      }
    },
    {
      "objectGroups": {
        "name": "rock_21",
        "objLayer": 2,
        "props": {
          "active": true,
          "army": 2
        },
        "tm": [
          [-0.724279,-0.660578,-0.197628],
          [-0.644289,0.546297,0.535212],
          [-0.245586,0.514972,-0.821274],
          [2388.45,626.6,3259.6]
        ],
        "unit_class": "det_tunisia_stone_big_e"
      }
    },
    {
      "objectGroups": {
        "name": "helipad",
        "objLayer": 2,
        "props": {
          "active": true,
          "army": 1
        },
        "tm": [
          [0.0852075,0.0,-0.996363],
          [0.0,1.0,0.0],
          [0.996363,0.0,0.0852075],
          [2620.45,630.871,750.9]
        ],
        "unit_class": "dynHelipad_beton_a_usa"
      }
    },
    {
      "area_squad": {
        "name": "spaa_spawn_squad",
        "props": [
          {
            "squad_members": "spaa_spawn_01"
          },
          {
            "squad_members": "spaa_spawn_02"
          },
          {
            "squad_members": "spaa_spawn_03"
          }
        ],
        "tm": [
          [1.0,0.0,0.0],
          [0.0,1.0,0.0],
          [0.0,0.0,1.0],
          [598.7,302.55,531.25]
        ]
      }
    }
  ],
  "variables": [],
  "wayPoints": {
    "direction01": {
      "closed_waypoints": false,
      "isShipSpline": false,
      "shipTurnRadius": 100.0,
      "way": {
        "way_points_01_wp_01": {
          "props": {
            "canUsePathFinder": false,
            "moveType": "MOVETO_STRAIGHT",
            "shouldKeepFormation": false,
            "speed": 25.0,
            "tas": false
          },
          "tm": [
            [1.0,0.0,0.0],
            [0.0,1.0,0.0],
            [0.0,0.0,1.0],
            [2094.41,644.747,3755.74]
          ],
          "type": "normal"
        },
        "way_points_01_wp_03": {
          "props": {
            "canUsePathFinder": false,
            "moveType": "MOVETO_STRAIGHT",
            "shouldKeepFormation": false,
            "speed": 25.0,
            "tas": false
          },
          "tm": [
            [1.0,0.0,0.0],
            [0.0,1.0,0.0],
            [0.0,0.0,1.0],
            [2091.2,645.15,3587.15]
          ],
          "type": "normal"
        },
        "way_points_01_wp_04": {
          "props": {
            "canUsePathFinder": false,
            "moveType": "MOVETO_STRAIGHT",
            "shouldKeepFormation": false,
            "speed": 25.0,
            "tas": false
          },
          "tm": [
            [1.0,0.0,0.0],
            [0.0,1.0,0.0],
            [0.0,0.0,1.0],
            [2119.35,645.0,3431.65]
          ],
          "type": "normal"
        },
        "way_points_01_wp_05": {
          "props": {
            "canUsePathFinder": false,
            "moveType": "MOVETO_STRAIGHT",
            "shouldKeepFormation": false,
            "speed": 25.0,
            "tas": false
          },
          "tm": [
            [1.0,0.0,0.0],
            [0.0,1.0,0.0],
            [0.0,0.0,1.0],
            [2175.1,643.7,3355.7]
          ],
          "type": "normal"
        },
        "way_points_01_wp_07": {
          "props": {
            "canUsePathFinder": false,
            "moveType": "MOVETO_STRAIGHT",
            "shouldKeepFormation": false,
            "speed": 25.0,
            "tas": false
          },
          "tm": [
            [1.0,0.0,0.0],
            [0.0,1.0,0.0],
            [0.0,0.0,1.0],
            [2294.0,644.2,3301.65]
          ],
