{
  "airfields": {},
  "areas": {
    "bt_border": {
      "objLayer": 3,
      "props": {},
      "tm": [
        [0.00260417,0.0,28672.0],
        [0.0,3200.0,0.0],
        [-28672.0,0.0,0.00260417],
        [-4096.0,-43.7285,0.0]
      ],
      "type": "Box"
    },
    "bt_t1_bombers_spawn_01": {
      "objLayer": 0,
      "props": {},
      "tm": [
        [0.320672,0.0,-0.94719],
        [0.0,1.0,0.0],
        [0.94719,0.0,0.320672],
        [-13366.0,3340.55,10000.0]
      ],
      "type": "Point"
    },
    "bt_t1_bombers_spawn_02": {
      "objLayer": 0,
      "props": {},
      "tm": [
        [-0.326448,0.0,-0.945215],
        [0.0,1.0,0.0],
        [0.945215,0.0,-0.326448],
        [-9096.0,3340.55,10000.0]
      ],
      "type": "Point"
    },
    "bt_t1_bombers_spawn_03": {
      "objLayer": 0,
      "props": {},
      "tm": [
        [-0.394418,0.0,-0.918931],
        [0.0,1.0,0.0],
        [0.918931,0.0,-0.394418],
        [904.0,3340.55,10000.0]
      ],
      "type": "Point"
    },
    "bt_t1_bombers_spawn_04": {
      "objLayer": 0,
      "props": {},
      "tm": [
        [-0.394418,0.0,-0.918931],
        [0.0,1.0,0.0],
        [0.918931,0.0,-0.394418],
        [4634.04,3340.55,10000.0]
      ],
      "type": "Point"
    },
    "bt_t1_retreat_point": {
      "objLayer": 0,
      "props": {},
      "tm": [
        [-0.16983,0.0,0.985473],
        [0.0,1.0,0.0],
        [-0.985473,0.0,-0.16983],
        [-4096.0,3340.55,14000.0]
      ],
      "type": "Point"
    },
    "bt_t2_bombers_spawn_01": {
      "objLayer": 0,
      "props": {},
      "tm": [
        [-0.240551,0.0,0.970636],
        [0.0,1.0,0.0],
        [-0.970636,0.0,-0.240551],
        [-13366.0,3340.55,-10000.0]
      ],
      "type": "Point"
    },
    "bt_t2_bombers_spawn_02": {
      "objLayer": 0,
      "props": {},
      "tm": [
        [0.0342156,0.0,0.999414],
        [0.0,1.0,0.0],
        [-0.999414,0.0,0.0342156],
        [-9096.0,3340.55,-10000.0]
      ],
      "type": "Point"
    },
    "bt_t2_bombers_spawn_03": {
      "objLayer": 0,
      "props": {},
      "tm": [
        [-0.16983,0.0,0.985473],
        [0.0,1.0,0.0],
        [-0.985473,0.0,-0.16983],
        [904.0,3340.55,-10000.0]
      ],
      "type": "Point"
    },
    "bt_t2_bombers_spawn_04": {
      "objLayer": 0,
      "props": {},
      "tm": [
        [-0.16983,0.0,0.985473],
        [0.0,1.0,0.0],
        [-0.985473,0.0,-0.16983],
        [4634.04,3340.55,-10000.0]
      ],
      "type": "Point"
    },
    "bt_t2_retreat_point": {
      "objLayer": 0,
      "props": {},
      "tm": [
        [-0.16983,0.0,0.985473],
        [0.0,1.0,0.0],
        [-0.985473,0.0,-0.16983],
        [-4096.0,3340.55,-14000.0]
      ],
      "type": "Point"
    }
  },
  "bin_dump_file": "",
  "dialogs": {},
  "effects": {},
  "imports": {
    "import_record": [
      {
        "excludes": {},
        "file": "gameData/missions/templates/enduring_confrontation/bt_bombers_template.blk",
        "importAreas": true,
        "importMissionObjectives": true,
        "importTriggers": true,
        "importUnits": true,
        "importWayPoints": true,
        "showAreas": true,
        "showMissionObjectives": true,
        "showTriggers": true,
        "showUnits": true,
        "showWayPoints": true
      },
      {
        "excludes": {},
        "file": "gameData/missions/templates/units_sets/heli_plane_sets_bombers/bt_t1_usa_rank_04.blk",
        "importAreas": true,
        "importMissionObjectives": true,
        "importTriggers": true,
        "importUnits": true,
        "importWayPoints": true,
        "rankRange": [0,50],
        "showAreas": true,
        "showMissionObjectives": true,
        "showTriggers": true,
        "showUnits": true,
        "showWayPoints": true
      },
      {
        "excludes": {},
        "file": "gameData/missions/templates/units_sets/heli_plane_sets_bombers/bt_t2_usa_rank_04.blk",
        "importAreas": true,
        "importMissionObjectives": true,
        "importTriggers": true,
        "importUnits": true,
        "importWayPoints": true,
        "rankRange": [0,50],
        "showAreas": true,
        "showMissionObjectives": true,
        "showTriggers": true,
        "showUnits": true,
        "showWayPoints": true
      }
    ]
  },
  "mission_objectives": {
    "isCategory": true,
    "is_enabled": true
  },
  "mission_settings": {
    "atmosphere": {
      "pressure": 761.0,
      "temperature": 18.0
    },
    "mission": {
      "environment": "Day",
      "level": "levels/water.bin",
      "optionalTakeOff": false,
      "restoreType": "attempts",
      "type": "singleMission",
      "weather": "hazy"
    },
    "player": {
      "army": 1,
      "wing": ""
    },
    "player_teamB": {
      "army": 2
    },
    "spectator_points": {}
  },
  "objLayers": {
    "layer": [
      {
        "enabled": true
      },
      {
        "enabled": true
      },
      {
        "enabled": true
      }
    ]
  },
  "selected_tag": "",
  "triggers": {
    "bt_startup": {
      "actions": {
        "comment": [
          {
            "value": "setting pve mode on"
          },
          {
            "value": "disabling army swapping"
          }
        ],
        "varSetBool": [
          {
            "value": true,
            "var": "bt_bombers_pve_mode"
          },
          {
            "value": false,
            "var": "bt_is_army_swapping"
          }
        ]
      },
      "comments": "",
      "conditions": {},
      "else_actions": {},
      "events": {
        "periodicEvent": {
          "time": 1.0
        }
      },
      "is_enabled": true,
      "props": {
        "actionsType": "PERFORM_ONE_BY_ONE",
        "conditionsType": "ALL",
        "enableAfterComplete": false
      }
    },
    "isCategory": true,
    "is_enabled": true
  },
  "units": {},
  "variables": {},
  "wayPoints": {}
}