{
  "airfields": {},
  "areas": {
    "heli_4000": {
      "objLayer": 4,
      "props": {},
      "tm": [
        [508.877,0.0,7983.79],
        [0.0,8000.0,0.0],
        [-7983.79,0.0,508.877],
        [2496.49,213.438,1825.57]
      ],
      "type": "Sphere"
    },
    "heli_7200": {
      "objLayer": 4,
      "props": {},
      "tm": [
        [890.541,0.0,13971.7],
        [0.0,14000.0,0.0],
        [-13971.7,0.0,890.541],
        [2496.49,309.515,1825.57]
      ],
      "type": "Sphere"
    }
  },
  "bin_dump_file": "",
  "dialogs": {},
  "effects": {},
  "imports": {},
  "mission_objectives": {
    "isCategory": true,
    "is_enabled": true
  },
  "mission_settings": {
    "mission": {
      "environment": "Day",
      "level": "levels/water.bin",
      "type": "singleMission",
      "weather": "hazy"
    },
    "player": {
      "army": 1
    },
    "player_teamB": {
      "army": 2
    }
  },
  "objLayers": {
    "layer": [
      {
        "enabled": true
      },
      {
        "enabled": true
      },
      {
        "enabled": true
      },
      {
        "enabled": true
      },
      {
        "enabled": true
      }
    ]
  },
  "selected_tag": "",
  "triggers": {
    "isCategory": true,
    "is_enabled": true
  },
  "units": {
    "air_defence": [
      {
        "applyAllMods": false,
        "bullets0": "",
        "bullets1": "",
        "bullets2": "",
        "bullets3": "",
        "bulletsCount0": 0,
        "bulletsCount1": 0,
        "bulletsCount2": 0,
        "bulletsCount3": 0,
        "closed_waypoints": false,
        "crewSkillK": 0.0,
        "isShipSpline": false,
        "name": "t2_helipad_defence_01",
        "objLayer": 1,
        "props": {
          "army": 2,
          "attack_type": "fire_at_will",
          "count": 1,
          "formation_div": 3,
          "formation_noise": [0.1,0.1],
          "formation_step": [2.5,2.0],
          "formation_type": "rows",
          "uniqueName": ""
        },
        "shipTurnRadius": 100.0,
        "tm": [
          [-0.305991,0.0,-0.952034],
          [0.0,1.0,0.0],
          [0.952034,0.0,-0.305991],
          [2750.08,204.03,6032.92]
        ],
        "unit_class": "germ_20mm_flak38_longrange_helipad",
        "way": {},
        "weapons": ""
      },
      {
        "applyAllMods": false,
        "bullets0": "",
        "bullets1": "",
        "bullets2": "",
        "bullets3": "",
        "bulletsCount0": 0,
        "bulletsCount1": 0,
        "bulletsCount2": 0,
        "bulletsCount3": 0,
        "closed_waypoints": false,
        "crewSkillK": 0.0,
        "isShipSpline": false,
        "name": "t2_helipad_defence_02",
        "objLayer": 1,
        "props": {
          "army": 2,
          "attack_type": "fire_at_will",
          "count": 1,
          "formation_div": 3,
          "formation_noise": [0.1,0.1],
          "formation_step": [2.5,2.0],
          "formation_type": "rows",
          "uniqueName": ""
        },
        "shipTurnRadius": 100.0,
        "tm": [
          [-0.305991,0.0,-0.952034],
          [0.0,1.0,0.0],
          [0.952034,0.0,-0.305991],
          [2710.71,199.365,5619.35]
        ],
        "unit_class": "germ_20mm_flak38_longrange_helipad",
        "way": {},
        "weapons": ""
      },
      {
        "applyAllMods": false,
        "bullets0": "",
        "bullets1": "",
        "bullets2": "",
        "bullets3": "",
        "bulletsCount0": 0,
        "bulletsCount1": 0,
        "bulletsCount2": 0,
        "bulletsCount3": 0,
        "closed_waypoints": false,
        "crewSkillK": 0.0,
        "isShipSpline": false,
        "name": "t2_helipad_defence_03",
        "objLayer": 1,
        "props": {
          "army": 2,
          "attack_type": "fire_at_will",
          "count": 1,
          "formation_div": 3,
          "formation_noise": [0.1,0.1],
          "formation_step": [2.5,2.0],
          "formation_type": "rows",
          "uniqueName": ""
        },
        "shipTurnRadius": 100.0,
        "tm": [
          [-0.305991,0.0,-0.952034],
          [0.0,1.0,0.0],
          [0.952034,0.0,-0.305991],
          [2476.2,186.393,6025.32]
        ],
        "unit_class": "germ_20mm_flak38_helipad",
        "way": {},
        "weapons": ""
      },
      {
        "applyAllMods": false,
        "bullets0": "",
        "bullets1": "",
        "bullets2": "",
        "bullets3": "",
        "bulletsCount0": 0,
        "bulletsCount1": 0,
        "bulletsCount2": 0,
        "bulletsCount3": 0,
        "closed_waypoints": false,
        "crewSkillK": 0.0,
        "isShipSpline": false,
        "name": "t2_helipad_defence_04",
        "objLayer": 1,
        "props": {
          "army": 2,
          "attack_type": "fire_at_will",
          "count": 1,
          "formation_div": 3,
          "formation_noise": [0.1,0.1],
          "formation_step": [2.5,2.0],
          "formation_type": "rows",
          "uniqueName": ""
        },
        "shipTurnRadius": 100.0,
        "tm": [
          [-0.305991,0.0,-0.952034],
          [0.0,1.0,0.0],
          [0.952034,0.0,-0.305991],
          [2465.77,181.997,5654.6]
        ],
        "unit_class": "germ_20mm_flak38_helipad",
        "way": {},
        "weapons": ""
      },
      {
        "applyAllMods": false,
        "bullets0": "",
        "bullets1": "",
        "bullets2": "",
        "bullets3": "",
        "bulletsCount0": 0,
        "bulletsCount1": 0,
        "bulletsCount2": 0,
        "bulletsCount3": 0,
        "closed_waypoints": false,
        "crewSkillK": 0.0,
        "isShipSpline": false,
        "name": "t1_helipad_defence_01",
        "objLayer": 1,
        "props": {
          "army": 1,
          "attack_type": "fire_at_will",
          "count": 1,
          "formation_div": 3,
          "formation_noise": [0.1,0.1],
          "formation_step": [2.5,2.0],
          "formation_type": "rows",
          "uniqueName": ""
        },
        "shipTurnRadius": 100.0,
        "tm": [
          [0.272587,0.0,0.962131],
          [0.0,1.0,0.0],
          [-0.962131,0.0,0.272587],
          [1562.19,161.984,-2412.43]
        ],
        "unit_class": "germ_20mm_flak38_longrange_helipad",
        "way": {},
        "weapons": ""
      },
      {
        "applyAllMods": false,
        "bullets0": "",
        "bullets1": "",
        "bullets2": "",
        "bullets3": "",
        "bulletsCount0": 0,
        "bulletsCount1": 0,
        "bulletsCount2": 0,
        "bulletsCount3": 0,
        "closed_waypoints": false,
        "crewSkillK": 0.0,
        "isShipSpline": false,
        "name": "t1_helipad_defence_02",
        "objLayer": 1,
        "props": {
          "army": 1,
          "attack_type": "fire_at_will",
          "count": 1,
          "formation_div": 3,
          "formation_noise": [0.1,0.1],
          "formation_step": [2.5,2.0],
          "formation_type": "rows",
          "uniqueName": ""
        },
        "shipTurnRadius": 100.0,
        "tm": [
          [0.272587,0.0,0.962131],
          [0.0,1.0,0.0],
          [-0.962131,0.0,0.272587],
          [1806.0,173.531,-2404.57]
        ],
        "unit_class": "germ_20mm_flak38_longrange_helipad",
        "way": {},
        "weapons": ""
      },
      {
        "applyAllMods": false,
        "bullets0": "",
        "bullets1": "",
        "bullets2": "",
        "bullets3": "",
        "bulletsCount0": 0,
        "bulletsCount1": 0,
        "bulletsCount2": 0,
        "bulletsCount3": 0,
        "closed_waypoints": false,
        "crewSkillK": 0.0,
        "isShipSpline": false,
        "name": "t1_helipad_defence_03",
        "objLayer": 1,
        "props": {
          "army": 1,
          "attack_type": "fire_at_will",
          "count": 1,
          "formation_div": 3,
          "formation_noise": [0.1,0.1],
          "formation_step": [2.5,2.0],
          "formation_type": "rows",
          "uniqueName": ""
        },
        "shipTurnRadius": 100.0,
        "tm": [
          [0.272587,0.0,0.962131],
          [0.0,1.0,0.0],
          [-0.962131,0.0,0.272587],
          [1833.12,152.178,-2024.43]
        ],
        "unit_class": "germ_20mm_flak38_helipad",
        "way": {},
        "weapons": ""
      },
      {
        "applyAllMods": false,
        "bullets0": "",
        "bullets1": "",
        "bullets2": "",
        "bullets3": "",
        "bulletsCount0": 0,
        "bulletsCount1": 0,
        "bulletsCount2": 0,
        "bulletsCount3": 0,
        "closed_waypoints": false,
        "crewSkillK": 0.0,
        "isShipSpline": false,
        "name": "t1_helipad_defence_04",
        "objLayer": 1,
        "props": {
          "army": 1,
          "attack_type": "fire_at_will",
          "count": 1,
          "formation_div": 3,
          "formation_noise": [0.1,0.1],
          "formation_step": [2.5,2.0],
          "formation_type": "rows",
          "uniqueName": ""
        },
        "shipTurnRadius": 100.0,
        "tm": [
          [0.272587,0.0,0.962131],
          [0.0,1.0,0.0],
          [-0.962131,0.0,0.272587],
          [1660.82,164.573,-1967.01]
        ],
        "unit_class": "germ_20mm_flak38_helipad",
        "way": {},
        "weapons": ""
      }
    ],
    "objectGroups": [
      {
        "name": "t1_helipad",
        "objLayer": 2,
        "props": {
          "active": true,
          "army": 1,
          "isDelayed": true
        },
        "tm": [
          [0.0016295,0.0,-0.999998],
          [0.0,1.0,0.0],
          [0.999998,0.0,0.0016295],
          [1689.75,166.641,-2197.45]
        ],
        "unit_class": "dynHelipad_beton_a_ussr"
      },
      {
        "name": "t1_helipad_farspawn",
        "objLayer": 2,
        "props": {
          "active": true,
          "army": 1,
          "isDelayed": true
        },
        "tm": [
          [-0.516936,0.0,-0.856023],
          [0.0,1.0,0.0],
          [0.856023,0.0,-0.516936],
          [-147.583,234.917,-4721.36]
        ],
        "unit_class": "dynHelipad_beton_b_ussr"
      },
      {
        "name": "t2_helipad",
        "objLayer": 2,
        "props": {
          "active": true,
          "army": 2,
          "isDelayed": true
        },
        "tm": [
          [0.107516,-4.45331e-06,0.994204],
          [5.27924e-05,1.0,-1.2299e-06],
          [-0.994204,5.26185e-05,0.107516],
          [2550.42,205.428,5861.53]
        ],
        "unit_class": "dynHelipad_beton_a_usa"
      },
      {
        "name": "t2_helipad_farspawn",
        "objLayer": 2,
        "props": {
          "active": true,
          "army": 2,
          "isDelayed": true
        },
        "tm": [
          [0.154892,0.0,0.987931],
          [0.0,1.0,0.0],
          [-0.987931,0.0,0.154892],
          [2831.27,228.124,8827.72]
        ],
        "unit_class": "dynHelipad_beton_b_usa"
      }
    ],
    "squad": [
      {
        "name": "t2_helipad_aaa_squad",
        "props": {
          "object_marking": 0,
          "squad_members": [
            "t2_helipad_defence_04",
            "t2_helipad_defence_02",
            "t2_helipad_defence_01",
            "t2_helipad_defence_03"
          ]
        },
        "tm": [
          [-0.305991,0.0,-0.952034],
          [0.0,1.0,0.0],
          [0.952034,0.0,-0.305991],
          [2600.69,204.031,5833.04]
        ]
      },
      {
        "name": "t1_helipad_aaa_squad",
        "props": {
          "object_marking": 0,
          "squad_members": [
            "t1_helipad_defence_04",
            "t1_helipad_defence_03",
            "t1_helipad_defence_02",
            "t1_helipad_defence_01"
          ]
        },
        "tm": [
          [-0.305991,0.0,-0.952034],
          [0.0,1.0,0.0],
          [0.952034,0.0,-0.305991],
          [1704.51,163.066,-2207.47]
        ]
      }
    ]
  },
  "variables": {},
  "wayPoints": {}
}