{
  "airfields": [],
  "areas": {
    "brief_dom_battle_area": {
      "objLayer": 4,
      "props": [],
      "tm": [
        [-8.75032e-05,0.0,1350.0],
        [0.0,400.0,0.0],
        [-1350.0,0.0,-8.75032e-05],
        [2059.25,122.551,2073.25]
      ],
      "type": "Box"
    },
    "briefing_capturezone_01": {
      "objLayer": 0,
      "props": [],
      "tm": [
        [0.642788,0.0,-0.766044],
        [0.0,1.0,0.0],
        [0.766044,0.0,0.642788],
        [1769.59,50.6236,1820.77]
      ],
      "type": "Point"
    },
    "briefing_capturezone_02": {
      "objLayer": 0,
      "props": [],
      "tm": [
        [0.642788,0.0,-0.766044],
        [0.0,1.0,0.0],
        [0.766044,0.0,0.642788],
        [2040.38,48.9656,2054.91]
      ],
      "type": "Point"
    },
    "briefing_capturezone_03": {
      "objLayer": 0,
      "props": [],
      "tm": [
        [0.642788,0.0,-0.766044],
        [0.0,1.0,0.0],
        [0.766044,0.0,0.642788],
        [2412.86,46.0687,2347.49]
      ],
      "type": "Point"
    },
    "briefing_rb_capturezone_01": {
      "objLayer": 0,
      "props": [],
      "tm": [
        [-0.258819,0.0,-0.965926],
        [0.0,1.0,0.0],
        [0.965926,0.0,-0.258819],
        [1772.6,50.4774,1820.48]
      ],
      "type": "Point"
    },
    "briefing_rb_capturezone_02": {
      "objLayer": 0,
      "props": [],
      "tm": [
        [-0.258819,0.0,-0.965926],
        [0.0,1.0,0.0],
        [0.965926,0.0,-0.258819],
        [2057.19,116.9,2047.22]
      ],
      "type": "Point"
    },
    "briefing_rb_capturezone_03": {
      "objLayer": 0,
      "props": [],
      "tm": [
        [-0.258819,0.0,-0.965926],
        [0.0,1.0,0.0],
        [0.965926,0.0,-0.258819],
        [2417.08,46.2551,2346.66]
      ],
      "type": "Point"
    },
    "briefing_t1_rb_resp01": {
      "objLayer": 0,
      "props": [],
      "tm": [
        [0.5373,0.0,-0.843392],
        [0.0,1.0,0.0],
        [0.843392,0.0,0.5373],
        [2341.14,49.0015,1597.35]
      ],
      "type": "Point"
    },
    "briefing_t1_rb_resp02": {
      "objLayer": 0,
      "props": [],
      "tm": [
        [0.5373,0.0,-0.843392],
        [0.0,1.0,0.0],
        [0.843392,0.0,0.5373],
        [2526.61,45.035,1752.55]
      ],
      "type": "Point"
    },
    "briefing_t1_resp01": {
      "objLayer": 0,
      "props": [],
      "tm": [
        [0.5373,0.0,-0.843392],
        [0.0,1.0,0.0],
        [0.843392,0.0,0.5373],
        [2326.16,49.2523,1591.57]
      ],
      "type": "Point"
    },
    "briefing_t1_resp02": {
      "objLayer": 0,
      "props": [],
      "tm": [
        [0.5373,0.0,-0.843392],
        [0.0,1.0,0.0],
        [0.843392,0.0,0.5373],
        [2528.28,45.3003,1759.31]
      ],
      "type": "Point"
    },
    "briefing_t2_rb_resp01": {
      "objLayer": 0,
      "props": [],
      "tm": [
        [0.382683,0.0,-0.92388],
        [0.0,1.0,0.0],
        [0.92388,0.0,0.382683],
        [1733.25,48.1,2491.25]
      ],
      "type": "Point"
    },
    "briefing_t2_rb_resp02": {
      "objLayer": 0,
      "props": [],
      "tm": [
        [0.382683,0.0,-0.92388],
        [0.0,1.0,0.0],
        [0.92388,0.0,0.382683],
        [1912.14,49.7136,2668.46]
      ],
      "type": "Point"
    },
    "briefing_t2_resp01": {
      "objLayer": 0,
      "props": [],
      "tm": [
        [0.382683,0.0,-0.92388],
        [0.0,1.0,0.0],
        [0.92388,0.0,0.382683],
        [1732.0,48.1,2490.55]
      ],
      "type": "Point"
    },
    "briefing_t2_resp02": {
      "objLayer": 0,
      "props": [],
      "tm": [
        [0.382683,0.0,-0.92388],
        [0.0,1.0,0.0],
        [0.92388,0.0,0.382683],
        [1904.46,49.7603,2669.13]
      ],
      "type": "Point"
    }
  },
  "bin_dump_file": "",
  "dialogs": [],
  "effects": [],
  "imports": [
    {
      "import_record": {
        "excludes": [],
        "file": "gameData/missions/cta/tanks/american_valley/battleareas/template_american_valley_exclude_battleareas.blk",
        "importAreas": true,
        "importMissionObjectives": true,
        "importTriggers": true,
        "importUnits": true,
        "importWayPoints": true,
        "showAreas": true,
        "showMissionObjectives": true,
        "showTriggers": true,
        "showUnits": true,
        "showWayPoints": true
      }
    },
    {
      "import_record": {
        "excludes": [],
        "file": "gameData/missions/templates/tank_templates/tank_base_logic_template.blk",
        "importAreas": true,
        "importMissionObjectives": true,
        "importTriggers": true,
        "importUnits": true,
        "importWayPoints": true,
        "showAreas": true,
        "showMissionObjectives": true,
        "showTriggers": true,
        "showUnits": true,
        "showWayPoints": true
      }
    },
    {
      "import_record": {
        "excludes": [],
        "file": "gameData/missions/cta/tanks/american_valley/template_american_valley_air_spawns.blk",
        "importAreas": true,
        "importMissionObjectives": true,
        "importTriggers": true,
        "importUnits": true,
        "importWayPoints": true,
        "showAreas": true,
        "showMissionObjectives": true,
        "showTriggers": true,
        "showUnits": true,
        "showWayPoints": true
      }
    },
    {
      "import_record": {
        "excludes": [],
        "file": "gameData/missions/cta/tanks/american_valley/battleareas/template_american_valley_Dom_battlearea.blk",
        "importAreas": true,
        "importMissionObjectives": true,
        "importTriggers": true,
        "importUnits": true,
        "importWayPoints": true,
        "showAreas": true,
        "showMissionObjectives": true,
        "showTriggers": true,
        "showUnits": true,
        "showWayPoints": true
      }
    },
    {
      "import_record": {
        "excludes": [],
        "file": "gameData/missions/templates/tank_templates/dom_template.blk",
        "importAreas": true,
        "importMissionObjectives": true,
        "importTriggers": true,
        "importUnits": true,
        "importWayPoints": true,
        "showAreas": true,
        "showMissionObjectives": true,
        "showTriggers": true,
        "showUnits": true,
        "showWayPoints": true
      }
    }
  ],
  "mission_objectives": {
    "isCategory": true,
    "is_enabled": true
  },
  "mission_settings": {
    "briefing": {
      "date_loc": "",
      "music": "action_01",
      "objective_loc": "",
      "part": {
        "event": "",
        "minTime": 0,
        "slide": [
          {
            "map": true
          },
          {
            "minTime": 4
          },
          {
            "picture": ""
          },
          {
            "showAirMap": false
          },
          {
            "icon": {
              "icontype": "tank",
              "side": "ally",
              "target": "briefing_t1_resp01"
            }
          },
          {
            "icon": {
              "icontype": "tank",
              "side": "ally",
              "target": "briefing_t1_resp02"
            }
          },
          {
            "icon": {
              "icontype": "tank",
              "side": "enemy",
              "target": "briefing_t2_resp01"
            }
          },
          {
            "icon": {
              "icontype": "tank",
              "side": "enemy",
              "target": "briefing_t2_resp02"
            }
          },
          {
            "icon": {
              "icontype": "basezone_A",
              "side": "neutral",
              "target": "briefing_capturezone_01"
            }
          },
          {
            "icon": {
              "icontype": "basezone_B",
              "side": "neutral",
              "target": "briefing_capturezone_02"
            }
          },
          {
            "icon": {
              "icontype": "basezone_C",
              "side": "neutral",
              "target": "briefing_capturezone_03"
            }
          },
          {
            "battleArea": {
              "target": "brief_dom_battle_area"
            }
          }
        ]
      },
      "place_loc": ""
    },
    "mission": [
      {
        "level": "levels/avg_american_valley.bin"
      },
      {
        "type": "domination"
      },
      {
        "environment": "Day"
      },
      {
        "weather": "clear"
      },
      {
        "locName": "missions/_Dom;american_valley/name"
      },
      {
        "locDesc": "american_valley/desc;missions/_Dom/desc"
      },
      {
        "scoreLimit": 14000
      },
      {
        "timeLimit": 25
      },
      {
        "deathPenaltyMul": 1.0
      },
      {
        "postfix": "_Dom"
      },
      {
        "ctaCaptureZoneEqualPenaltyMul": 0.0
      },
      {
        "useAlternativeMapCoord": false
      },
      {
        "allowedKillStreaks": true
      },
      {
        "randomSpawnTeams": false
      },
      {
        "remapAiTankModels": true
      },
      {
        "battleAreaColorPreset": "battleArea"
      },
      {
        "showTacticalMapCellSize": true
      },
      {
        "country_axis": "germany"
      },
      {
        "country_allies": "ussr"
      },
      {
        "restoreType": "attempts"
      },
      {
        "optionalTakeOff": false
      },
      {
        "allowedUnitTypes": {
          "isAirplanesAllowed": true,
          "isHelicoptersAllowed": true,
          "isShipsAllowed": false,
          "isTanksAllowed": true
        }
      },
      {
        "mission": {
          "difficulty": "realistic",
          "randomSpawnTeams": true,
          "remapAiTankModels": true,
          "scoreLimit": 18000,
          "useAlternativeMapCoord": false
        }
      },
      {
        "mission": {
          "difficulty": "hardcore",
          "randomSpawnTeams": true,
          "remapAiTankModels": true,
          "scoreLimit": 20000,
          "useAlternativeMapCoord": false
        }
      }
    ],
    "player": [
      {
        "army": 1
      },
      {
        "wing": "t1_player01"
      },
      {
        "wing": "t1_player02"
      },
      {
        "wing": "t1_player03"
      },
      {
        "wing": "t1_player04"
      },
      {
        "wing": "t1_player05"
      },
      {
        "wing": "t1_player06"
      },
      {
        "wing": "t1_player07"
      },
      {
        "wing": "t1_player08"
      },
      {
        "wing": "t1_player09"
      },
      {
        "wing": "t1_player10"
      },
      {
        "wing": "t1_player11"
      },
      {
        "wing": "t1_player12"
      },
      {
        "wing": "t1_player13"
      },
      {
        "wing": "t1_player14"
      },
      {
        "wing": "t1_player15"
      },
      {
        "wing": "t1_player16"
      },
      {
        "wing": "t1_player17"
      },
      {
        "wing": "t1_player18"
      },
      {
        "wing": "t1_player19"
      },
      {
        "wing": "t1_player20"
      },
      {
        "wing": "t1_player21"
      },
      {
        "wing": "t1_player22"
      },
      {
        "wing": "t1_player23"
      },
      {
        "wing": "t1_player24"
      },
      {
        "wing": "t1_player25"
      },
      {
        "wing": "t1_player26"
      },
      {
        "wing": "t1_player27"
      },
      {
        "wing": "t1_player28"
      },
      {
        "wing": "t1_player29"
      },
      {
        "wing": "t1_player30"
      },
      {
        "wing": "t1_player31"
      },
      {
        "wing": "t1_player32"
      }
    ],
    "player_teamB": [
      {
        "army": 2
      },
      {
        "wing": "t2_player01"
      },
      {
        "wing": "t2_player02"
      },
      {
        "wing": "t2_player03"
      },
      {
        "wing": "t2_player04"
      },
      {
        "wing": "t2_player05"
      },
      {
        "wing": "t2_player06"
      },
      {
        "wing": "t2_player07"
      },
      {
        "wing": "t2_player08"
      },
      {
        "wing": "t2_player09"
      },
      {
        "wing": "t2_player10"
      },
      {
        "wing": "t2_player11"
      },
      {
        "wing": "t2_player12"
      },
      {
        "wing": "t2_player13"
      },
      {
        "wing": "t2_player14"
      },
      {
        "wing": "t2_player15"
      },
      {
        "wing": "t2_player16"
      },
      {
        "wing": "t2_player17"
      },
      {
        "wing": "t2_player18"
      },
      {
        "wing": "t2_player19"
      },
      {
        "wing": "t2_player20"
      },
      {
        "wing": "t2_player21"
      },
      {
        "wing": "t2_player22"
      },
      {
        "wing": "t2_player23"
      },
      {
        "wing": "t2_player24"
      },
      {
        "wing": "t2_player25"
      },
      {
        "wing": "t2_player26"
      },
      {
        "wing": "t2_player27"
      },
      {
        "wing": "t2_player28"
      },
      {
        "wing": "t2_player29"
      },
      {
        "wing": "t2_player30"
      },
      {
        "wing": "t2_player31"
      },
      {
        "wing": "t2_player32"
      },
      {
        "wing": "t2_player33"
      }
    ],
    "spectator_points": []
  },
  "objLayers": [
    {
      "layer": {
        "enabled": true
      }
    },
    {
      "layer": {
        "enabled": true
      }
    },
    {
      "layer": {
        "enabled": true
      }
    },
    {
      "layer": {
        "enabled": false
      }
    }
  ],
  "selected_tag": "",
  "triggers": {
    "isCategory": true,
    "is_enabled": true
  },
  "units": {
    "tankModels": {
      "applyAllMods": false,
      "bullets0": "",
      "bullets1": "",
      "bullets2": "",
      "bullets3": "",
      "bulletsCount0": 0,
      "bulletsCount1": 0,
      "bulletsCount2": 0,
      "bulletsCount3": 0,
      "closed_waypoints": false,
      "crewSkillK": 0.0,
      "isShipSpline": false,
      "name": "t1_player01",
      "objLayer": 1,
      "props": {
        "army": 2,
        "attack_type": "fire_at_will",
        "count": 1,
        "formation_div": 3,
        "formation_noise": [0.1,0.1],
        "formation_step": [2.5,2.0],
        "formation_type": "rows",
        "uniqueName": ""
      },
      "shipTurnRadius": 100.0,
      "tm": [
        [-0.258819,0.0,-0.965926],
        [0.0,1.0,0.0],
        [0.965926,0.0,-0.258819],
        [2313.28,112.808,2017.36]
      ],
      "unit_class": "aaa_dummy",
      "way": [],
      "weapons": ""
    }
  },
  "variables": [],
  "wayPoints": []
}