{
  "airfields": [],
  "areas": {
    "brief_dom_battle_area": {
      "objLayer": 4,
      "props": [],
      "tm": [
        [-0.000119378,0.0,1850.0],
        [0.0,400.0,0.0],
        [-1850.0,0.0,-0.000119378],
        [463.0,0.0,128.0]
      ],
      "type": "Box"
    },
    "briefing_capturezone_01": {
      "objLayer": 0,
      "props": [],
      "tm": [
        [0.642788,0.0,-0.766044],
        [0.0,1.0,0.0],
        [0.766044,0.0,0.642788],
        [865.297,13.0,573.882]
      ],
      "type": "Point"
    },
    "briefing_capturezone_02": {
      "objLayer": 0,
      "props": [],
      "tm": [
        [0.642788,0.0,-0.766044],
        [0.0,1.0,0.0],
        [0.766044,0.0,0.642788],
        [575.006,28.0,282.884]
      ],
      "type": "Point"
    },
    "briefing_capturezone_03": {
      "objLayer": 0,
      "props": [],
      "tm": [
        [0.642788,0.0,-0.766044],
        [0.0,1.0,0.0],
        [0.766044,0.0,0.642788],
        [158.013,15.0,-193.518]
      ],
      "type": "Point"
    },
    "briefing_rb_capturezone_01": {
      "objLayer": 0,
      "props": [],
      "tm": [
        [-0.258819,0.0,-0.965926],
        [0.0,1.0,0.0],
        [0.965926,0.0,-0.258819],
        [862.139,13.0021,572.312]
      ],
      "type": "Point"
    },
    "briefing_rb_capturezone_02": {
      "objLayer": 0,
      "props": [],
      "tm": [
        [-0.258819,0.0,-0.965926],
        [0.0,1.0,0.0],
        [0.965926,0.0,-0.258819],
        [571.286,28.0,282.611]
      ],
      "type": "Point"
    },
    "briefing_rb_capturezone_03": {
      "objLayer": 0,
      "props": [],
      "tm": [
        [-0.258819,0.0,-0.965926],
        [0.0,1.0,0.0],
        [0.965926,0.0,-0.258819],
        [151.462,15.0,-188.301]
      ],
      "type": "Point"
    },
    "briefing_t1_rb_resp01": {
      "objLayer": 0,
      "props": [],
      "tm": [
        [-0.258819,0.0,0.965927],
        [0.0,1.0,0.0],
        [-0.965927,0.0,-0.258819],
        [1263.99,25.0,-361.381]
      ],
      "type": "Point"
    },
    "briefing_t1_rb_resp02": {
      "objLayer": 0,
      "props": [],
      "tm": [
        [-0.675591,0.0,0.737278],
        [0.0,1.0,0.0],
        [-0.737278,0.0,-0.675591],
        [965.827,25.0,-515.091]
      ],
      "type": "Point"
    },
    "briefing_t1_resp01": {
      "objLayer": 0,
      "props": [],
      "tm": [
        [-0.258819,0.0,0.965927],
        [0.0,1.0,0.0],
        [-0.965927,0.0,-0.258819],
        [1267.47,25.0,-360.727]
      ],
      "type": "Point"
    },
    "briefing_t1_resp02": {
      "objLayer": 0,
      "props": [],
      "tm": [
        [-0.675236,0.0,0.737603],
        [0.0,1.0,0.0],
        [-0.737603,0.0,-0.675236],
        [968.112,25.0,-513.307]
      ],
      "type": "Point"
    },
    "briefing_t2_rb_resp01": {
      "objLayer": 0,
      "props": [],
      "tm": [
        [0.866026,0.0,-0.5],
        [0.0,1.0,0.0],
        [0.5,0.0,0.866026],
        [-231.331,13.0,859.176]
      ],
      "type": "Point"
    },
    "briefing_t2_rb_resp02": {
      "objLayer": 0,
      "props": [],
      "tm": [
        [0.766045,0.0,-0.642788],
        [0.0,1.0,0.0],
        [0.642788,0.0,0.766045],
        [-388.359,25.0,470.8]
      ],
      "type": "Point"
    },
    "briefing_t2_resp01": {
      "objLayer": 0,
      "props": [],
      "tm": [
        [0.866026,0.0,-0.5],
        [0.0,1.0,0.0],
        [0.5,0.0,0.866026],
        [-229.505,14.9961,865.165]
      ],
      "type": "Point"
    },
    "briefing_t2_resp02": {
      "objLayer": 0,
      "props": [],
      "tm": [
        [0.766045,0.0,-0.642788],
        [0.0,1.0,0.0],
        [0.642788,0.0,0.766045],
        [-386.591,25.0,472.514]
      ],
      "type": "Point"
    }
  },
  "bin_dump_file": "",
  "dialogs": [],
  "effects": [],
  "imports": [
    {
      "import_record": {
        "excludes": [],
        "file": "gameData/missions/templates/tank_templates/tank_base_logic_template.blk",
        "importAreas": true,
        "importMissionObjectives": true,
        "importTriggers": true,
        "importUnits": true,
        "importWayPoints": true,
        "showAreas": true,
        "showMissionObjectives": true,
        "showTriggers": true,
        "showUnits": true,
        "showWayPoints": true
      }
    },
    {
      "import_record": {
        "excludes": [],
        "file": "gameData/missions/cta/tanks/breslau/template_breslau_air_spawns.blk",
        "importAreas": true,
        "importMissionObjectives": true,
        "importTriggers": true,
        "importUnits": true,
        "importWayPoints": true,
        "showAreas": true,
        "showMissionObjectives": true,
        "showTriggers": true,
        "showUnits": true,
        "showWayPoints": true
      }
    },
    {
      "import_record": {
        "excludes": [],
        "file": "gameData/missions/cta/tanks/breslau/battleareas/template_breslau_exclude_battleareas.blk",
        "importAreas": true,
        "importMissionObjectives": true,
        "importTriggers": true,
        "importUnits": true,
        "importWayPoints": true,
        "showAreas": true,
        "showMissionObjectives": true,
        "showTriggers": true,
        "showUnits": true,
        "showWayPoints": true
      }
    },
    {
      "import_record": {
        "excludes": [],
        "file": "gameData/missions/cta/tanks/breslau/battleareas/template_breslau_Dom_battlearea.blk",
        "importAreas": true,
        "importMissionObjectives": true,
        "importTriggers": true,
        "importUnits": true,
        "importWayPoints": true,
        "showAreas": true,
        "showMissionObjectives": true,
        "showTriggers": true,
        "showUnits": true,
        "showWayPoints": true
      }
    },
    {
      "import_record": {
        "excludes": [],
        "file": "gameData/missions/templates/tank_templates/dom_template.blk",
        "importAreas": true,
        "importMissionObjectives": true,
        "importTriggers": true,
        "importUnits": true,
        "importWayPoints": true,
        "showAreas": true,
        "showMissionObjectives": true,
        "showTriggers": true,
        "showUnits": true,
        "showWayPoints": true
      }
    }
  ],
  "mission_objectives": {
    "isCategory": true,
    "is_enabled": true
  },
  "mission_settings": {
    "briefing": {
      "date_loc": "",
      "music": "action_01",
      "objective_loc": "",
      "part": {
        "event": "",
        "minTime": 0,
        "slide": [
          {
            "map": true
          },
          {
            "minTime": 4
          },
          {
            "picture": ""
          },
          {
            "showAirMap": false
          },
          {
            "icon": {
              "icontype": "tank",
              "side": "ally",
              "target": "briefing_t1_resp01"
            }
          },
          {
            "icon": {
              "icontype": "tank",
              "side": "ally",
              "target": "briefing_t1_resp02"
            }
          },
          {
            "icon": {
              "icontype": "tank",
              "side": "enemy",
              "target": "briefing_t2_resp01"
            }
          },
          {
            "icon": {
              "icontype": "tank",
              "side": "enemy",
              "target": "briefing_t2_resp02"
            }
          },
          {
            "icon": {
              "icontype": "basezone_A",
              "side": "neutral",
              "target": "briefing_capturezone_01"
            }
          },
          {
            "icon": {
              "icontype": "basezone_B",
              "side": "neutral",
              "target": "briefing_capturezone_02"
            }
          },
          {
            "icon": {
              "icontype": "basezone_C",
              "side": "neutral",
              "target": "briefing_capturezone_03"
            }
          },
          {
            "battleArea": {
              "target": "brief_dom_battle_area"
            }
          }
        ]
      },
      "place_loc": ""
    },
    "mission": [
      {
        "level": "levels/avg_breslau.bin"
      },
      {
        "type": "domination"
      },
      {
        "environment": "Day"
      },
      {
        "weather": "clear"
      },
      {
        "locName": "missions/_Dom;location/avg_breslau"
      },
      {
        "locDesc": "missions/_Dom/desc"
      },
      {
        "scoreLimit": 14000
      },
      {
        "timeLimit": 25
      },
      {
        "deathPenaltyMul": 1.0
      },
      {
        "postfix": "_Dom"
      },
      {
        "ctaCaptureZoneEqualPenaltyMul": 0.0
      },
      {
        "useAlternativeMapCoord": false
      },
      {
        "allowedKillStreaks": true
      },
      {
        "randomSpawnTeams": false
      },
      {
        "remapAiTankModels": true
      },
      {
        "battleAreaColorPreset": "battleArea"
      },
      {
        "showTacticalMapCellSize": true
      },
      {
        "country_axis": "germany"
      },
      {
        "country_allies": "ussr"
      },
      {
        "restoreType": "attempts"
      },
      {
        "optionalTakeOff": false
      },
      {
        "allowedUnitTypes": {
          "isAirplanesAllowed": true,
          "isHelicoptersAllowed": true,
          "isShipsAllowed": false,
          "isTanksAllowed": true
        }
      },
      {
        "mission": {
          "difficulty": "realistic",
          "randomSpawnTeams": true,
          "remapAiTankModels": true,
          "scoreLimit": 18000,
          "useAlternativeMapCoord": false
        }
      },
      {
        "mission": {
          "difficulty": "hardcore",
          "randomSpawnTeams": true,
          "remapAiTankModels": true,
          "scoreLimit": 20000,
          "useAlternativeMapCoord": false
        }
      }
    ],
    "player": [
      {
        "army": 1
      },
      {
        "wing": "t1_player01"
      },
      {
        "wing": "t1_player02"
      },
      {
        "wing": "t1_player03"
      },
      {
        "wing": "t1_player04"
      },
      {
        "wing": "t1_player05"
      },
      {
        "wing": "t1_player06"
      },
      {
        "wing": "t1_player07"
      },
      {
        "wing": "t1_player08"
      },
      {
        "wing": "t1_player09"
      },
      {
        "wing": "t1_player10"
      },
      {
        "wing": "t1_player11"
      },
      {
        "wing": "t1_player12"
      },
      {
        "wing": "t1_player13"
      },
      {
        "wing": "t1_player14"
      },
      {
        "wing": "t1_player15"
      },
      {
        "wing": "t1_player16"
      },
      {
        "wing": "t1_player17"
      },
      {
        "wing": "t1_player18"
      },
      {
        "wing": "t1_player19"
      },
      {
        "wing": "t1_player20"
      },
      {
        "wing": "t1_player21"
      },
      {
        "wing": "t1_player22"
      },
      {
        "wing": "t1_player23"
      },
      {
        "wing": "t1_player24"
      },
      {
        "wing": "t1_player25"
      },
      {
        "wing": "t1_player26"
      },
      {
        "wing": "t1_player27"
      },
      {
        "wing": "t1_player28"
      },
      {
        "wing": "t1_player29"
      },
      {
        "wing": "t1_player30"
      },
      {
        "wing": "t1_player31"
      },
      {
        "wing": "t1_player32"
      }
    ],
    "player_teamB": [
      {
        "army": 2
      },
      {
        "wing": "t2_player01"
      },
      {
        "wing": "t2_player02"
      },
      {
        "wing": "t2_player03"
      },
      {
        "wing": "t2_player04"
      },
      {
        "wing": "t2_player05"
      },
      {
        "wing": "t2_player06"
      },
      {
        "wing": "t2_player07"
      },
      {
        "wing": "t2_player08"
      },
      {
        "wing": "t2_player09"
      },
      {
        "wing": "t2_player10"
      },
      {
        "wing": "t2_player11"
      },
      {
        "wing": "t2_player12"
      },
      {
        "wing": "t2_player13"
      },
      {
        "wing": "t2_player14"
      },
      {
        "wing": "t2_player15"
      },
      {
        "wing": "t2_player16"
      },
      {
        "wing": "t2_player17"
      },
      {
        "wing": "t2_player18"
      },
      {
        "wing": "t2_player19"
      },
      {
        "wing": "t2_player20"
      },
      {
        "wing": "t2_player21"
      },
      {
        "wing": "t2_player22"
      },
      {
        "wing": "t2_player23"
      },
      {
        "wing": "t2_player24"
      },
      {
        "wing": "t2_player25"
      },
      {
        "wing": "t2_player26"
      },
      {
        "wing": "t2_player27"
      },
      {
        "wing": "t2_player28"
      },
      {
        "wing": "t2_player29"
      },
      {
        "wing": "t2_player30"
      },
      {
        "wing": "t2_player31"
      },
      {
        "wing": "t2_player32"
      },
      {
        "wing": "t2_player33"
      }
    ],
    "spectator_points": []
  },
  "objLayers": [
    {
      "layer": {
        "enabled": true
      }
    },
    {
      "layer": {
        "enabled": true
      }
    },
    {
      "layer": {
        "enabled": true
      }
    },
    {
      "layer": {
        "enabled": true
      }
    }
  ],
  "selected_tag": "",
  "triggers": {
    "isCategory": true,
    "is_enabled": true
  },
  "units": {
    "tankModels": {
      "applyAllMods": false,
      "bullets0": "",
      "bullets1": "",
      "bullets2": "",
      "bullets3": "",
      "bulletsCount0": 0,
      "bulletsCount1": 0,
      "bulletsCount2": 0,
      "bulletsCount3": 0,
      "closed_waypoints": false,
      "crewSkillK": 0.0,
      "isShipSpline": false,
      "name": "t1_player01",
      "objLayer": 1,
      "props": {
        "army": 2,
        "attack_type": "fire_at_will",
        "count": 1,
        "formation_div": 3,
        "formation_noise": [0.1,0.1],
        "formation_step": [2.5,2.0],
        "formation_type": "rows",
        "uniqueName": ""
      },
      "shipTurnRadius": 100.0,
      "tm": [
        [-0.258819,0.0,-0.965926],
        [0.0,1.0,0.0],
        [0.965926,0.0,-0.258819],
        [366.08,112.808,38.01]
      ],
      "unit_class": "aaa_dummy",
      "way": [],
      "weapons": ""
    }
  },
  "variables": [],
  "wayPoints": []
}