{
  "airfields": {},
  "areas": {
    "bdt_t1_bomb_zone_01": {
      "objLayer": 0,
      "props": {},
      "tm": [
        [26.2869,0.0,-449.231],
        [0.0,450.0,0.0],
        [449.231,0.0,26.2869],
        [8507.77,275.197,-11988.3]
      ],
      "type": "Sphere"
    },
    "bdt_t1_bomb_zone_01_aaa_point_01": {
      "objLayer": 0,
      "props": {},
      "tm": [
        [0.606118,0.0,-0.795375],
        [0.0,1.0,0.0],
        [0.795375,0.0,0.606118],
        [8669.24,278.579,-12185.3]
      ],
      "type": "Point"
    },
    "bdt_t1_bomb_zone_01_aaa_point_02": {
      "objLayer": 0,
      "props": {},
      "tm": [
        [0.606118,0.0,-0.795375],
        [0.0,1.0,0.0],
        [0.795375,0.0,0.606118],
        [8407.42,272.526,-11755.9]
      ],
      "type": "Point"
    },
    "bdt_t1_bomb_zone_01_aaa_point_03": {
      "objLayer": 0,
      "props": {},
      "tm": [
        [0.606118,0.0,-0.795375],
        [0.0,1.0,0.0],
        [0.795375,0.0,0.606118],
        [8305.96,288.058,-12105.4]
      ],
      "type": "Point"
    },
    "bdt_t1_bomb_zone_01_aaa_point_04": {
      "objLayer": 0,
      "props": {},
      "tm": [
        [0.606118,0.0,-0.795375],
        [0.0,1.0,0.0],
        [0.795375,0.0,0.606118],
        [8285.37,281.297,-11877.8]
      ],
      "type": "Point"
    },
    "bdt_t1_bomb_zone_02": {
      "objLayer": 0,
      "props": {},
      "tm": [
        [247.382,0.0,-375.902],
        [0.0,450.0,0.0],
        [375.902,0.0,247.382],
        [6408.71,399.903,-9180.81]
      ],
      "type": "Sphere"
    },
    "bdt_t1_bomb_zone_02_aaa_point_01": {
      "objLayer": 0,
      "props": {},
      "tm": [
        [0.606118,0.0,-0.795375],
        [0.0,1.0,0.0],
        [0.795375,0.0,0.606118],
        [6674.6,397.643,-9230.03]
      ],
      "type": "Point"
    },
    "bdt_t1_bomb_zone_02_aaa_point_02": {
      "objLayer": 0,
      "props": {},
      "tm": [
        [0.606118,0.0,-0.795375],
        [0.0,1.0,0.0],
        [0.795375,0.0,0.606118],
        [6560.97,467.204,-8962.94]
      ],
      "type": "Point"
    },
    "bdt_t1_bomb_zone_02_aaa_point_03": {
      "objLayer": 0,
      "props": {},
      "tm": [
        [0.606118,0.0,-0.795375],
        [0.0,1.0,0.0],
        [0.795375,0.0,0.606118],
        [6015.14,428.326,-9400.02]
      ],
      "type": "Point"
    },
    "bdt_t1_bomb_zone_02_aaa_point_04": {
      "objLayer": 0,
      "props": {},
      "tm": [
        [0.606118,0.0,-0.795375],
        [0.0,1.0,0.0],
        [0.795375,0.0,0.606118],
        [6239.31,475.976,-8898.6]
      ],
      "type": "Point"
    },
    "bdt_t1_bomb_zone_03": {
      "objLayer": 0,
      "props": {},
      "tm": [
        [92.905,0.0,-440.304],
        [0.0,450.0,0.0],
        [440.304,0.0,92.905],
        [-7494.08,2006.7,-7279.83]
      ],
      "type": "Sphere"
    },
    "bdt_t1_bomb_zone_03_aaa_point_01": {
      "objLayer": 0,
      "props": {},
      "tm": [
        [0.231322,0.0,-0.972877],
        [0.0,1.0,0.0],
        [0.972877,0.0,0.231322],
        [-7766.5,2011.07,-7136.67]
      ],
      "type": "Point"
    },
    "bdt_t1_bomb_zone_03_aaa_point_02": {
      "objLayer": 0,
      "props": {},
      "tm": [
        [0.231322,0.0,-0.972877],
        [0.0,1.0,0.0],
        [0.972877,0.0,0.231322],
        [-7273.26,2003.75,-7379.21]
      ],
      "type": "Point"
    },
    "bdt_t1_bomb_zone_03_aaa_point_03": {
      "objLayer": 0,
      "props": {},
      "tm": [
        [0.231322,0.0,-0.972877],
        [0.0,1.0,0.0],
        [0.972877,0.0,0.231322],
        [-7271.25,2010.52,-7099.3]
      ],
      "type": "Point"
    },
    "bdt_t1_bomb_zone_03_aaa_point_04": {
      "objLayer": 0,
      "props": {},
      "tm": [
        [0.231322,0.0,-0.972877],
        [0.0,1.0,0.0],
        [0.972877,0.0,0.231322],
        [-7623.78,2008.31,-7506.2]
      ],
      "type": "Point"
    },
    "bdt_t1_bomb_zone_04": {
      "objLayer": 0,
      "props": {},
      "tm": [
        [92.905,0.0,-440.304],
        [0.0,450.0,0.0],
        [440.304,0.0,92.905],
        [-9227.28,943.998,-6190.73]
      ],
      "type": "Sphere"
    },
    "bdt_t1_bomb_zone_04_aaa_point_01": {
      "objLayer": 0,
      "props": {},
      "tm": [
        [0.231322,0.0,-0.972877],
        [0.0,1.0,0.0],
        [0.972877,0.0,0.231322],
        [-9291.29,946.188,-6501.04]
      ],
      "type": "Point"
    },
    "bdt_t1_bomb_zone_04_aaa_point_02": {
      "objLayer": 0,
      "props": {},
      "tm": [
        [0.231322,0.0,-0.972877],
        [0.0,1.0,0.0],
        [0.972877,0.0,0.231322],
        [-9017.98,944.116,-6332.4]
      ],
      "type": "Point"
    },
    "bdt_t1_bomb_zone_04_aaa_point_03": {
      "objLayer": 0,
      "props": {},
      "tm": [
        [0.231322,0.0,-0.972877],
        [0.0,1.0,0.0],
        [0.972877,0.0,0.231322],
        [-9511.62,945.044,-6252.14]
      ],
      "type": "Point"
    },
    "bdt_t1_bomb_zone_04_aaa_point_04": {
      "objLayer": 0,
      "props": {},
      "tm": [
        [0.231322,0.0,-0.972877],
        [0.0,1.0,0.0],
        [0.972877,0.0,0.231322],
        [-8998.61,943.456,-5975.71]
      ],
      "type": "Point"
    },
    "bdt_t1_bomb_zone_05": {
      "objLayer": 0,
      "props": {},
      "tm": [
        [92.905,0.0,-440.304],
        [0.0,450.0,0.0],
        [440.304,0.0,92.905],
        [-11913.9,950.254,-6887.54]
      ],
      "type": "Sphere"
    },
    "bdt_t1_bomb_zone_05_aaa_point_01": {
      "objLayer": 0,
      "props": {},
      "tm": [
        [0.231322,0.0,-0.972877],
        [0.0,1.0,0.0],
        [0.972877,0.0,0.231322],
        [-11954.9,950.512,-6616.58]
      ],
      "type": "Point"
    },
    "bdt_t1_bomb_zone_05_aaa_point_02": {
      "objLayer": 0,
      "props": {},
      "tm": [
        [0.231322,0.0,-0.972877],
        [0.0,1.0,0.0],
        [0.972877,0.0,0.231322],
        [-12032.6,949.612,-6787.15]
      ],
      "type": "Point"
    },
    "bdt_t1_bomb_zone_05_aaa_point_03": {
      "objLayer": 0,
      "props": {},
      "tm": [
        [0.231322,0.0,-0.972877],
        [0.0,1.0,0.0],
        [0.972877,0.0,0.231322],
        [-11881.7,950.822,-7173.44]
      ],
      "type": "Point"
    },
    "bdt_t1_bomb_zone_05_aaa_point_04": {
      "objLayer": 0,
      "props": {},
      "tm": [
        [0.231322,0.0,-0.972877],
        [0.0,1.0,0.0],
        [0.972877,0.0,0.231322],
        [-11685.3,951.524,-7044.95]
      ],
      "type": "Point"
    },
    "bdt_t1_bomb_zone_06": {
      "objLayer": 0,
      "props": {},
      "tm": [
        [92.905,0.0,-440.304],
        [0.0,450.0,0.0],
        [440.304,0.0,92.905],
        [-10266.3,1361.18,-9602.42]
      ],
      "type": "Sphere"
    },
    "bdt_t1_bomb_zone_06_aaa_point_01": {
      "objLayer": 0,
      "props": {},
      "tm": [
        [0.231322,0.0,-0.972877],
        [0.0,1.0,0.0],
        [0.972877,0.0,0.231322],
        [-10585.5,1356.47,-9493.25]
      ],
      "type": "Point"
    },
    "bdt_t1_bomb_zone_06_aaa_point_02": {
      "objLayer": 0,
      "props": {},
      "tm": [
        [0.231322,0.0,-0.972877],
        [0.0,1.0,0.0],
        [0.972877,0.0,0.231322],
        [-10399.7,1358.73,-9306.45]
      ],
      "type": "Point"
    },
    "bdt_t1_bomb_zone_06_aaa_point_03": {
      "objLayer": 0,
      "props": {},
      "tm": [
        [0.231322,0.0,-0.972877],
        [0.0,1.0,0.0],
        [0.972877,0.0,0.231322],
        [-9963.36,1362.71,-9540.8]
      ],
      "type": "Point"
    },
    "bdt_t1_bomb_zone_06_aaa_point_04": {
      "objLayer": 0,
      "props": {},
      "tm": [
        [0.231322,0.0,-0.972877],
        [0.0,1.0,0.0],
        [0.972877,0.0,0.231322],
        [-10331.3,1358.48,-9892.93]
      ],
      "type": "Point"
    },
    "bdt_t1_bomb_zone_07": {
      "objLayer": 0,
      "props": {},
      "tm": [
        [92.905,0.0,-440.304],
        [0.0,450.0,0.0],
        [440.304,0.0,92.905],
        [-6313.0,1997.12,-8953.44]
      ],
      "type": "Sphere"
    },
    "bdt_t1_bomb_zone_07_aaa_point_01": {
      "objLayer": 0,
      "props": {},
      "tm": [
        [0.231322,0.0,-0.972877],
        [0.0,1.0,0.0],
        [0.972877,0.0,0.231322],
        [-6023.93,1998.42,-9038.29]
      ],
      "type": "Point"
    },
    "bdt_t1_bomb_zone_07_aaa_point_02": {
      "objLayer": 0,
      "props": {},
      "tm": [
        [0.231322,0.0,-0.972877],
        [0.0,1.0,0.0],
        [0.972877,0.0,0.231322],
        [-6646.37,1991.12,-8850.71]
      ],
      "type": "Point"
    },
    "bdt_t1_bomb_zone_07_aaa_point_03": {
      "objLayer": 0,
      "props": {},
      "tm": [
        [0.231322,0.0,-0.972877],
        [0.0,1.0,0.0],
        [0.972877,0.0,0.231322],
        [-6396.0,1986.26,-9279.03]
      ],
      "type": "Point"
    },
    "bdt_t1_bomb_zone_07_aaa_point_04": {
      "objLayer": 0,
      "props": {},
      "tm": [
        [0.231322,0.0,-0.972877],
        [0.0,1.0,0.0],
        [0.972877,0.0,0.231322],
        [-6014.37,1995.69,-8684.71]
      ],
      "type": "Point"
    },
    "bdt_t1_bomb_zone_08": {
      "objLayer": 0,
      "props": {},
      "tm": [
        [26.2869,0.0,-449.231],
        [0.0,450.0,0.0],
        [449.231,0.0,26.2869],
        [10193.4,538.636,-8749.55]
      ],
      "type": "Sphere"
    },
    "bdt_t1_bomb_zone_08_aaa_point_01": {
      "objLayer": 0,
      "props": {},
      "tm": [
        [0.606118,0.0,-0.795375],
        [0.0,1.0,0.0],
        [0.795375,0.0,0.606118],
        [10385.9,482.481,-8505.53]
      ],
      "type": "Point"
    },
    "bdt_t1_bomb_zone_08_aaa_point_02": {
      "objLayer": 0,
      "props": {},
      "tm": [
        [0.606118,0.0,-0.795375],
        [0.0,1.0,0.0],
        [0.795375,0.0,0.606118],
        [9931.14,539.839,-8592.07]
      ],
      "type": "Point"
    },
    "bdt_t1_bomb_zone_08_aaa_point_03": {
      "objLayer": 0,
      "props": {},
      "tm": [
        [0.606118,0.0,-0.795375],
        [0.0,1.0,0.0],
        [0.795375,0.0,0.606118],
        [9950.12,537.411,-9011.93]
      ],
      "type": "Point"
    },
    "bdt_t1_bomb_zone_08_aaa_point_04": {
      "objLayer": 0,
      "props": {},
      "tm": [
        [0.606118,0.0,-0.795375],
        [0.0,1.0,0.0],
        [0.795375,0.0,0.606118],
        [10363.0,540.528,-8962.43]
      ],
      "type": "Point"
    },
    "bdt_t1_bomb_zone_09": {
      "objLayer": 0,
      "props": {},
      "tm": [
        [26.2869,0.0,-449.231],
        [0.0,450.0,0.0],
        [449.231,0.0,26.2869],
        [6799.8,548.417,-6942.18]
      ],
      "type": "Sphere"
    },
    "bdt_t1_bomb_zone_09_aaa_point_01": {
      "objLayer": 0,
      "props": {},
      "tm": [
        [0.606118,0.0,-0.795375],
        [0.0,1.0,0.0],
        [0.795375,0.0,0.606118],
        [6599.52,548.107,-6541.45]
      ],
      "type": "Point"
    },
    "bdt_t1_bomb_zone_09_aaa_point_02": {
      "objLayer": 0,
      "props": {},
      "tm": [
        [0.606118,0.0,-0.795375],
        [0.0,1.0,0.0],
        [0.795375,0.0,0.606118],
        [6392.29,539.596,-6989.86]
      ],
      "type": "Point"
    },
    "bdt_t1_bomb_zone_09_aaa_point_03": {
      "objLayer": 0,
      "props": {},
      "tm": [
        [0.606118,0.0,-0.795375],
        [0.0,1.0,0.0],
        [0.795375,0.0,0.606118],
        [7199.92,553.825,-6558.05]
      ],
      "type": "Point"
    },
    "bdt_t1_bomb_zone_09_aaa_point_04": {
      "objLayer": 0,
      "props": {},
      "tm": [
        [0.606118,0.0,-0.795375],
        [0.0,1.0,0.0],
        [0.795375,0.0,0.606118],
        [6692.65,540.189,-7331.7]
      ],
      "type": "Point"
    },
    "bdt_t1_bomb_zone_10": {
      "objLayer": 0,
      "props": {},
      "tm": [
        [26.2869,0.0,-449.231],
        [0.0,450.0,0.0],
        [449.231,0.0,26.2869],
        [4358.19,547.782,-10313.4]
      ],
      "type": "Sphere"
    },
    "bdt_t1_bomb_zone_10_aaa_point_01": {
      "objLayer": 0,
      "props": {},
      "tm": [
        [0.606118,0.0,-0.795375],
        [0.0,1.0,0.0],
        [0.795375,0.0,0.606118],
        [4105.46,538.441,-10043.8]
      ],
      "type": "Point"
    },
    "bdt_t1_bomb_zone_10_aaa_point_02": {
      "objLayer": 0,
      "props": {},
      "tm": [
        [0.606118,0.0,-0.795375],
        [0.0,1.0,0.0],
        [0.795375,0.0,0.606118],
        [4679.31,533.691,-10005.6]
      ],
      "type": "Point"
    },
    "bdt_t1_bomb_zone_10_aaa_point_03": {
      "objLayer": 0,
      "props": {},
      "tm": [
        [0.606118,0.0,-0.795375],
        [0.0,1.0,0.0],
        [0.795375,0.0,0.606118],
        [4171.18,524.736,-10500.0]
      ],
      "type": "Point"
    },
    "bdt_t1_bomb_zone_10_aaa_point_04": {
      "objLayer": 0,
      "props": {},
      "tm": [
        [0.606118,0.0,-0.795375],
        [0.0,1.0,0.0],
        [0.795375,0.0,0.606118],
        [4549.18,564.789,-10570.8]
      ],
      "type": "Point"
    },
    "bdt_t2_bomb_zone_01": {
      "objLayer": 0,
      "props": {},
      "tm": [
        [-287.276,0.0,-346.372],
        [0.0,450.0,0.0],
        [346.372,0.0,-287.276],
        [5748.1,530.712,8380.71]
      ],
      "type": "Sphere"
    },
    "bdt_t2_bomb_zone_01_aaa_point_01": {
      "objLayer": 0,
      "props": {},
      "tm": [
        [-0.0995204,0.0,-0.995034],
        [0.0,1.0,0.0],
        [0.995034,0.0,-0.0995204],
        [5522.77,532.845,8376.38]
      ],
      "type": "Point"
    },
    "bdt_t2_bomb_zone_01_aaa_point_02": {
      "objLayer": 0,
      "props": {},
      "tm": [
        [-0.0995204,0.0,-0.995034],
        [0.0,1.0,0.0],
        [0.995034,0.0,-0.0995204],
        [6018.66,532.47,8491.21]
      ],
      "type": "Point"
    },
    "bdt_t2_bomb_zone_01_aaa_point_03": {
      "objLayer": 0,
      "props": {},
      "tm": [
        [-0.0995204,0.0,-0.995034],
        [0.0,1.0,0.0],
        [0.995034,0.0,-0.0995204],
        [6014.89,531.053,8372.26]
      ],
      "type": "Point"
    },
    "bdt_t2_bomb_zone_01_aaa_point_04": {
      "objLayer": 0,
      "props": {},
      "tm": [
        [-0.0995204,0.0,-0.995034],
        [0.0,1.0,0.0],
        [0.995034,0.0,-0.0995204],
        [5999.99,527.315,7987.07]
      ],
      "type": "Point"
    },
    "bdt_t2_bomb_zone_02": {
      "objLayer": 0,
      "props": {},
      "tm": [
        [-247.088,0.0,-376.097],
        [0.0,450.0,0.0],
        [376.097,0.0,-247.088],
        [-5637.95,1669.42,8150.79]
      ],
      "type": "Sphere"
    },
    "bdt_t2_bomb_zone_02_aaa_point_01": {
      "objLayer": 0,
      "props": {},
      "tm": [
        [0.0114527,0.0,-0.999933],
        [0.0,1.0,0.0],
        [0.999933,0.0,0.0114527],
        [-5789.59,1666.78,8347.72]
      ],
      "type": "Point"
    },
    "bdt_t2_bomb_zone_02_aaa_point_02": {
      "objLayer": 0,
      "props": {},
      "tm": [
        [0.0114527,0.0,-0.999933],
        [0.0,1.0,0.0],
        [0.999933,0.0,0.0114527],
        [-5316.5,1668.62,8089.36]
      ],
      "type": "Point"
    },
    "bdt_t2_bomb_zone_02_aaa_point_03": {
      "objLayer": 0,
      "props": {},
      "tm": [
        [0.0114527,0.0,-0.999933],
        [0.0,1.0,0.0],
        [0.999933,0.0,0.0114527],
        [-5531.36,1672.42,8409.21]
      ],
      "type": "Point"
    },
    "bdt_t2_bomb_zone_02_aaa_point_04": {
      "objLayer": 0,
      "props": {},
      "tm": [
        [0.0114527,0.0,-0.999933],
        [0.0,1.0,0.0],
        [0.999933,0.0,0.0114527],
        [-5674.47,1666.71,7924.32]
      ],
      "type": "Point"
    },
    "bdt_t2_bomb_zone_03": {
      "objLayer": 0,
      "props": {},
      "tm": [
        [219.507,0.0,-392.831],
        [0.0,450.0,0.0],
        [392.831,0.0,219.507],
        [-10525.8,224.908,10551.7]
      ],
      "type": "Sphere"
    },
    "bdt_t2_bomb_zone_03_aaa_point_01": {
      "objLayer": 0,
      "props": {},
      "tm": [
        [0.0114527,0.0,-0.999933],
        [0.0,1.0,0.0],
        [0.999933,0.0,0.0114527],
        [-10827.8,227.711,10214.3]
      ],
      "type": "Point"
    },
    "bdt_t2_bomb_zone_03_aaa_point_02": {
      "objLayer": 0,
      "props": {},
      "tm": [
        [0.0114527,0.0,-0.999933],
        [0.0,1.0,0.0],
        [0.999933,0.0,0.0114527],
        [-10253.5,221.647,10444.5]
      ],
      "type": "Point"
    },
    "bdt_t2_bomb_zone_03_aaa_point_03": {
      "objLayer": 0,
      "props": {},
      "tm": [
        [0.0114527,0.0,-0.999933],
        [0.0,1.0,0.0],
        [0.999933,0.0,0.0114527],
        [-10275.0,222.038,10751.1]
      ],
      "type": "Point"
    },
    "bdt_t2_bomb_zone_03_aaa_point_04": {
      "objLayer": 0,
      "props": {},
      "tm": [
        [0.0114527,0.0,-0.999933],
        [0.0,1.0,0.0],
        [0.999933,0.0,0.0114527],
        [-10771.4,227.566,10723.9]
      ],
      "type": "Point"
    },
    "bdt_t2_bomb_zone_04": {
      "objLayer": 0,
      "props": {},
      "tm": [
        [-36.6509,0.0,-448.503],
        [0.0,450.0,0.0],
        [448.503,0.0,-36.6509],
        [9159.63,670.716,8846.29]
      ],
      "type": "Sphere"
    },
    "bdt_t2_bomb_zone_04_aaa_point_01": {
      "objLayer": 0,
      "props": {},
      "tm": [
        [-0.0995204,0.0,-0.995034],
        [0.0,1.0,0.0],
        [0.995034,0.0,-0.0995204],
        [9365.3,666.568,8585.32]
      ],
      "type": "Point"
    },
    "bdt_t2_bomb_zone_04_aaa_point_02": {
      "objLayer": 0,
      "props": {},
      "tm": [
        [-0.0995204,0.0,-0.995034],
        [0.0,1.0,0.0],
        [0.995034,0.0,-0.0995204],
        [9389.42,666.33,9042.53]
      ],
      "type": "Point"
    },
    "bdt_t2_bomb_zone_04_aaa_point_03": {
      "objLayer": 0,
      "props": {},
      "tm": [
        [-0.0995204,0.0,-0.995034],
        [0.0,1.0,0.0],
        [0.995034,0.0,-0.0995204],
        [8909.84,666.173,8753.16]
      ],
      "type": "Point"
    },
    "bdt_t2_bomb_zone_04_aaa_point_04": {
      "objLayer": 0,
      "props": {},
      "tm": [
        [-0.0995204,0.0,-0.995034],
        [0.0,1.0,0.0],
        [0.995034,0.0,-0.0995204],
        [8960.4,626.428,8992.24]
      ],
      "type": "Point"
    },
    "bdt_t2_bomb_zone_05": {
      "objLayer": 0,
      "props": {},
      "tm": [
        [-36.6509,0.0,-448.503],
        [0.0,450.0,0.0],
        [448.503,0.0,-36.6509],
        [8347.8,237.06,11552.6]
      ],
      "type": "Sphere"
    },
    "bdt_t2_bomb_zone_05_aaa_point_01": {
      "objLayer": 0,
      "props": {},
      "tm": [
        [-0.0995204,0.0,-0.995034],
        [0.0,1.0,0.0],
        [0.995034,0.0,-0.0995204],
        [8021.08,236.754,11669.6]
      ],
      "type": "Point"
    },
    "bdt_t2_bomb_zone_05_aaa_point_02": {
      "objLayer": 0,
      "props": {},
      "tm": [
        [-0.0995204,0.0,-0.995034],
        [0.0,1.0,0.0],
        [0.995034,0.0,-0.0995204],
        [8531.15,239.646,11225.0]
      ],
      "type": "Point"
    },
    "bdt_t2_bomb_zone_05_aaa_point_03": {
      "objLayer": 0,
      "props": {},
      "tm": [
        [-0.0995204,0.0,-0.995034],
        [0.0,1.0,0.0],
        [0.995034,0.0,-0.0995204],
        [8653.38,238.788,11390.9]
      ],
      "type": "Point"
    },
    "bdt_t2_bomb_zone_05_aaa_point_04": {
      "objLayer": 0,
      "props": {},
      "tm": [
        [-0.0995204,0.0,-0.995034],
        [0.0,1.0,0.0],
        [0.995034,0.0,-0.0995204],
        [8423.86,236.438,11869.9]
      ],
      "type": "Point"
    },
    "bdt_t2_bomb_zone_06": {
      "objLayer": 0,
      "props": {},
      "tm": [
        [178.111,0.0,-413.252],
        [0.0,450.0,0.0],
        [413.252,0.0,178.111],
        [2962.64,475.776,10326.4]
      ],
      "type": "Sphere"
    },
    "bdt_t2_bomb_zone_06_aaa_point_01": {
      "objLayer": 0,
      "props": {},
      "tm": [
        [0.379073,0.0,-0.92537],
        [0.0,1.0,0.0],
        [0.92537,0.0,0.379073],
        [2787.41,479.906,10622.4]
      ],
      "type": "Point"
    },
    "bdt_t2_bomb_zone_06_aaa_point_02": {
      "objLayer": 0,
      "props": {},
      "tm": [
        [0.379073,0.0,-0.92537],
        [0.0,1.0,0.0],
        [0.92537,0.0,0.379073],
        [3353.82,474.016,10108.5]
      ],
      "type": "Point"
    },
    "bdt_t2_bomb_zone_06_aaa_point_03": {
      "objLayer": 0,
      "props": {},
      "tm": [
        [0.379073,0.0,-0.92537],
        [0.0,1.0,0.0],
        [0.92537,0.0,0.379073],
        [3063.76,472.965,9959.21]
      ],
      "type": "Point"
    },
    "bdt_t2_bomb_zone_06_aaa_point_04": {
      "objLayer": 0,
      "props": {},
      "tm": [
        [0.379073,0.0,-0.92537],
        [0.0,1.0,0.0],
        [0.92537,0.0,0.379073],
        [2614.08,473.628,9903.68]
      ],
      "type": "Point"
    },
    "bdt_t2_bomb_zone_07": {
      "objLayer": 0,
      "props": {},
      "tm": [
        [-36.6509,0.0,-448.503],
        [0.0,450.0,0.0],
        [448.503,0.0,-36.6509],
        [5457.55,501.714,10723.1]
      ],
      "type": "Sphere"
    },
    "bdt_t2_bomb_zone_07_aaa_point_01": {
      "objLayer": 0,
      "props": {},
      "tm": [
        [-0.0995204,0.0,-0.995034],
        [0.0,1.0,0.0],
        [0.995034,0.0,-0.0995204],
        [5051.57,507.108,10851.6]
      ],
      "type": "Point"
    },
    "bdt_t2_bomb_zone_07_aaa_point_02": {
      "objLayer": 0,
      "props": {},
      "tm": [
        [-0.0995204,0.0,-0.995034],
        [0.0,1.0,0.0],
        [0.995034,0.0,-0.0995204],
        [5695.73,497.581,10367.7]
      ],
      "type": "Point"
    },
    "bdt_t2_bomb_zone_07_aaa_point_03": {
      "objLayer": 0,
      "props": {},
      "tm": [
        [-0.0995204,0.0,-0.995034],
        [0.0,1.0,0.0],
        [0.995034,0.0,-0.0995204],
        [5906.22,503.92,10800.7]
      ],
      "type": "Point"
    },
    "bdt_t2_bomb_zone_07_aaa_point_04": {
      "objLayer": 0,
      "props": {},
      "tm": [
        [-0.0995204,0.0,-0.995034],
        [0.0,1.0,0.0],
        [0.995034,0.0,-0.0995204],
        [5338.06,512.34,11107.7]
      ],
      "type": "Point"
    },
    "bdt_t2_bomb_zone_08": {
      "objLayer": 0,
      "props": {},
      "tm": [
        [219.507,0.0,-392.831],
        [0.0,450.0,0.0],
        [392.831,0.0,219.507],
        [-10419.5,268.244,7733.49]
      ],
      "type": "Sphere"
    },
    "bdt_t2_bomb_zone_08_aaa_point_01": {
      "objLayer": 0,
      "props": {},
      "tm": [
        [0.0114527,0.0,-0.999933],
        [0.0,1.0,0.0],
        [0.999933,0.0,0.0114527],
        [-10463.9,269.015,7513.59]
      ],
      "type": "Point"
    },
    "bdt_t2_bomb_zone_08_aaa_point_02": {
      "objLayer": 0,
      "props": {},
      "tm": [
        [0.0114527,0.0,-0.999933],
        [0.0,1.0,0.0],
        [0.999933,0.0,0.0114527],
        [-10554.6,266.461,8041.08]
      ],
      "type": "Point"
    },
    "bdt_t2_bomb_zone_08_aaa_point_03": {
      "objLayer": 0,
      "props": {},
      "tm": [
        [0.0114527,0.0,-0.999933],
        [0.0,1.0,0.0],
        [0.999933,0.0,0.0114527],
        [-10089.6,267.235,7745.25]
      ],
      "type": "Point"
    },
    "bdt_t2_bomb_zone_08_aaa_point_04": {
      "objLayer": 0,
      "props": {},
      "tm": [
        [0.0114527,0.0,-0.999933],
        [0.0,1.0,0.0],
        [0.999933,0.0,0.0114527],
        [-10288.5,266.687,8045.98]
      ],
      "type": "Point"
    },
    "bdt_t2_bomb_zone_09": {
      "objLayer": 0,
      "props": {},
      "tm": [
        [219.507,0.0,-392.831],
        [0.0,450.0,0.0],
        [392.831,0.0,219.507],
        [-8337.52,304.898,10999.5]
      ],
      "type": "Sphere"
    },
    "bdt_t2_bomb_zone_09_aaa_point_01": {
      "objLayer": 0,
      "props": {},
      "tm": [
        [0.0114527,0.0,-0.999933],
        [0.0,1.0,0.0],
        [0.999933,0.0,0.0114527],
        [-8660.33,289.976,10771.2]
      ],
      "type": "Point"
    },
    "bdt_t2_bomb_zone_09_aaa_point_02": {
      "objLayer": 0,
      "props": {},
      "tm": [
        [0.0114527,0.0,-0.999933],
        [0.0,1.0,0.0],
        [0.999933,0.0,0.0114527],
        [-8251.25,285.073,11284.0]
      ],
      "type": "Point"
    },
    "bdt_t2_bomb_zone_09_aaa_point_03": {
      "objLayer": 0,
      "props": {},
      "tm": [
        [0.0114527,0.0,-0.999933],
        [0.0,1.0,0.0],
        [0.999933,0.0,0.0114527],
        [-8136.43,-87.6411,10693.4]
      ],
      "type": "Point"
    },
    "bdt_t2_bomb_zone_09_aaa_point_04": {
      "objLayer": 0,
      "props": {},
      "tm": [
        [0.0114527,0.0,-0.999933],
        [0.0,1.0,0.0],
        [0.999933,0.0,0.0114527],
        [-8717.3,287.468,11144.7]
      ],
      "type": "Point"
    },
    "bdt_t2_bomb_zone_10": {
      "objLayer": 0,
      "props": {},
      "tm": [
        [219.507,0.0,-392.831],
        [0.0,450.0,0.0],
        [392.831,0.0,219.507],
        [-5113.2,826.634,11772.0]
      ],
      "type": "Sphere"
    },
    "bdt_t2_bomb_zone_10_aaa_point_01": {
      "objLayer": 0,
      "props": {},
      "tm": [
        [0.0114527,0.0,-0.999933],
        [0.0,1.0,0.0],
        [0.999933,0.0,0.0114527],
        [-5619.99,822.04,11364.3]
      ],
      "type": "Point"
    },
    "bdt_t2_bomb_zone_10_aaa_point_02": {
      "objLayer": 0,
      "props": {},
      "tm": [
        [0.0114527,0.0,-0.999933],
        [0.0,1.0,0.0],
        [0.999933,0.0,0.0114527],
        [-4906.83,825.236,11480.2]
      ],
      "type": "Point"
    },
    "bdt_t2_bomb_zone_10_aaa_point_03": {
      "objLayer": 0,
      "props": {},
      "tm": [
        [0.0114527,0.0,-0.999933],
        [0.0,1.0,0.0],
        [0.999933,0.0,0.0114527],
        [-5677.13,820.34,11912.7]
      ],
      "type": "Point"
    },
    "bdt_t2_bomb_zone_10_aaa_point_04": {
      "objLayer": 0,
      "props": {},
      "tm": [
        [0.0114527,0.0,-0.999933],
        [0.0,1.0,0.0],
        [0.999933,0.0,0.0114527],
        [-4827.18,821.445,11981.9]
      ],
      "type": "Point"
    },
    "bomb_zones_area": {
      "objLayer": 3,
      "props": {},
      "tm": [
        [-17998.5,0.0,219.905],
        [0.0,18000.0,0.0],
        [-219.905,0.0,-17998.5],
        [0.0,846.658,0.0]
      ],
      "type": "Sphere"
    }
  },
  "bin_dump_file": "",
  "dialogs": {},
  "effects": {},
  "imports": {
    "import_record": {
      "excludes": {},
      "file": "gameData/missions/templates/air_templates/jip/air_bdt_bases_destroy_template.blk",
      "importAreas": true,
      "importMissionObjectives": true,
      "importTriggers": true,
      "importUnits": true,
      "importWayPoints": true,
      "showAreas": true,
      "showMissionObjectives": true,
      "showTriggers": true,
      "showUnits": true,
      "showWayPoints": true
    }
  },
  "mission_objectives": {
    "isCategory": true,
    "is_enabled": true
  },
  "mission_settings": {
    "mission": {
      "environment": "Day",
      "level": "levels/air_smolensk.bin",
      "optionalTakeOff": false,
      "restoreType": "attempts",
      "type": "domination",
      "weather": "hazy"
    },
    "player": {
      "army": 1
    },
    "player_teamB": {
      "army": 2
    }
  },
  "objLayers": {
    "layer": [
      {
        "enabled": true
      },
      {
        "enabled": true
      },
      {
        "enabled": true
      },
      {
        "enabled": false
      },
      {
        "enabled": false
      }
    ]
  },
  "selected_tag": "",
  "triggers": {
    "isCategory": true,
    "is_enabled": true
  },
  "units": {
    "air_defence": [
      {
        "applyAllMods": false,
        "bullets0": "",
        "bullets1": "",
        "bullets2": "",
        "bullets3": "",
        "bulletsCount0": 0,
        "bulletsCount1": 0,
        "bulletsCount2": 0,
        "bulletsCount3": 0,
        "closed_waypoints": false,
        "crewSkillK": 0.0,
        "isShipSpline": false,
        "name": "bdt_t2_aaa",
        "objLayer": 1,
        "props": {
          "army": 2,
          "attack_type": "fire_at_will",
          "calmDetection": true,
          "count": 16,
          "formation_div": 3,
          "formation_noise": [0.1,0.1],
          "formation_step": [2.5,2.0],
          "formation_type": "rows",
          "isDelayed": true,
          "targetableByAi": false,
          "uniqueName": ""
        },
        "shipTurnRadius": 100.0,
        "tm": [
          [-0.519596,0.0,0.854412],
          [0.0,1.0,0.0],
          [-0.854412,0.0,-0.519596],
          [82245.0,145.796,-14373.9]
        ],
        "unit_class": "germ_88mm_flak36",
        "way": {},
        "weapons": ""
      },
      {
        "applyAllMods": false,
        "bullets0": "",
        "bullets1": "",
        "bullets2": "",
        "bullets3": "",
        "bulletsCount0": 0,
        "bulletsCount1": 0,
        "bulletsCount2": 0,
        "bulletsCount3": 0,
        "closed_waypoints": false,
        "crewSkillK": 0.0,
        "isShipSpline": false,
        "name": "bdt_t1_aaa",
        "objLayer": 1,
        "props": {
          "army": 1,
          "attack_type": "fire_at_will",
          "calmDetection": true,
          "count": 16,
          "formation_div": 3,
          "formation_noise": [0.1,0.1],
          "formation_step": [2.5,2.0],
          "formation_type": "rows",
          "isDelayed": true,
          "targetableByAi": false,
          "uniqueName": ""
        },
        "shipTurnRadius": 100.0,
        "tm": [
          [-0.519596,0.0,0.854412],
          [0.0,1.0,0.0],
          [-0.854412,0.0,-0.519596],
          [82378.2,145.795,-15962.6]
        ],
        "unit_class": "ussr_85mm_52k",
        "way": {},
        "weapons": ""
      }
    ],
    "objectGroups": [
      {
        "name": "bdt_t2_bomb_object_01",
        "objLayer": 2,
        "props": {
          "active": true,
          "army": 2
        },
        "tm": [
          [-0.638389,0.0,-0.769711],
          [0.0,1.0,0.0],
          [0.769711,0.0,-0.638389],
          [5751.72,530.641,8374.64]
        ],
        "unit_class": "dynBase_hq_camp_square"
      },
      {
        "name": "bdt_t2_bomb_object_02",
        "objLayer": 2,
        "props": {
          "active": true,
          "army": 2
        },
        "tm": [
          [-0.969465,0.0,-0.245238],
          [0.0,1.0,0.0],
          [0.245238,0.0,-0.969465],
          [-5649.01,1669.1,8169.45]
        ],
        "unit_class": "dynBase_fuel_storage_square"
      },
      {
        "name": "bdt_t2_bomb_object_03",
        "objLayer": 2,
        "props": {
          "active": true,
          "army": 2
        },
        "tm": [
          [0.487799,0.0,-0.872959],
          [0.0,1.0,0.0],
          [0.872959,0.0,0.487799],
          [-10530.4,224.959,10543.1]
        ],
        "unit_class": "dynBase_oil_storage_small_square"
      },
      {
        "name": "bdt_t1_bomb_object_01",
        "objLayer": 2,
        "props": {
          "active": true,
          "army": 1
        },
        "tm": [
          [0.0584183,0.0,-0.998292],
          [0.0,1.0,0.0],
          [0.998292,0.0,0.0584183],
          [8503.92,275.155,-11976.2]
        ],
        "unit_class": "dynBase_fuel_storage_square"
      },
      {
        "name": "bdt_t1_bomb_object_02",
        "objLayer": 2,
        "props": {
          "active": false,
          "army": 1
        },
        "tm": [
          [0.717507,0.0,-0.696551],
          [0.0,1.0,0.0],
          [0.696551,0.0,0.717507],
          [6404.62,401.386,-9178.37]
        ],
        "unit_class": "dynBase_small_factory_square"
      },
      {
        "name": "bdt_t1_bomb_object_03",
        "objLayer": 2,
        "props": {
          "active": false,
          "army": 1
        },
        "tm": [
          [0.563254,0.0,-0.826284],
          [0.0,1.0,0.0],
          [0.826284,0.0,0.563254],
          [-7495.83,2006.83,-7274.42]
        ],
        "unit_class": "dynBase_oil_storage_small_square"
      },
      {
        "name": "bdt_t2_bomb_object_04",
        "objLayer": 2,
        "props": {
          "active": true,
          "army": 2
        },
        "tm": [
          [-0.0814466,0.0,-0.996677],
          [0.0,1.0,0.0],
          [0.996677,0.0,-0.0814466],
          [9162.02,670.782,8853.83]
        ],
        "unit_class": "dynBase_small_factory_square"
      },
      {
        "name": "bdt_t1_bomb_object_04",
        "objLayer": 2,
        "props": {
          "active": false,
          "army": 1
        },
        "tm": [
          [0.238425,0.0,-0.971161],
          [0.0,1.0,0.0],
          [0.971161,0.0,0.238425],
          [-9232.97,944.032,-6191.66]
        ],
        "unit_class": "dynBase_field_camp_square"
      },
      {
        "name": "bdt_t1_bomb_object_05",
        "objLayer": 2,
        "props": {
          "active": false,
          "army": 1
        },
        "tm": [
          [0.238425,0.0,-0.971161],
          [0.0,1.0,0.0],
          [0.971161,0.0,0.238425],
          [-11919.7,950.232,-6888.54]
        ],
        "unit_class": "dynBase_military_base_square"
      },
      {
        "name": "bdt_t1_bomb_object_06",
        "objLayer": 2,
        "props": {
          "active": false,
          "army": 1
        },
        "tm": [
          [0.238425,0.0,-0.971161],
          [0.0,1.0,0.0],
          [0.971161,0.0,0.238425],
          [-10272.0,1361.12,-9603.33]
        ],
        "unit_class": "dynBase_oil_storage_large_square"
      },
      {
        "name": "bdt_t1_bomb_object_07",
        "objLayer": 2,
        "props": {
          "active": false,
          "army": 1
        },
        "tm": [
          [0.238425,0.0,-0.971161],
          [0.0,1.0,0.0],
          [0.971161,0.0,0.238425],
          [-6318.79,1997.0,-8954.34]
        ],
        "unit_class": "dynBase_oil_storage_large_square"
      },
      {
        "name": "bdt_t1_bomb_object_08",
        "objLayer": 2,
        "props": {
          "active": true,
          "army": 1
        },
        "tm": [
          [0.0584183,0.0,-0.998292],
          [0.0,1.0,0.0],
          [0.998292,0.0,0.0584183],
          [10189.7,538.217,-8737.4]
        ],
        "unit_class": "dynBase_small_factory_square"
      },
      {
        "name": "bdt_t1_bomb_object_09",
        "objLayer": 2,
        "props": {
          "active": true,
          "army": 1
        },
        "tm": [
          [0.0584183,0.0,-0.998292],
          [0.0,1.0,0.0],
          [0.998292,0.0,0.0584183],
          [6796.07,548.125,-6930.25]
        ],
        "unit_class": "dynBase_petrol_camp_square"
      },
      {
        "name": "bdt_t1_bomb_object_10",
        "objLayer": 2,
        "props": {
          "active": true,
          "army": 1
        },
        "tm": [
          [0.0584183,0.0,-0.998292],
          [0.0,1.0,0.0],
          [0.998292,0.0,0.0584183],
          [4354.4,545.614,-10301.2]
        ],
        "unit_class": "dynBase_petrol_camp_square"
      },
      {
        "name": "bdt_t2_bomb_object_05",
        "objLayer": 2,
        "props": {
          "active": true,
          "army": 2
        },
        "tm": [
          [-0.0814466,0.0,-0.996677],
          [0.0,1.0,0.0],
          [0.996677,0.0,-0.0814466],
          [8350.33,236.993,11559.8]
        ],
        "unit_class": "dynBase_petrol_camp_square"
      },
      {
        "name": "bdt_t2_bomb_object_06",
        "objLayer": 2,
        "props": {
          "active": true,
          "army": 2
        },
        "tm": [
          [0.3958,0.0,-0.918337],
          [0.0,1.0,0.0],
          [0.918337,0.0,0.3958],
          [2961.6,475.856,10334.2]
        ],
        "unit_class": "dynBase_military_base_square"
      },
      {
        "name": "bdt_t2_bomb_object_07",
        "objLayer": 2,
        "props": {
          "active": true,
          "army": 2
        },
        "tm": [
          [-0.0814466,0.0,-0.996677],
          [0.0,1.0,0.0],
          [0.996677,0.0,-0.0814466],
          [5460.23,501.736,10730.6]
        ],
        "unit_class": "dynBase_fuel_storage_square"
      },
      {
        "name": "bdt_t2_bomb_object_08",
        "objLayer": 2,
        "props": {
          "active": true,
          "army": 2
        },
        "tm": [
          [0.487799,0.0,-0.872959],
          [0.0,1.0,0.0],
          [0.872959,0.0,0.487799],
          [-10424.3,268.38,7724.93]
        ],
        "unit_class": "dynBase_ammunition_storage_square"
      },
      {
        "name": "bdt_t2_bomb_object_09",
        "objLayer": 2,
        "props": {
          "active": true,
          "army": 2
        },
        "tm": [
          [0.487799,0.0,-0.872959],
          [0.0,1.0,0.0],
          [0.872959,0.0,0.487799],
          [-8342.15,286.213,10990.8]
        ],
        "unit_class": "dynBase_field_camp_square"
      },
      {
        "name": "bdt_t2_bomb_object_10",
        "objLayer": 2,
        "props": {
          "active": true,
          "army": 2
        },
        "tm": [
          [0.487799,0.0,-0.872959],
          [0.0,1.0,0.0],
          [0.872959,0.0,0.487799],
          [-5117.73,821.857,11763.4]
        ],
        "unit_class": "dynBase_oil_storage_small_square"
      }
    ],
    "squad": [
      {
        "name": "bdt_t1_targets_squad",
        "props": {
          "object_marking": 0,
          "squad_members": [
            "bdt_t1_bomb_zone_01_bomb_target",
            "bdt_t1_bomb_zone_02_bomb_target",
            "bdt_t1_bomb_zone_03_bomb_target",
            "bdt_t1_bomb_zone_04_bomb_target",
            "bdt_t1_bomb_zone_05_bomb_target",
            "bdt_t1_bomb_zone_06_bomb_target",
            "bdt_t1_bomb_zone_07_bomb_target",
            "bdt_t1_bomb_zone_08_bomb_target",
            "bdt_t1_bomb_zone_09_bomb_target",
            "bdt_t1_bomb_zone_10_bomb_target"
          ]
        },
        "tm": [
          [0.606118,0.0,-0.795375],
          [0.0,1.0,0.0],
          [0.795375,0.0,0.606118],
          [2914.87,720.229,-22617.2]
        ]
      },
      {
        "name": "bdt_t2_targets_squad",
        "props": {
          "object_marking": 0,
          "squad_members": [
            "bdt_t2_bomb_zone_01_bomb_target",
            "bdt_t2_bomb_zone_02_bomb_target",
            "bdt_t2_bomb_zone_03_bomb_target",
            "bdt_t2_bomb_zone_04_bomb_target",
            "bdt_t2_bomb_zone_05_bomb_target",
            "bdt_t2_bomb_zone_06_bomb_target",
            "bdt_t2_bomb_zone_07_bomb_target",
            "bdt_t2_bomb_zone_08_bomb_target",
            "bdt_t2_bomb_zone_09_bomb_target",
            "bdt_t2_bomb_zone_10_bomb_target"
          ]
        },
        "tm": [
          [-0.0995204,0.0,-0.995034],
          [0.0,1.0,0.0],
          [0.995034,0.0,-0.0995204],
          [16276.1,728.331,8948.11]
        ]
      },
      {
        "name": "bdt_t2_aaa_squad",
        "props": {
          "object_marking": 0,
          "squad_members": "bdt_t2_aaa"
        },
        "tm": [
          [-0.851015,0.0,0.52514],
          [0.0,1.0,0.0],
          [-0.52514,0.0,-0.851015],
          [17625.7,721.81,7044.98]
        ]
      },
      {
        "name": "bdt_t1_aaa_squad",
        "props": {
          "object_marking": 0,
          "squad_members": "bdt_t1_aaa"
        },
        "tm": [
          [-0.851015,0.0,0.52514],
          [0.0,1.0,0.0],
          [-0.52514,0.0,-0.851015],
          [5936.05,719.225,-23932.8]
        ]
      }
    ],
    "structures": [
      {
        "applyAllMods": false,
        "bullets0": "",
        "bullets1": "",
        "bullets2": "",
        "bullets3": "",
        "bulletsCount0": 0,
        "bulletsCount1": 0,
        "bulletsCount2": 0,
        "bulletsCount3": 0,
        "closed_waypoints": false,
        "crewSkillK": 0.0,
        "isShipSpline": false,
        "name": "bdt_t2_bomb_zone_01_bomb_target",
        "objLayer": 2,
        "props": {
          "army": 2,
          "attack_type": "fire_at_will",
          "count": 1,
          "formation_div": 3,
          "formation_noise": [0.1,0.1],
          "formation_step": [2.5,2.0],
          "formation_type": "rows",
          "isDelayed": false,
          "setStealth": true,
          "stealthRadius": 0.0,
          "targetableByAi": false,
          "uniqueName": ""
        },
        "shipTurnRadius": 100.0,
        "tm": [
          [-0.638389,0.0,-0.769711],
