{
  "airfields": {},
  "areas": {
    "at_area": {
      "objLayer": 0,
      "props": {},
      "tm": [
        [9177.26,0.0,13106.5],
        [0.0,16000.0,0.0],
        [-13106.5,0.0,9177.26],
        [5456.0,600.0,438.0]
      ],
      "type": "Sphere"
    },
    "at_t1_spawn_01_01": {
      "objLayer": 0,
      "props": {},
      "tm": [
        [0.805925,0.0,-0.592019],
        [0.0,1.0,0.0],
        [0.592019,0.0,0.805925],
        [315.909,599.99,6581.39]
      ],
      "type": "Point"
    },
    "at_t1_spawn_01_02": {
      "objLayer": 0,
      "props": {},
      "tm": [
        [0.805925,0.0,-0.592019],
        [0.0,1.0,0.0],
        [0.592019,0.0,0.805925],
        [-2061.5,599.991,3174.23]
      ],
      "type": "Point"
    },
    "at_t1_spawn_02_01": {
      "objLayer": 0,
      "props": {},
      "tm": [
        [0.805925,0.0,-0.592019],
        [0.0,1.0,0.0],
        [0.592019,0.0,0.805925],
        [2052.06,599.99,7663.74]
      ],
      "type": "Point"
    },
    "at_t1_spawn_02_02": {
      "objLayer": 0,
      "props": {},
      "tm": [
        [0.805925,0.0,-0.592019],
        [0.0,1.0,0.0],
        [0.592019,0.0,0.805925],
        [-2485.0,599.99,1136.99]
      ],
      "type": "Point"
    },
    "at_t2_spawn_01_01": {
      "objLayer": 0,
      "props": {},
      "tm": [
        [-0.805925,0.0,0.592019],
        [0.0,1.0,0.0],
        [-0.592019,0.0,-0.805925],
        [12974.3,600.0,-2286.49]
      ],
      "type": "Point"
    },
    "at_t2_spawn_01_02": {
      "objLayer": 0,
      "props": {},
      "tm": [
        [-0.805925,0.0,0.592019],
        [0.0,1.0,0.0],
        [-0.592019,0.0,-0.805925],
        [10600.5,600.0,-5687.51]
      ],
      "type": "Point"
    },
    "at_t2_spawn_02_01": {
      "objLayer": 0,
      "props": {},
      "tm": [
        [-0.805925,0.0,0.592019],
        [0.0,1.0,0.0],
        [-0.592019,0.0,-0.805925],
        [8829.14,600.0,-6840.9]
      ],
      "type": "Point"
    },
    "at_t2_spawn_02_02": {
      "objLayer": 0,
      "props": {},
      "tm": [
        [-0.805925,0.0,0.592019],
        [0.0,1.0,0.0],
        [-0.592019,0.0,-0.805925],
        [13412.6,600.001,-310.182]
      ],
      "type": "Point"
    }
  },
  "bin_dump_file": "",
  "dialogs": {},
  "effects": {},
  "imports": {
    "import_record": {
      "excludes": {},
      "file": "gameData/missions/templates/air_templates/gs/assaults_gs_template.blk",
      "importAreas": true,
      "importMissionObjectives": true,
      "importTriggers": true,
      "importUnits": true,
      "importWayPoints": true,
      "showAreas": true,
      "showMissionObjectives": true,
      "showTriggers": true,
      "showUnits": true,
      "showWayPoints": true
    }
  },
  "mission_objectives": {
    "isCategory": true,
    "is_enabled": true
  },
  "mission_settings": {
    "mission": {
      "deathPenaltyMulRounds": 0.0,
      "environment": "Day",
      "level": "levels/berlin.bin",
      "stars": {
        "day": 2,
        "latitude": 52.5,
        "longitude": 13.0,
        "month": 4,
        "year": 1945
      },
      "type": "domination",
      "weather": "hazy"
    },
    "player": {
      "army": 1,
      "wing": ""
    },
    "player_teamB": {
      "army": 2,
      "wing": ""
    },
    "spectator_points": {}
  },
  "objLayers": {},
  "selected_tag": "",
  "triggers": {
    "isCategory": true,
    "is_enabled": true
  },
  "units": {},
  "variables": {
    "ai_assaults_saved": 0,
    "ft_helicopters_pad_exclusive": false
  },
  "wayPoints": {}
}