{
  "airfields": [],
  "areas": {
    "at_area": {
      "objLayer": 0,
      "props": [],
      "tm": [
        [-15998.9,0.0,195.472],
        [0.0,16000.0,0.0],
        [-195.472,0.0,-15998.9],
        [0.0,3000.0,0.0]
      ],
      "type": "Sphere"
    },
    "at_t1_spawn_01_01": {
      "objLayer": 0,
      "props": [],
      "tm": [
        [0.0476142,0.0,0.998867],
        [0.0,1.0,0.0],
        [-0.998867,0.0,0.0476142],
        [-2276.34,2999.99,-7679.83]
      ],
      "type": "Point"
    },
    "at_t1_spawn_01_02": {
      "objLayer": 0,
      "props": [],
      "tm": [
        [0.0476142,0.0,0.998867],
        [0.0,1.0,0.0],
        [-0.998867,0.0,0.0476142],
        [1877.19,2999.99,-7776.59]
      ],
      "type": "Point"
    },
    "at_t1_spawn_02_01": {
      "objLayer": 0,
      "props": [],
      "tm": [
        [0.0476142,0.0,0.998867],
        [0.0,1.0,0.0],
        [-0.998867,0.0,0.0476142],
        [3769.67,2999.99,-7052.82]
      ],
      "type": "Point"
    },
    "at_t1_spawn_02_02": {
      "objLayer": 0,
      "props": [],
      "tm": [
        [0.0476142,0.0,0.998867],
        [0.0,1.0,0.0],
        [-0.998867,0.0,0.0476142],
        [-4082.36,2999.99,-6878.85]
      ],
      "type": "Point"
    },
    "at_t2_spawn_01_01": {
      "objLayer": 0,
      "props": [],
      "tm": [
        [-0.0476142,0.0,-0.998867],
        [0.0,1.0,0.0],
        [0.998867,0.0,-0.0476142],
        [-1887.3,3000.0,7770.76]
      ],
      "type": "Point"
    },
    "at_t2_spawn_01_02": {
      "objLayer": 0,
      "props": [],
      "tm": [
        [-0.0476142,0.0,-0.998867],
        [0.0,1.0,0.0],
        [0.998867,0.0,-0.0476142],
        [2259.06,3000.0,7673.66]
      ],
      "type": "Point"
    },
    "at_t2_spawn_02_01": {
      "objLayer": 0,
      "props": [],
      "tm": [
        [-0.0476142,0.0,-0.998867],
        [0.0,1.0,0.0],
        [0.998867,0.0,-0.0476142],
        [4401.98,3000.01,6867.66]
      ],
      "type": "Point"
    },
    "at_t2_spawn_02_02": {
      "objLayer": 0,
      "props": [],
      "tm": [
        [-0.0476142,0.0,-0.998867],
        [0.0,1.0,0.0],
        [0.998867,0.0,-0.0476142],
        [-3782.9,3000.0,7027.99]
      ],
      "type": "Point"
    }
  },
  "bin_dump_file": "",
  "dialogs": [],
  "effects": [],
  "imports": {
    "import_record": {
      "excludes": [],
      "file": "gameData/missions/templates/air_templates/gs/assaults_gs_template.blk",
      "importAreas": true,
      "importMissionObjectives": true,
      "importTriggers": true,
      "importUnits": true,
      "importWayPoints": true,
      "showAreas": true,
      "showMissionObjectives": true,
      "showTriggers": true,
      "showUnits": true,
      "showWayPoints": true
    }
  },
  "mission_objectives": {
    "isCategory": true,
    "is_enabled": true
  },
  "mission_settings": {
    "mission": {
      "deathPenaltyMulRounds": 0.0,
      "environment": "Day",
      "level": "levels/berlin.bin",
      "stars": {
        "day": 2,
        "latitude": 52.5,
        "longitude": 13.0,
        "month": 4,
        "year": 1945
      },
      "type": "domination",
      "weather": "hazy"
    },
    "player": {
      "army": 1,
      "wing": ""
    },
    "player_teamB": {
      "army": 2,
      "wing": ""
    },
    "spectator_points": []
  },
  "objLayers": [],
  "selected_tag": "",
  "triggers": {
    "isCategory": true,
    "is_enabled": true
  },
  "units": [],
  "variables": {
    "ai_assaults_saved": 0,
    "ft_helicopters_pad_exclusive": false
  },
  "wayPoints": []
}