{
  "airfields": {},
  "areas": {
    "bdt_t1_bomb_zone_01": {
      "objLayer": 0,
      "props": {},
      "tm": [
        [50.8028,0.0,-447.123],
        [0.0,450.0,0.0],
        [447.123,0.0,50.8028],
        [12578.4,39.5026,-2974.29]
      ],
      "type": "Sphere"
    },
    "bdt_t1_bomb_zone_01_aaa_point_01": {
      "objLayer": 0,
      "props": {},
      "tm": [
        [0.648687,0.0,-0.761055],
        [0.0,1.0,0.0],
        [0.761055,0.0,0.648687],
        [12750.4,42.8848,-3162.18]
      ],
      "type": "Point"
    },
    "bdt_t1_bomb_zone_01_aaa_point_02": {
      "objLayer": 0,
      "props": {},
      "tm": [
        [0.648687,0.0,-0.761055],
        [0.0,1.0,0.0],
        [0.761055,0.0,0.648687],
        [12465.5,36.8317,-2747.67]
      ],
      "type": "Point"
    },
    "bdt_t1_bomb_zone_01_aaa_point_03": {
      "objLayer": 0,
      "props": {},
      "tm": [
        [0.648687,0.0,-0.761055],
        [0.0,1.0,0.0],
        [0.761055,0.0,0.648687],
        [12383.3,52.3639,-3102.23]
      ],
      "type": "Point"
    },
    "bdt_t1_bomb_zone_01_aaa_point_04": {
      "objLayer": 0,
      "props": {},
      "tm": [
        [0.648687,0.0,-0.761055],
        [0.0,1.0,0.0],
        [0.761055,0.0,0.648687],
        [12350.3,45.6023,-2876.12]
      ],
      "type": "Point"
    },
    "bdt_t1_bomb_zone_02": {
      "objLayer": 0,
      "props": {},
      "tm": [
        [267.559,0.0,-361.818],
        [0.0,450.0,0.0],
        [361.818,0.0,267.559],
        [7555.96,57.7515,-4352.2]
      ],
      "type": "Sphere"
    },
    "bdt_t1_bomb_zone_02_aaa_point_01": {
      "objLayer": 0,
      "props": {},
      "tm": [
        [0.648687,0.0,-0.761055],
        [0.0,1.0,0.0],
        [0.761055,0.0,0.648687],
        [7824.15,55.4916,-4386.82]
      ],
      "type": "Point"
    },
    "bdt_t1_bomb_zone_02_aaa_point_02": {
      "objLayer": 0,
      "props": {},
      "tm": [
        [0.648687,0.0,-0.761055],
        [0.0,1.0,0.0],
        [0.761055,0.0,0.648687],
        [7696.09,125.053,-4126.34]
      ],
      "type": "Point"
    },
    "bdt_t1_bomb_zone_02_aaa_point_03": {
      "objLayer": 0,
      "props": {},
      "tm": [
        [0.648687,0.0,-0.761055],
        [0.0,1.0,0.0],
        [0.761055,0.0,0.648687],
        [7174.96,86.1747,-4592.6]
      ],
      "type": "Point"
    },
    "bdt_t1_bomb_zone_02_aaa_point_04": {
      "objLayer": 0,
      "props": {},
      "tm": [
        [0.648687,0.0,-0.761055],
        [0.0,1.0,0.0],
        [0.761055,0.0,0.648687],
        [7371.39,133.825,-4079.67]
      ],
      "type": "Point"
    },
    "bdt_t1_bomb_zone_03": {
      "objLayer": 0,
      "props": {},
      "tm": [
        [242.544,0.0,-379.04],
        [0.0,450.0,0.0],
        [379.04,0.0,242.544],
        [1104.64,41.4671,-3376.93]
      ],
      "type": "Sphere"
    },
    "bdt_t1_bomb_zone_03_aaa_point_01": {
      "objLayer": 0,
      "props": {},
      "tm": [
        [0.560277,0.0,-0.828305],
        [0.0,1.0,0.0],
        [0.828305,0.0,0.560277],
        [799.202,45.8384,-3339.3]
      ],
      "type": "Point"
    },
    "bdt_t1_bomb_zone_03_aaa_point_02": {
      "objLayer": 0,
      "props": {},
      "tm": [
        [0.560277,0.0,-0.828305],
        [0.0,1.0,0.0],
        [0.828305,0.0,0.560277],
        [1346.33,38.5196,-3391.84]
      ],
      "type": "Point"
    },
    "bdt_t1_bomb_zone_03_aaa_point_03": {
      "objLayer": 0,
      "props": {},
      "tm": [
        [0.560277,0.0,-0.828305],
        [0.0,1.0,0.0],
        [0.828305,0.0,0.560277],
        [1249.27,45.2871,-3129.29]
      ],
      "type": "Point"
    },
    "bdt_t1_bomb_zone_03_aaa_point_04": {
      "objLayer": 0,
      "props": {},
      "tm": [
        [0.560277,0.0,-0.828305],
        [0.0,1.0,0.0],
        [0.828305,0.0,0.560277],
        [1063.33,43.0807,-3634.53]
      ],
      "type": "Point"
    },
    "bdt_t1_bomb_zone_04": {
      "objLayer": 0,
      "props": {},
      "tm": [
        [242.544,0.0,-379.04],
        [0.0,450.0,0.0],
        [379.04,0.0,242.544],
        [-1351.23,65.0026,-1984.51]
      ],
      "type": "Sphere"
    },
    "bdt_t1_bomb_zone_04_aaa_point_01": {
      "objLayer": 0,
      "props": {},
      "tm": [
        [0.560277,0.0,-0.828305],
        [0.0,1.0,0.0],
        [0.828305,0.0,0.560277],
        [-1301.42,67.1929,-2297.41]
      ],
      "type": "Point"
    },
    "bdt_t1_bomb_zone_04_aaa_point_02": {
      "objLayer": 0,
      "props": {},
      "tm": [
        [0.560277,0.0,-0.828305],
        [0.0,1.0,0.0],
        [0.828305,0.0,0.560277],
        [-1105.36,65.12,-2043.05]
      ],
      "type": "Point"
    },
    "bdt_t1_bomb_zone_04_aaa_point_03": {
      "objLayer": 0,
      "props": {},
      "tm": [
        [0.560277,0.0,-0.828305],
        [0.0,1.0,0.0],
        [0.828305,0.0,0.560277],
        [-1595.5,66.0482,-2142.46]
      ],
      "type": "Point"
    },
    "bdt_t1_bomb_zone_04_aaa_point_04": {
      "objLayer": 0,
      "props": {},
      "tm": [
        [0.560277,0.0,-0.828305],
        [0.0,1.0,0.0],
        [0.828305,0.0,0.560277],
        [-1213.32,64.4606,-1702.54]
      ],
      "type": "Point"
    },
    "bdt_t1_bomb_zone_05": {
      "objLayer": 0,
      "props": {},
      "tm": [
        [242.544,0.0,-379.04],
        [0.0,450.0,0.0],
        [379.04,0.0,242.544],
        [-2336.67,50.8619,-3447.96]
      ],
      "type": "Sphere"
    },
    "bdt_t1_bomb_zone_05_aaa_point_01": {
      "objLayer": 0,
      "props": {},
      "tm": [
        [0.560277,0.0,-0.828305],
        [0.0,1.0,0.0],
        [0.828305,0.0,0.560277],
        [-2470.78,51.1197,-3208.98]
      ],
      "type": "Point"
    },
    "bdt_t1_bomb_zone_05_aaa_point_02": {
      "objLayer": 0,
      "props": {},
      "tm": [
        [0.560277,0.0,-0.828305],
        [0.0,1.0,0.0],
        [0.828305,0.0,0.560277],
        [-2483.16,50.2193,-3396.0]
      ],
      "type": "Point"
    },
    "bdt_t1_bomb_zone_05_aaa_point_03": {
      "objLayer": 0,
      "props": {},
      "tm": [
        [0.560277,0.0,-0.828305],
        [0.0,1.0,0.0],
        [0.828305,0.0,0.560277],
        [-2205.47,51.4292,-3704.02]
      ],
      "type": "Point"
    },
    "bdt_t1_bomb_zone_05_aaa_point_04": {
      "objLayer": 0,
      "props": {},
      "tm": [
        [0.560277,0.0,-0.828305],
        [0.0,1.0,0.0],
        [0.828305,0.0,0.560277],
        [-2067.19,52.1313,-3514.41]
      ],
      "type": "Point"
    },
    "bdt_t1_bomb_zone_06": {
      "objLayer": 0,
      "props": {},
      "tm": [
        [242.544,0.0,-379.04],
        [0.0,450.0,0.0],
        [379.04,0.0,242.544],
        [394.609,45.9549,-4676.59]
      ],
      "type": "Sphere"
    },
    "bdt_t1_bomb_zone_06_aaa_point_01": {
      "objLayer": 0,
      "props": {},
      "tm": [
        [0.560277,0.0,-0.828305],
        [0.0,1.0,0.0],
        [0.828305,0.0,0.560277],
        [57.4675,41.247,-4687.28]
      ],
      "type": "Point"
    },
    "bdt_t1_bomb_zone_06_aaa_point_02": {
      "objLayer": 0,
      "props": {},
      "tm": [
        [0.560277,0.0,-0.828305],
        [0.0,1.0,0.0],
        [0.828305,0.0,0.560277],
        [165.205,43.5046,-4446.88]
      ],
      "type": "Point"
    },
    "bdt_t1_bomb_zone_06_aaa_point_03": {
      "objLayer": 0,
      "props": {},
      "tm": [
        [0.560277,0.0,-0.828305],
        [0.0,1.0,0.0],
        [0.828305,0.0,0.560277],
        [656.215,47.48,-4511.87]
      ],
      "type": "Point"
    },
    "bdt_t1_bomb_zone_06_aaa_point_04": {
      "objLayer": 0,
      "props": {},
      "tm": [
        [0.560277,0.0,-0.828305],
        [0.0,1.0,0.0],
        [0.828305,0.0,0.560277],
        [436.515,43.2537,-4971.32]
      ],
      "type": "Point"
    },
    "bdt_t1_bomb_zone_07": {
      "objLayer": 0,
      "props": {},
      "tm": [
        [242.544,0.0,-379.04],
        [0.0,450.0,0.0],
        [379.04,0.0,242.544],
        [2504.31,56.0841,-5190.11]
      ],
      "type": "Sphere"
    },
    "bdt_t1_bomb_zone_07_aaa_point_01": {
      "objLayer": 0,
      "props": {},
      "tm": [
        [0.560277,0.0,-0.828305],
        [0.0,1.0,0.0],
        [0.828305,0.0,0.560277],
        [2804.71,57.3861,-5167.31]
      ],
      "type": "Point"
    },
    "bdt_t1_bomb_zone_07_aaa_point_02": {
      "objLayer": 0,
      "props": {},
      "tm": [
        [0.560277,0.0,-0.828305],
        [0.0,1.0,0.0],
        [0.828305,0.0,0.560277],
        [2156.15,50.0902,-5211.86]
      ],
      "type": "Point"
    },
    "bdt_t1_bomb_zone_07_aaa_point_03": {
      "objLayer": 0,
      "props": {},
      "tm": [
        [0.560277,0.0,-0.828305],
        [0.0,1.0,0.0],
        [0.828305,0.0,0.560277],
        [2541.76,45.2269,-5524.02]
      ],
      "type": "Point"
    },
    "bdt_t1_bomb_zone_07_aaa_point_04": {
      "objLayer": 0,
      "props": {},
      "tm": [
        [0.560277,0.0,-0.828305],
        [0.0,1.0,0.0],
        [0.828305,0.0,0.560277],
        [2688.67,54.6546,-4833.17]
      ],
      "type": "Point"
    },
    "bdt_t1_bomb_zone_08": {
      "objLayer": 0,
      "props": {},
      "tm": [
        [50.8028,0.0,-447.123],
        [0.0,450.0,0.0],
        [447.123,0.0,50.8028],
        [12327.2,49.9999,-1261.4]
      ],
      "type": "Sphere"
    },
    "bdt_t1_bomb_zone_08_aaa_point_01": {
      "objLayer": 0,
      "props": {},
      "tm": [
        [0.648687,0.0,-0.761055],
        [0.0,1.0,0.0],
        [0.761055,0.0,0.648687],
        [12506.0,-6.15579,-1007.23]
      ],
      "type": "Point"
    },
    "bdt_t1_bomb_zone_08_aaa_point_02": {
      "objLayer": 0,
      "props": {},
      "tm": [
        [0.648687,0.0,-0.761055],
        [0.0,1.0,0.0],
        [0.761055,0.0,0.648687],
        [12056.7,51.2027,-1118.5]
      ],
      "type": "Point"
    },
    "bdt_t1_bomb_zone_08_aaa_point_03": {
      "objLayer": 0,
      "props": {},
      "tm": [
        [0.648687,0.0,-0.761055],
        [0.0,1.0,0.0],
        [0.761055,0.0,0.648687],
        [12098.6,48.7745,-1536.69]
      ],
      "type": "Point"
    },
    "bdt_t1_bomb_zone_08_aaa_point_04": {
      "objLayer": 0,
      "props": {},
      "tm": [
        [0.648687,0.0,-0.761055],
        [0.0,1.0,0.0],
        [0.761055,0.0,0.648687],
        [12508.2,51.8915,-1464.69]
      ],
      "type": "Point"
    },
    "bdt_t1_bomb_zone_09": {
      "objLayer": 0,
      "props": {},
      "tm": [
        [50.8028,0.0,-447.123],
        [0.0,450.0,0.0],
        [447.123,0.0,50.8028],
        [9738.98,55.2049,-2062.88]
      ],
      "type": "Sphere"
    },
    "bdt_t1_bomb_zone_09_aaa_point_01": {
      "objLayer": 0,
      "props": {},
      "tm": [
        [0.648687,0.0,-0.761055],
        [0.0,1.0,0.0],
        [0.761055,0.0,0.648687],
        [9517.09,54.8956,-1673.7]
      ],
      "type": "Point"
    },
    "bdt_t1_bomb_zone_09_aaa_point_02": {
      "objLayer": 0,
      "props": {},
      "tm": [
        [0.648687,0.0,-0.761055],
        [0.0,1.0,0.0],
        [0.761055,0.0,0.648687],
        [9334.68,46.3844,-2132.77]
      ],
      "type": "Point"
    },
    "bdt_t1_bomb_zone_09_aaa_point_03": {
      "objLayer": 0,
      "props": {},
      "tm": [
        [0.648687,0.0,-0.761055],
        [0.0,1.0,0.0],
        [0.761055,0.0,0.648687],
        [10117.5,60.6134,-1657.46]
      ],
      "type": "Point"
    },
    "bdt_t1_bomb_zone_09_aaa_point_04": {
      "objLayer": 0,
      "props": {},
      "tm": [
        [0.648687,0.0,-0.761055],
        [0.0,1.0,0.0],
        [0.761055,0.0,0.648687],
        [9653.28,46.9775,-2457.68]
      ],
      "type": "Point"
    },
    "bdt_t1_bomb_zone_10": {
      "objLayer": 0,
      "props": {},
      "tm": [
        [50.8028,0.0,-447.123],
        [0.0,450.0,0.0],
        [447.123,0.0,50.8028],
        [7006.78,45.9167,-6160.43]
      ],
      "type": "Sphere"
    },
    "bdt_t1_bomb_zone_10_aaa_point_01": {
      "objLayer": 0,
      "props": {},
      "tm": [
        [0.648687,0.0,-0.761055],
        [0.0,1.0,0.0],
        [0.761055,0.0,0.648687],
        [6739.7,36.5765,-5905.12]
      ],
      "type": "Point"
    },
    "bdt_t1_bomb_zone_10_aaa_point_02": {
      "objLayer": 0,
      "props": {},
      "tm": [
        [0.648687,0.0,-0.761055],
        [0.0,1.0,0.0],
        [0.761055,0.0,0.648687],
        [7310.6,31.8262,-5835.59]
      ],
      "type": "Point"
    },
    "bdt_t1_bomb_zone_10_aaa_point_03": {
      "objLayer": 0,
      "props": {},
      "tm": [
        [0.648687,0.0,-0.761055],
        [0.0,1.0,0.0],
        [0.761055,0.0,0.648687],
        [6830.25,22.8715,-6357.04]
      ],
      "type": "Point"
    },
    "bdt_t1_bomb_zone_10_aaa_point_04": {
      "objLayer": 0,
      "props": {},
      "tm": [
        [0.648687,0.0,-0.761055],
        [0.0,1.0,0.0],
        [0.761055,0.0,0.648687],
        [7211.56,62.9245,-6407.03]
      ],
      "type": "Point"
    },
    "bdt_t2_bomb_zone_01": {
      "objLayer": 0,
      "props": {},
      "tm": [
        [-146.297,0.0,-425.557],
        [0.0,450.0,0.0],
        [425.557,0.0,-146.297],
        [6725.65,36.8231,12506.0]
      ],
      "type": "Sphere"
    },
    "bdt_t2_bomb_zone_01_aaa_point_01": {
      "objLayer": 0,
      "props": {},
      "tm": [
        [0.258624,0.0,-0.965976],
        [0.0,1.0,0.0],
        [0.965976,0.0,0.258624],
        [6516.39,38.9554,12422.3]
      ],
      "type": "Point"
    },
    "bdt_t2_bomb_zone_01_aaa_point_02": {
      "objLayer": 0,
      "props": {},
      "tm": [
        [0.258624,0.0,-0.965976],
        [0.0,1.0,0.0],
        [0.965976,0.0,0.258624],
        [6939.68,38.5806,12705.0]
      ],
      "type": "Point"
    },
    "bdt_t2_bomb_zone_01_aaa_point_03": {
      "objLayer": 0,
      "props": {},
      "tm": [
        [0.258624,0.0,-0.965976],
        [0.0,1.0,0.0],
        [0.965976,0.0,0.258624],
        [6978.2,37.164,12592.4]
      ],
      "type": "Point"
    },
    "bdt_t2_bomb_zone_01_aaa_point_04": {
      "objLayer": 0,
      "props": {},
      "tm": [
        [0.258624,0.0,-0.965976],
        [0.0,1.0,0.0],
        [0.965976,0.0,0.258624],
        [7100.42,33.426,12226.8]
      ],
      "type": "Point"
    },
    "bdt_t2_bomb_zone_02": {
      "objLayer": 0,
      "props": {},
      "tm": [
        [-98.1956,0.0,-439.157],
        [0.0,450.0,0.0],
        [439.157,0.0,-98.1956],
        [-3015.82,29.6393,8172.86]
      ],
      "type": "Sphere"
    },
    "bdt_t2_bomb_zone_02_aaa_point_01": {
      "objLayer": 0,
      "props": {},
      "tm": [
        [0.364165,0.0,-0.931333],
        [0.0,1.0,0.0],
        [0.931333,0.0,0.364165],
        [-3227.28,27.0016,8303.48]
      ],
      "type": "Point"
    },
    "bdt_t2_bomb_zone_02_aaa_point_02": {
      "objLayer": 0,
      "props": {},
      "tm": [
        [0.364165,0.0,-0.931333],
        [0.0,1.0,0.0],
        [0.931333,0.0,0.364165],
        [-2693.4,28.843,8229.02]
      ],
      "type": "Point"
    },
    "bdt_t2_bomb_zone_02_aaa_point_03": {
      "objLayer": 0,
      "props": {},
      "tm": [
        [0.364165,0.0,-0.931333],
        [0.0,1.0,0.0],
        [0.931333,0.0,0.364165],
        [-3007.45,32.6476,8452.28]
      ],
      "type": "Point"
    },
    "bdt_t2_bomb_zone_02_aaa_point_04": {
      "objLayer": 0,
      "props": {},
      "tm": [
        [0.364165,0.0,-0.931333],
        [0.0,1.0,0.0],
        [0.931333,0.0,0.364165],
        [-2969.93,26.9288,7948.1]
      ],
      "type": "Point"
    },
    "bdt_t2_bomb_zone_03": {
      "objLayer": 0,
      "props": {},
      "tm": [
        [344.193,0.0,-289.881],
        [0.0,450.0,0.0],
        [289.881,0.0,344.193],
        [-4442.83,26.8989,6012.36]
      ],
      "type": "Sphere"
    },
    "bdt_t2_bomb_zone_03_aaa_point_01": {
      "objLayer": 0,
      "props": {},
      "tm": [
        [0.364165,0.0,-0.931333],
        [0.0,1.0,0.0],
        [0.931333,0.0,0.364165],
        [-4606.1,29.7015,5589.99]
      ],
      "type": "Point"
    },
    "bdt_t2_bomb_zone_03_aaa_point_02": {
      "objLayer": 0,
      "props": {},
      "tm": [
        [0.364165,0.0,-0.931333],
        [0.0,1.0,0.0],
        [0.931333,0.0,0.364165],
        [-4150.24,23.6381,6008.28]
      ],
      "type": "Point"
    },
    "bdt_t2_bomb_zone_03_aaa_point_03": {
      "objLayer": 0,
      "props": {},
      "tm": [
        [0.364165,0.0,-0.931333],
        [0.0,1.0,0.0],
        [0.931333,0.0,0.364165],
        [-4278.76,24.0283,6287.52]
      ],
      "type": "Point"
    },
    "bdt_t2_bomb_zone_03_aaa_point_04": {
      "objLayer": 0,
      "props": {},
      "tm": [
        [0.364165,0.0,-0.931333],
        [0.0,1.0,0.0],
        [0.931333,0.0,0.364165],
        [-4733.48,29.5563,6086.61]
      ],
      "type": "Point"
    },
    "bdt_t2_bomb_zone_04": {
      "objLayer": 0,
      "props": {},
      "tm": [
        [124.25,0.0,-432.505],
        [0.0,450.0,0.0],
        [432.505,0.0,124.25],
        [9352.99,27.9018,10146.2]
      ],
      "type": "Sphere"
    },
    "bdt_t2_bomb_zone_04_aaa_point_01": {
      "objLayer": 0,
      "props": {},
      "tm": [
        [0.258624,0.0,-0.965976],
        [0.0,1.0,0.0],
        [0.965976,0.0,0.258624],
        [9637.63,23.7547,9974.78]
      ],
      "type": "Point"
    },
    "bdt_t2_bomb_zone_04_aaa_point_02": {
      "objLayer": 0,
      "props": {},
      "tm": [
        [0.258624,0.0,-0.965976],
        [0.0,1.0,0.0],
        [0.965976,0.0,0.258624],
        [9498.58,23.5163,10411.0]
      ],
      "type": "Point"
    },
    "bdt_t2_bomb_zone_04_aaa_point_03": {
      "objLayer": 0,
      "props": {},
      "tm": [
        [0.258624,0.0,-0.965976],
        [0.0,1.0,0.0],
        [0.965976,0.0,0.258624],
        [9152.24,23.3592,9970.78]
      ],
      "type": "Point"
    },
    "bdt_t2_bomb_zone_04_aaa_point_04": {
      "objLayer": 0,
      "props": {},
      "tm": [
        [0.258624,0.0,-0.965976],
        [0.0,1.0,0.0],
        [0.965976,0.0,0.258624],
        [9115.03,-16.386,10212.3]
      ],
      "type": "Point"
    },
    "bdt_t2_bomb_zone_05": {
      "objLayer": 0,
      "props": {},
      "tm": [
        [124.25,0.0,-432.505],
        [0.0,450.0,0.0],
        [432.505,0.0,124.25],
        [11333.8,25.8069,10116.1]
      ],
      "type": "Sphere"
    },
    "bdt_t2_bomb_zone_05_aaa_point_01": {
      "objLayer": 0,
      "props": {},
      "tm": [
        [0.258624,0.0,-0.965976],
        [0.0,1.0,0.0],
        [0.965976,0.0,0.258624],
        [10986.8,25.5015,10110.1]
      ],
      "type": "Point"
    },
    "bdt_t2_bomb_zone_05_aaa_point_02": {
      "objLayer": 0,
      "props": {},
      "tm": [
        [0.258624,0.0,-0.965976],
        [0.0,1.0,0.0],
        [0.965976,0.0,0.258624],
        [11621.1,28.3933,9874.51]
      ],
      "type": "Point"
    },
    "bdt_t2_bomb_zone_05_aaa_point_03": {
      "objLayer": 0,
      "props": {},
      "tm": [
        [0.258624,0.0,-0.965976],
        [0.0,1.0,0.0],
        [0.965976,0.0,0.258624],
        [11676.8,27.5352,10072.9]
      ],
      "type": "Point"
    },
    "bdt_t2_bomb_zone_05_aaa_point_04": {
      "objLayer": 0,
      "props": {},
      "tm": [
        [0.258624,0.0,-0.965976],
        [0.0,1.0,0.0],
        [0.965976,0.0,0.258624],
        [11292.8,25.1855,10439.8]
      ],
      "type": "Point"
    },
    "bdt_t2_bomb_zone_06": {
      "objLayer": 0,
      "props": {},
      "tm": [
        [312.687,0.0,-323.616],
        [0.0,450.0,0.0],
        [323.616,0.0,312.687],
        [9125.62,27.991,11950.4]
      ],
      "type": "Sphere"
    },
    "bdt_t2_bomb_zone_06_aaa_point_01": {
      "objLayer": 0,
      "props": {},
      "tm": [
        [0.681697,0.0,-0.731639],
        [0.0,1.0,0.0],
        [0.731639,0.0,0.681697],
        [8857.05,32.1202,12165.4]
      ],
      "type": "Point"
    },
    "bdt_t2_bomb_zone_06_aaa_point_02": {
      "objLayer": 0,
      "props": {},
      "tm": [
        [0.681697,0.0,-0.731639],
        [0.0,1.0,0.0],
        [0.731639,0.0,0.681697],
        [9568.54,26.2302,11884.9]
      ],
      "type": "Point"
    },
    "bdt_t2_bomb_zone_06_aaa_point_03": {
      "objLayer": 0,
      "props": {},
      "tm": [
        [0.681697,0.0,-0.731639],
        [0.0,1.0,0.0],
        [0.731639,0.0,0.681697],
        [9349.99,25.1797,11642.7]
      ],
      "type": "Point"
    },
    "bdt_t2_bomb_zone_06_aaa_point_04": {
      "objLayer": 0,
      "props": {},
      "tm": [
        [0.681697,0.0,-0.731639],
        [0.0,1.0,0.0],
        [0.731639,0.0,0.681697],
        [8948.97,25.8431,11431.8]
      ],
      "type": "Point"
    },
    "bdt_t2_bomb_zone_07": {
      "objLayer": 0,
      "props": {},
      "tm": [
        [124.25,0.0,-432.505],
        [0.0,450.0,0.0],
        [432.505,0.0,124.25],
        [6565.2,33.8812,13542.1]
      ],
      "type": "Sphere"
    },
    "bdt_t2_bomb_zone_07_aaa_point_01": {
      "objLayer": 0,
      "props": {},
      "tm": [
        [0.258624,0.0,-0.965976],
        [0.0,1.0,0.0],
        [0.965976,0.0,0.258624],
        [6140.01,39.2755,13518.8]
      ],
      "type": "Point"
    },
    "bdt_t2_bomb_zone_07_aaa_point_02": {
      "objLayer": 0,
      "props": {},
      "tm": [
        [0.258624,0.0,-0.965976],
        [0.0,1.0,0.0],
        [0.965976,0.0,0.258624],
        [6913.6,29.7485,13293.9]
      ],
      "type": "Point"
    },
    "bdt_t2_bomb_zone_07_aaa_point_03": {
      "objLayer": 0,
      "props": {},
      "tm": [
        [0.258624,0.0,-0.965976],
        [0.0,1.0,0.0],
        [0.965976,0.0,0.258624],
        [6957.47,36.0872,13773.3]
      ],
      "type": "Point"
    },
    "bdt_t2_bomb_zone_07_aaa_point_04": {
      "objLayer": 0,
      "props": {},
      "tm": [
        [0.258624,0.0,-0.965976],
        [0.0,1.0,0.0],
        [0.965976,0.0,0.258624],
        [6317.45,44.5074,13859.7]
      ],
      "type": "Point"
    },
    "bdt_t2_bomb_zone_08": {
      "objLayer": 0,
      "props": {},
      "tm": [
        [344.193,0.0,-289.881],
        [0.0,450.0,0.0],
        [289.881,0.0,344.193],
        [-5696.0,33.4666,5062.9]
      ],
      "type": "Sphere"
    },
    "bdt_t2_bomb_zone_08_aaa_point_01": {
      "objLayer": 0,
      "props": {},
      "tm": [
        [0.364165,0.0,-0.931333],
        [0.0,1.0,0.0],
        [0.931333,0.0,0.364165],
        [-5659.75,34.238,4841.52]
      ],
      "type": "Point"
    },
    "bdt_t2_bomb_zone_08_aaa_point_02": {
      "objLayer": 0,
      "props": {},
      "tm": [
        [0.364165,0.0,-0.931333],
        [0.0,1.0,0.0],
        [0.931333,0.0,0.364165],
        [-5931.07,31.6834,5302.89]
      ],
      "type": "Point"
    },
    "bdt_t2_bomb_zone_08_aaa_point_03": {
      "objLayer": 0,
      "props": {},
      "tm": [
        [0.364165,0.0,-0.931333],
        [0.0,1.0,0.0],
        [0.931333,0.0,0.364165],
        [-5391.55,32.4572,5190.51]
      ],
      "type": "Point"
    },
    "bdt_t2_bomb_zone_08_aaa_point_04": {
      "objLayer": 0,
      "props": {},
      "tm": [
        [0.364165,0.0,-0.931333],
        [0.0,1.0,0.0],
        [0.931333,0.0,0.364165],
        [-5683.91,31.9099,5401.52]
      ],
      "type": "Point"
    },
    "bdt_t2_bomb_zone_09": {
      "objLayer": 0,
      "props": {},
      "tm": [
        [344.193,0.0,-289.881],
        [0.0,450.0,0.0],
        [289.881,0.0,344.193],
        [-4348.58,40.3232,9113.71]
      ],
      "type": "Sphere"
    },
    "bdt_t2_bomb_zone_09_aaa_point_01": {
      "objLayer": 0,
      "props": {},
      "tm": [
        [0.364165,0.0,-0.931333],
        [0.0,1.0,0.0],
        [0.931333,0.0,0.364165],
        [-4569.86,25.4011,8786.04]
      ],
      "type": "Point"
    },
    "bdt_t2_bomb_zone_09_aaa_point_02": {
      "objLayer": 0,
      "props": {},
      "tm": [
        [0.364165,0.0,-0.931333],
        [0.0,1.0,0.0],
        [0.931333,0.0,0.364165],
        [-4368.43,20.4983,9410.28]
      ],
      "type": "Point"
    },
    "bdt_t2_bomb_zone_09_aaa_point_03": {
      "objLayer": 0,
      "props": {},
      "tm": [
        [0.364165,0.0,-0.931333],
        [0.0,1.0,0.0],
        [0.931333,0.0,0.364165],
        [-4052.28,-352.216,8898.45]
      ],
      "type": "Point"
    },
    "bdt_t2_bomb_zone_09_aaa_point_04": {
      "objLayer": 0,
      "props": {},
      "tm": [
        [0.364165,0.0,-0.931333],
        [0.0,1.0,0.0],
        [0.931333,0.0,0.364165],
        [-4755.17,22.8935,9115.3]
      ],
      "type": "Point"
    },
    "bdt_t2_bomb_zone_10": {
      "objLayer": 0,
      "props": {},
      "tm": [
        [344.193,0.0,-289.881],
        [0.0,450.0,0.0],
        [289.881,0.0,344.193],
        [-2785.92,29.1798,10126.2]
      ],
      "type": "Sphere"
    },
    "bdt_t2_bomb_zone_10_aaa_point_01": {
      "objLayer": 0,
      "props": {},
      "tm": [
        [0.364165,0.0,-0.931333],
        [0.0,1.0,0.0],
        [0.931333,0.0,0.364165],
        [-3115.88,24.5854,9565.69]
      ],
      "type": "Point"
    },
    "bdt_t2_bomb_zone_10_aaa_point_02": {
      "objLayer": 0,
      "props": {},
      "tm": [
        [0.364165,0.0,-0.931333],
        [0.0,1.0,0.0],
        [0.931333,0.0,0.364165],
        [-2489.74,27.7814,9926.21]
      ],
      "type": "Point"
    },
    "bdt_t2_bomb_zone_10_aaa_point_03": {
      "objLayer": 0,
      "props": {},
      "tm": [
        [0.364165,0.0,-0.931333],
        [0.0,1.0,0.0],
        [0.931333,0.0,0.364165],
        [-3363.19,22.8852,10058.5]
      ],
      "type": "Point"
    },
    "bdt_t2_bomb_zone_10_aaa_point_04": {
      "objLayer": 0,
      "props": {},
      "tm": [
        [0.364165,0.0,-0.931333],
        [0.0,1.0,0.0],
        [0.931333,0.0,0.364165],
        [-2592.58,23.9902,10423.7]
      ],
      "type": "Point"
    },
    "bomb_zones_area": {
      "objLayer": 3,
      "props": {},
      "tm": [
        [-16914.3,0.0,-6156.31],
        [0.0,18000.0,0.0],
        [6156.31,0.0,-16914.3],
        [4000.0,151.736,4000.0]
      ],
      "type": "Sphere"
    }
  },
  "bin_dump_file": "",
  "dialogs": {},
  "effects": {},
  "imports": {
    "import_record": {
      "excludes": {},
      "file": "gameData/missions/templates/air_templates/jip/air_bdt_bases_destroy_template.blk",
      "importAreas": true,
      "importMissionObjectives": true,
      "importTriggers": true,
      "importUnits": true,
      "importWayPoints": true,
      "showAreas": true,
      "showMissionObjectives": true,
      "showTriggers": true,
      "showUnits": true,
      "showWayPoints": true
    }
  },
  "mission_objectives": {
    "isCategory": true,
    "is_enabled": true
  },
  "mission_settings": {
    "mission": {
      "environment": "Day",
      "level": "levels/air_smolensk.bin",
      "optionalTakeOff": false,
      "restoreType": "attempts",
      "type": "domination",
      "weather": "hazy"
    },
    "player": {
      "army": 1
    },
    "player_teamB": {
      "army": 2
    }
  },
  "objLayers": {
    "layer": [
      {
        "enabled": true
      },
      {
        "enabled": true
      },
      {
        "enabled": true
      },
      {
        "enabled": false
      },
      {
        "enabled": false
      }
    ]
  },
  "selected_tag": "",
  "triggers": {
    "isCategory": true,
    "is_enabled": true
  },
  "units": {
    "air_defence": [
      {
        "applyAllMods": false,
        "bullets0": "",
        "bullets1": "",
        "bullets2": "",
        "bullets3": "",
        "bulletsCount0": 0,
        "bulletsCount1": 0,
        "bulletsCount2": 0,
        "bulletsCount3": 0,
        "closed_waypoints": false,
        "crewSkillK": 0.0,
        "isShipSpline": false,
        "name": "bdt_t2_aaa",
        "objLayer": 1,
        "props": {
          "army": 2,
          "attack_type": "fire_at_will",
          "calmDetection": true,
          "count": 16,
          "formation_div": 3,
          "formation_noise": [0.1,0.1],
          "formation_step": [2.5,2.0],
          "formation_type": "rows",
          "isDelayed": true,
          "targetableByAi": false,
          "uniqueName": ""
        },
        "shipTurnRadius": 100.0,
        "tm": [
          [-0.519596,0.0,0.854412],
          [0.0,1.0,0.0],
          [-0.854412,0.0,-0.519596],
          [82245.0,145.796,-14373.9]
        ],
        "unit_class": "germ_88mm_flak36",
        "way": {},
        "weapons": ""
      },
      {
        "applyAllMods": false,
        "bullets0": "",
        "bullets1": "",
        "bullets2": "",
        "bullets3": "",
        "bulletsCount0": 0,
        "bulletsCount1": 0,
        "bulletsCount2": 0,
        "bulletsCount3": 0,
        "closed_waypoints": false,
        "crewSkillK": 0.0,
        "isShipSpline": false,
        "name": "bdt_t1_aaa",
        "objLayer": 1,
        "props": {
          "army": 1,
          "attack_type": "fire_at_will",
          "calmDetection": true,
          "count": 16,
          "formation_div": 3,
          "formation_noise": [0.1,0.1],
          "formation_step": [2.5,2.0],
          "formation_type": "rows",
          "isDelayed": true,
          "targetableByAi": false,
          "uniqueName": ""
        },
        "shipTurnRadius": 100.0,
        "tm": [
          [-0.519596,0.0,0.854412],
          [0.0,1.0,0.0],
          [-0.854412,0.0,-0.519596],
          [82378.2,145.795,-15962.6]
        ],
        "unit_class": "ussr_85mm_52k",
        "way": {},
        "weapons": ""
      }
    ],
    "objectGroups": [
      {
        "name": "bdt_t2_bomb_object_01",
        "objLayer": 2,
        "props": {
          "active": true,
          "army": 2
        },
        "tm": [
          [-0.325103,0.0,-0.945676],
          [0.0,1.0,0.0],
          [0.945676,0.0,-0.325103],
          [6731.18,36.7516,12501.6]
        ],
        "unit_class": "dynBase_hq_camp_square"
      },
      {
        "name": "bdt_t2_bomb_object_02",
        "objLayer": 2,
        "props": {
          "active": true,
          "army": 2
        },
        "tm": [
          [-0.820195,0.0,-0.572088],
          [0.0,1.0,0.0],
          [0.572088,0.0,-0.820195],
          [-3032.76,29.3232,8186.41]
        ],
        "unit_class": "dynBase_fuel_storage_square"
      },
      {
        "name": "bdt_t2_bomb_object_03",
        "objLayer": 2,
        "props": {
          "active": true,
          "army": 2
        },
        "tm": [
          [0.764878,0.0,-0.644179],
          [0.0,1.0,0.0],
          [0.644179,0.0,0.764878],
          [-4444.1,26.9497,6002.63]
        ],
        "unit_class": "dynBase_oil_storage_small_square"
      },
      {
        "name": "bdt_t1_bomb_object_01",
        "objLayer": 2,
        "props": {
          "active": true,
          "army": 1
        },
        "tm": [
          [0.112898,0.0,-0.993606],
          [0.0,1.0,0.0],
          [0.993606,0.0,0.112898],
          [12573.9,39.4608,-2962.36]
        ],
        "unit_class": "dynBase_fuel_storage_square"
      },
      {
        "name": "bdt_t1_bomb_object_02",
        "objLayer": 2,
        "props": {
          "active": false,
          "army": 1
        },
        "tm": [
          [0.754508,0.0,-0.65629],
          [0.0,1.0,0.0],
          [0.65629,0.0,0.754508],
          [7551.74,59.2355,-4349.99]
        ],
        "unit_class": "dynBase_small_factory_square"
      },
      {
        "name": "bdt_t1_bomb_object_03",
        "objLayer": 2,
        "props": {
          "active": false,
          "army": 1
        },
        "tm": [
          [0.818963,0.0,-0.573846],
          [0.0,1.0,0.0],
          [0.573846,0.0,0.818963],
          [1101.09,41.5981,-3372.48]
        ],
        "unit_class": "dynBase_oil_storage_small_square"
      },
      {
        "name": "bdt_t2_bomb_object_04",
        "objLayer": 2,
        "props": {
          "active": true,
          "army": 2
        },
        "tm": [
          [0.276112,0.0,-0.961125],
          [0.0,1.0,0.0],
          [0.961125,0.0,0.276112],
          [9352.56,27.9683,10154.1]
        ],
        "unit_class": "dynBase_small_factory_square"
      },
      {
        "name": "bdt_t1_bomb_object_04",
        "objLayer": 2,
        "props": {
          "active": false,
          "army": 1
        },
        "tm": [
          [0.566315,0.0,-0.824189],
          [0.0,1.0,0.0],
          [0.824189,0.0,0.566315],
          [-1356.22,65.0363,-1987.39]
        ],
        "unit_class": "dynBase_field_camp_square"
      },
      {
        "name": "bdt_t1_bomb_object_05",
        "objLayer": 2,
        "props": {
          "active": false,
          "army": 1
        },
        "tm": [
          [0.566315,0.0,-0.824189],
          [0.0,1.0,0.0],
          [0.824189,0.0,0.566315],
          [-2341.67,50.8397,-3450.92]
        ],
        "unit_class": "dynBase_military_base_square"
      },
      {
        "name": "bdt_t1_bomb_object_06",
        "objLayer": 2,
        "props": {
          "active": false,
          "army": 1
        },
        "tm": [
          [0.566315,0.0,-0.824189],
          [0.0,1.0,0.0],
          [0.824189,0.0,0.566315],
          [389.599,45.8972,-4679.46]
        ],
        "unit_class": "dynBase_oil_storage_large_square"
      },
      {
        "name": "bdt_t1_bomb_object_07",
        "objLayer": 2,
        "props": {
          "active": false,
          "army": 1
        },
        "tm": [
          [0.566315,0.0,-0.824189],
          [0.0,1.0,0.0],
          [0.824189,0.0,0.566315],
          [2499.21,55.969,-5193.01]
        ],
        "unit_class": "dynBase_oil_storage_large_square"
      },
      {
        "name": "bdt_t1_bomb_object_08",
        "objLayer": 2,
        "props": {
          "active": true,
          "army": 1
        },
        "tm": [
          [0.112898,0.0,-0.993606],
          [0.0,1.0,0.0],
          [0.993606,0.0,0.112898],
          [12322.8,49.5808,-1249.48]
        ],
        "unit_class": "dynBase_small_factory_square"
      },
      {
        "name": "bdt_t1_bomb_object_09",
        "objLayer": 2,
        "props": {
          "active": true,
          "army": 1
        },
        "tm": [
          [0.112898,0.0,-0.993606],
          [0.0,1.0,0.0],
          [0.993606,0.0,0.112898],
          [9734.6,54.9136,-2051.18]
        ],
        "unit_class": "dynBase_petrol_camp_square"
      },
      {
        "name": "bdt_t1_bomb_object_10",
        "objLayer": 2,
        "props": {
          "active": true,
          "army": 1
        },
        "tm": [
          [0.112898,0.0,-0.993606],
          [0.0,1.0,0.0],
          [0.993606,0.0,0.112898],
          [7002.33,43.7487,-6148.53]
        ],
        "unit_class": "dynBase_petrol_camp_square"
      },
      {
        "name": "bdt_t2_bomb_object_05",
        "objLayer": 2,
        "props": {
          "active": true,
          "army": 2
        },
        "tm": [
          [0.276112,0.0,-0.961125],
          [0.0,1.0,0.0],
          [0.961125,0.0,0.276112],
          [11333.6,25.74,10123.8]
        ],
        "unit_class": "dynBase_petrol_camp_square"
      },
      {
        "name": "bdt_t2_bomb_object_06",
        "objLayer": 2,
        "props": {
          "active": true,
          "army": 2
        },
        "tm": [
          [0.694858,0.0,-0.719147],
          [0.0,1.0,0.0],
          [0.719147,0.0,0.694858],
          [9121.86,28.0703,11957.4]
        ],
        "unit_class": "dynBase_military_base_square"
      },
      {
        "name": "bdt_t2_bomb_object_07",
        "objLayer": 2,
        "props": {
          "active": true,
          "army": 2
        },
        "tm": [
          [0.276112,0.0,-0.961125],
          [0.0,1.0,0.0],
          [0.961125,0.0,0.276112],
          [6565.05,33.9037,13550.1]
        ],
        "unit_class": "dynBase_fuel_storage_square"
      },
      {
        "name": "bdt_t2_bomb_object_08",
        "objLayer": 2,
        "props": {
          "active": true,
          "army": 2
        },
        "tm": [
          [0.764878,0.0,-0.644179],
          [0.0,1.0,0.0],
          [0.644179,0.0,0.764878],
          [-5697.39,33.6031,5053.22]
        ],
        "unit_class": "dynBase_ammunition_storage_square"
      },
      {
        "name": "bdt_t2_bomb_object_09",
        "objLayer": 2,
        "props": {
          "active": true,
          "army": 2
        },
        "tm": [
          [0.764878,0.0,-0.644179],
          [0.0,1.0,0.0],
          [0.644179,0.0,0.764878],
          [-4349.82,21.6381,9103.88]
        ],
        "unit_class": "dynBase_field_camp_square"
      },
      {
        "name": "bdt_t2_bomb_object_10",
        "objLayer": 2,
        "props": {
          "active": true,
          "army": 2
        },
        "tm": [
          [0.764878,0.0,-0.644179],
          [0.0,1.0,0.0],
          [0.644179,0.0,0.764878],
          [-2787.13,24.4024,10116.6]
        ],
        "unit_class": "dynBase_oil_storage_small_square"
      }
    ],
    "squad": [
      {
        "name": "bdt_t1_targets_squad",
        "props": {
          "object_marking": 0,
          "squad_members": [
            "bdt_t1_bomb_zone_01_bomb_target",
            "bdt_t1_bomb_zone_02_bomb_target",
            "bdt_t1_bomb_zone_03_bomb_target",
            "bdt_t1_bomb_zone_04_bomb_target",
            "bdt_t1_bomb_zone_05_bomb_target",
            "bdt_t1_bomb_zone_06_bomb_target",
            "bdt_t1_bomb_zone_07_bomb_target",
            "bdt_t1_bomb_zone_08_bomb_target",
            "bdt_t1_bomb_zone_09_bomb_target",
            "bdt_t1_bomb_zone_10_bomb_target"
          ]
        },
        "tm": [
          [0.606118,0.0,-0.795375],
          [0.0,1.0,0.0],
          [0.795375,0.0,0.606118],
          [2914.87,720.229,-22617.2]
        ]
      },
      {
        "name": "bdt_t2_targets_squad",
        "props": {
          "object_marking": 0,
          "squad_members": [
            "bdt_t2_bomb_zone_01_bomb_target",
            "bdt_t2_bomb_zone_02_bomb_target",
            "bdt_t2_bomb_zone_03_bomb_target",
            "bdt_t2_bomb_zone_04_bomb_target",
            "bdt_t2_bomb_zone_05_bomb_target",
            "bdt_t2_bomb_zone_06_bomb_target",
            "bdt_t2_bomb_zone_07_bomb_target",
            "bdt_t2_bomb_zone_08_bomb_target",
            "bdt_t2_bomb_zone_09_bomb_target",
            "bdt_t2_bomb_zone_10_bomb_target"
          ]
        },
        "tm": [
          [0.258624,0.0,-0.965976],
          [0.0,1.0,0.0],
          [0.965976,0.0,0.258624],
          [2940.03,33.4096,11594.7]
        ]
      },
      {
        "name": "bdt_t2_aaa_squad",
        "props": {
          "object_marking": 0,
          "squad_members": "bdt_t2_aaa"
        },
        "tm": [
          [-0.981701,0.0,0.190426],
          [0.0,1.0,0.0],
          [-0.190426,0.0,-0.981701],
          [12407.4,26.8869,12304.1]
        ]
      },
      {
        "name": "bdt_t1_aaa_squad",
        "props": {
          "object_marking": 0,
          "squad_members": "bdt_t1_aaa"
        },
        "tm": [
          [-0.981701,0.0,0.190426],
          [0.0,1.0,0.0],
          [-0.190426,0.0,-0.981701],
          [10768.6,24.3057,12399.1]
        ]
      }
    ],
    "structures": [
      {
        "applyAllMods": false,
        "bullets0": "",
        "bullets1": "",
        "bullets2": "",
        "bullets3": "",
        "bulletsCount0": 0,
        "bulletsCount1": 0,
        "bulletsCount2": 0,
        "bulletsCount3": 0,
        "closed_waypoints": false,
        "crewSkillK": 0.0,
        "isShipSpline": false,
        "name": "bdt_t2_bomb_zone_01_bomb_target",
        "objLayer": 2,
        "props": {
          "army": 2,
          "attack_type": "fire_at_will",
          "count": 1,
          "formation_div": 3,
          "formation_noise": [0.1,0.1],
          "formation_step": [2.5,2.0],
          "formation_type": "rows",
          "isDelayed": false,
          "setStealth": true,
          "stealthRadius": 0.0,
          "targetableByAi": false,
          "uniqueName": ""
        },
        "shipTurnRadius": 100.0,
        "tm": [
          [-0.325103,0.0,-0.945676],
          [0.0,1.0,0.0],
          [0.945676,0.0,-0.325103],
          [6731.18,36.7516,12501.6]
        ],
