{
  "airfields": {},
  "areas": {
    "heli_4000": {
      "objLayer": 4,
      "props": {},
      "tm": [
        [-889.288,0.0,-7950.42],
        [0.0,8000.0,0.0],
        [7950.42,0.0,-889.288],
        [1296.25,538.865,984.062]
      ],
      "type": "Sphere"
    }
  },
  "bin_dump_file": "",
  "dialogs": {},
  "effects": {},
  "imports": {
    "import_record": {
      "excludes": {},
      "file": "gameData/missions/cta/tanks/korea/airfields/template_korea_airfields_low_ranks.blk",
      "importAreas": true,
      "importMissionObjectives": true,
      "importTriggers": true,
      "importUnits": true,
      "importWayPoints": true,
      "showAreas": true,
      "showMissionObjectives": true,
      "showTriggers": true,
      "showUnits": true,
      "showWayPoints": true
    }
  },
  "mission_objectives": {
    "isCategory": true,
    "is_enabled": true
  },
  "mission_settings": {
    "mission": {
      "environment": "Day",
      "level": "levels/water.bin",
      "type": "singleMission",
      "weather": "hazy"
    },
    "player": {
      "army": 1
    },
    "player_teamB": {
      "army": 2
    }
  },
  "objLayers": {
    "layer": [
      {
        "enabled": true
      },
      {
        "enabled": true
      },
      {
        "enabled": true
      },
      {
        "enabled": true
      },
      {
        "enabled": true
      }
    ]
  },
  "selected_tag": "",
  "triggers": {
    "isCategory": true,
    "is_enabled": true
  },
  "units": {
    "air_defence": [
      {
        "bullets0": "",
        "bullets1": "",
        "bullets2": "",
        "bullets3": "",
        "bulletsCount0": 0,
        "bulletsCount1": 0,
        "bulletsCount2": 0,
        "bulletsCount3": 0,
        "closed_waypoints": false,
        "crewSkillK": 0.0,
        "isShipSpline": false,
        "name": "t2_helipad_defence_01",
        "objLayer": 1,
        "props": {
          "army": 2,
          "attack_type": "fire_at_will",
          "count": 1,
          "formation_div": 3,
          "formation_noise": [0.1,0.1],
          "formation_step": [2.5,2.0],
          "formation_type": "rows",
          "uniqueName": ""
        },
        "shipTurnRadius": 100.0,
        "tm": [
          [-0.927795,0.0,0.373091],
          [0.0,1.0,0.0],
          [-0.373091,0.0,-0.927795],
          [5087.04,455.45,-353.047]
        ],
        "unit_class": "germ_20mm_flak38_longrange_helipad",
        "way": {},
        "weapons": ""
      },
      {
        "bullets0": "",
        "bullets1": "",
        "bullets2": "",
        "bullets3": "",
        "bulletsCount0": 0,
        "bulletsCount1": 0,
        "bulletsCount2": 0,
        "bulletsCount3": 0,
        "closed_waypoints": false,
        "crewSkillK": 0.0,
        "isShipSpline": false,
        "name": "t2_helipad_defence_02",
        "objLayer": 1,
        "props": {
          "army": 2,
          "attack_type": "fire_at_will",
          "count": 1,
          "formation_div": 3,
          "formation_noise": [0.1,0.1],
          "formation_step": [2.5,2.0],
          "formation_type": "rows",
          "uniqueName": ""
        },
        "shipTurnRadius": 100.0,
        "tm": [
          [-0.927795,0.0,0.373091],
          [0.0,1.0,0.0],
          [-0.373091,0.0,-0.927795],
          [5217.21,455.451,-36.8453]
        ],
        "unit_class": "germ_20mm_flak38_longrange_helipad",
        "way": {},
        "weapons": ""
      },
      {
        "bullets0": "",
        "bullets1": "",
        "bullets2": "",
        "bullets3": "",
        "bulletsCount0": 0,
        "bulletsCount1": 0,
        "bulletsCount2": 0,
        "bulletsCount3": 0,
        "closed_waypoints": false,
        "crewSkillK": 0.0,
        "isShipSpline": false,
        "name": "t2_helipad_defence_03",
        "objLayer": 1,
        "props": {
          "army": 2,
          "attack_type": "fire_at_will",
          "count": 1,
          "formation_div": 3,
          "formation_noise": [0.1,0.1],
          "formation_step": [2.5,2.0],
          "formation_type": "rows",
          "uniqueName": ""
        },
        "shipTurnRadius": 100.0,
        "tm": [
          [-0.927795,0.0,0.373091],
          [0.0,1.0,0.0],
          [-0.373091,0.0,-0.927795],
          [5519.34,455.451,-192.419]
        ],
        "unit_class": "germ_20mm_flak38_helipad",
        "way": {},
        "weapons": ""
      },
      {
        "bullets0": "",
        "bullets1": "",
        "bullets2": "",
        "bullets3": "",
        "bulletsCount0": 0,
        "bulletsCount1": 0,
        "bulletsCount2": 0,
        "bulletsCount3": 0,
        "closed_waypoints": false,
        "crewSkillK": 0.0,
        "isShipSpline": false,
        "name": "t2_helipad_defence_04",
        "objLayer": 1,
        "props": {
          "army": 2,
          "attack_type": "fire_at_will",
          "count": 1,
          "formation_div": 3,
          "formation_noise": [0.1,0.1],
          "formation_step": [2.5,2.0],
          "formation_type": "rows",
          "uniqueName": ""
        },
        "shipTurnRadius": 100.0,
        "tm": [
          [-0.927795,0.0,0.373091],
          [0.0,1.0,0.0],
          [-0.373091,0.0,-0.927795],
          [5380.63,455.451,-483.62]
        ],
        "unit_class": "germ_20mm_flak38_helipad",
        "way": {},
        "weapons": ""
      },
      {
        "bullets0": "",
        "bullets1": "",
        "bullets2": "",
        "bullets3": "",
        "bulletsCount0": 0,
        "bulletsCount1": 0,
        "bulletsCount2": 0,
        "bulletsCount3": 0,
        "closed_waypoints": false,
        "crewSkillK": 0.0,
        "isShipSpline": false,
        "name": "t1_helipad_defence_01",
        "objLayer": 1,
        "props": {
          "army": 1,
          "attack_type": "fire_at_will",
          "count": 1,
          "formation_div": 3,
          "formation_noise": [0.1,0.1],
          "formation_step": [2.5,2.0],
          "formation_type": "rows",
          "uniqueName": ""
        },
        "shipTurnRadius": 100.0,
        "tm": [
          [0.498445,0.0,-0.866921],
          [0.0,1.0,0.0],
          [0.866921,0.0,0.498445],
          [917.959,509.273,5228.04]
        ],
        "unit_class": "germ_20mm_flak38_longrange_helipad",
        "way": {},
        "weapons": ""
      },
      {
        "bullets0": "",
        "bullets1": "",
        "bullets2": "",
        "bullets3": "",
        "bulletsCount0": 0,
        "bulletsCount1": 0,
        "bulletsCount2": 0,
        "bulletsCount3": 0,
        "closed_waypoints": false,
        "crewSkillK": 0.0,
        "isShipSpline": false,
        "name": "t1_helipad_defence_02",
        "objLayer": 1,
        "props": {
          "army": 1,
          "attack_type": "fire_at_will",
          "count": 1,
          "formation_div": 3,
          "formation_noise": [0.1,0.1],
          "formation_step": [2.5,2.0],
          "formation_type": "rows",
          "uniqueName": ""
        },
        "shipTurnRadius": 100.0,
        "tm": [
          [0.498445,0.0,-0.866921],
          [0.0,1.0,0.0],
          [0.866921,0.0,0.498445],
          [850.12,509.273,5561.03]
        ],
        "unit_class": "germ_20mm_flak38_longrange_helipad",
        "way": {},
        "weapons": ""
      },
      {
        "bullets0": "",
        "bullets1": "",
        "bullets2": "",
        "bullets3": "",
        "bulletsCount0": 0,
        "bulletsCount1": 0,
        "bulletsCount2": 0,
        "bulletsCount3": 0,
        "closed_waypoints": false,
        "crewSkillK": 0.0,
        "isShipSpline": false,
        "name": "t1_helipad_defence_03",
        "objLayer": 1,
        "props": {
          "army": 1,
          "attack_type": "fire_at_will",
          "count": 1,
          "formation_div": 3,
          "formation_noise": [0.1,0.1],
          "formation_step": [2.5,2.0],
          "formation_type": "rows",
          "uniqueName": ""
        },
        "shipTurnRadius": 100.0,
        "tm": [
          [0.498445,0.0,-0.866921],
          [0.0,1.0,0.0],
          [0.866921,0.0,0.498445],
          [522.058,509.273,5464.57]
        ],
        "unit_class": "germ_20mm_flak38_helipad",
        "way": {},
        "weapons": ""
      },
      {
        "bullets0": "",
        "bullets1": "",
        "bullets2": "",
        "bullets3": "",
        "bulletsCount0": 0,
        "bulletsCount1": 0,
        "bulletsCount2": 0,
        "bulletsCount3": 0,
        "closed_waypoints": false,
        "crewSkillK": 0.0,
        "isShipSpline": false,
        "name": "t1_helipad_defence_04",
        "objLayer": 1,
        "props": {
          "army": 1,
          "attack_type": "fire_at_will",
          "count": 1,
          "formation_div": 3,
          "formation_noise": [0.1,0.1],
          "formation_step": [2.5,2.0],
          "formation_type": "rows",
          "uniqueName": ""
        },
        "shipTurnRadius": 100.0,
        "tm": [
          [0.498445,0.0,-0.866921],
          [0.0,1.0,0.0],
          [0.866921,0.0,0.498445],
          [604.057,509.273,5153.88]
        ],
        "unit_class": "germ_20mm_flak38_helipad",
        "way": {},
        "weapons": ""
      }
    ],
    "objectGroups": [
      {
        "name": "t1_helipad",
        "objLayer": 2,
        "props": {
          "active": true,
          "army": 1,
          "isDelayed": true
        },
        "tm": [
          [-0.141788,0.0,0.989897],
          [0.0,1.0,0.0],
          [-0.989897,0.0,-0.141788],
          [721.086,498.562,5361.63]
        ],
        "unit_class": "dynHelipad_beton_a_ussr"
      },
      {
        "name": "t1_helipad_farspawn",
        "objLayer": 2,
        "props": {
          "active": true,
          "army": 1,
          "isDelayed": true
        },
        "tm": [
          [0.506638,0.0,0.86216],
          [0.0,1.0,0.0],
          [-0.86216,0.0,0.506638],
          [2668.6,492.569,8394.25]
        ],
        "unit_class": "dynHelipad_beton_b_ussr"
      },
      {
        "name": "t2_helipad",
        "objLayer": 2,
        "props": {
          "active": true,
          "army": 2,
          "isDelayed": true
        },
        "tm": [
          [0.848737,0.0,-0.528814],
          [0.0,1.0,0.0],
          [0.528814,0.0,0.848737],
          [5298.73,472.35,-253.755]
        ],
        "unit_class": "dynHelipad_beton_a_usa"
      },
      {
        "name": "t2_helipad_farspawn",
        "objLayer": 2,
        "props": {
          "active": true,
          "army": 2,
          "isDelayed": true
        },
        "tm": [
          [0.829367,0.0,-0.558705],
          [0.0,1.0,0.0],
          [0.558705,0.0,0.829367],
          [7527.1,507.295,-1688.44]
        ],
        "unit_class": "dynHelipad_beton_b_usa"
      }
    ],
    "squad": [
      {
        "name": "t2_helipad_aaa_squad",
        "props": {
          "object_marking": 0,
          "squad_members": [
            "t2_helipad_defence_04",
            "t2_helipad_defence_01",
            "t2_helipad_defence_02",
            "t2_helipad_defence_03"
          ]
        },
        "tm": [
          [0.626064,0.0,0.779772],
          [0.0,1.0,0.0],
          [-0.779772,0.0,0.626064],
          [5301.06,455.451,-266.482]
        ]
      },
      {
        "name": "t1_helipad_aaa_squad",
        "props": {
          "object_marking": 0,
          "squad_members": [
            "t1_helipad_defence_03",
            "t1_helipad_defence_02",
            "t1_helipad_defence_01",
            "t1_helipad_defence_04"
          ]
        },
        "tm": [
          [1.0,0.0,0.0],
          [0.0,1.0,0.0],
          [0.0,0.0,1.0],
          [723.548,509.273,5351.88]
        ]
      }
    ]
  },
  "variables": {},
  "wayPoints": {}
}